   -0.11761177
    0.08195918
   -0.04096046
   -0.02162651
   -0.04261218
    0.04965311
    0.05082009
    0.05611402
    0.04541807
    0.07914331
   -0.12149548
    0.04448612
   -0.04423760
   -0.02267867
   -0.04391338
    0.04599730
    0.05262082
    0.07107275
   -0.15746515
    0.09524617
    0.40396361
   -0.41087297
    0.13065878
   -0.12132386
    0.05370172
    0.04588035
    0.05056363
   -0.10930226
    0.04831563
    0.04103559
    0.02833170
    0.13094556
   -0.40178762
   -0.12001209
    0.04932157
    0.04705217
    0.04972982
   -0.11957133
    0.04740371
    0.05296838
    0.04575250
    0.40433266
   -0.38331632
    0.12835531
   -0.12721255
    0.05654237
    0.05684836
    0.05039674
   -0.12128046
    0.04915087
    0.04576692
    0.05222533
    0.12751420
   -0.38428296
   -0.12343667
    0.05294223
    0.05349936
    0.04898781
   -0.12489221
    0.04853108
    0.05357346
    0.04930913
    0.39921030
   -0.38014738
    0.12527740
   -0.13025368
    0.05852355
    0.05446265
    0.04993225
   -0.12890795
    0.06031350
    0.05076050
    0.05144101
    0.12690146
   -0.38300294
   -0.12401237
    0.05089352
    0.05325950
    0.05466643
   -0.12216613
    0.03935465
    0.05052889
    0.05459798
    0.05322503
    0.05155210
   -0.06235268
    0.08779088
    0.04578048
   -0.21496512
   -0.04107878
   -0.27720948
    0.05279202
    0.12119252
   -0.08673621
   -0.13121256
    0.05520389
    0.03259042
    0.21784316
   -0.13312904
    0.06494795
    0.06766442
    0.06822889
