           1           2   1.31269871144383     
           2           3   1.35302045017051     
           3           4   1.47926961816142     
           4           5   1.38635009210153     
           1           6   1.38863147011126     
           3           6  0.105682034818957     
           5           6   1.45800438304032     
           6           7  0.956902165782469     
           5           8  0.968422292824724     
           3           9  0.962206590628548     
           2          10   1.08604679165825     
          10          11   1.30728795251955     
          11          12   1.38978593910535     
          12          13   1.45334261361726     
          13          14   1.38970657422097     
          10          15   1.35722460090071     
          12          15  0.104820641706644     
          14          15   1.47488961070736     
          15          16  0.962057602214618     
          13          17  0.968775386166742     
          12          18  0.949299547300119     
           1          19  0.437832861462774     
          11          19  0.443927134734605     
          19          20  0.538157450017316     
          19          21  0.733937743929407     
          21          22   1.08839457110283     
          22          23  0.942019137795575     
          23          24  0.996636961737037     
          24          25  0.982670756452500     
          24          26  0.983525066358498     
          24          27  0.983288711869444     
          23          28  0.989904532666354     
          28          29  0.984002679468907     
          28          30  0.984035529952607     
          28          31  0.985435833211065     
          23          32  0.941194788509172     
          21          33   1.11428681897886     
          32          33  0.938651322312661     
          32          34  0.990807505713408     
          34          35  0.982368942769789     
          34          36  0.983589681340416     
          34          37  0.982234857665726     
          32          38  0.996732118105534     
          38          39  0.983154938916877     
          38          40  0.982613365950650     
          38          41  0.983677825555969     
          19          42  0.848785825472641     
          42          43   1.11985833284751     
          43          44  0.934924203469099     
          44          45  0.996498840208942     
          45          46  0.981910349490872     
          45          47  0.981489816139979     
          45          48  0.983020858264684     
          44          49  0.991190659846456     
          49          50  0.983220134143179     
          49          51  0.982717018875477     
          49          52  0.979553889697667     
          44          53  0.937926424257232     
          42          54   1.10999641359626     
          53          54  0.933816405430766     
          53          55  0.995845711838863     
          55          56  0.982353276652513     
          55          57  0.982795287946081     
          55          58  0.983092751305675     
          53          59  0.991983606107987     
          59          60  0.981931087734179     
          59          61  0.982766643874243     
          59          62  0.983006094521892     
          19          63  0.862141994762531     
          63          64   1.11135245674030     
          64          65  0.938041953219066     
          65          66  0.991134230305132     
          66          67  0.978191393478050     
          66          68  0.982474137931614     
          66          69  0.983050212066446     
          65          70  0.996263026042608     
          70          71  0.982013743973641     
          70          72  0.983433161813639     
          70          73  0.982295095939917     
          65          74  0.937721437320920     
          63          75   1.11691675560325     
          74          75  0.935709772894988     
          74          76  0.995826384462226     
          76          77  0.982871454222912     
          76          78  0.982312624307390     
          76          79  0.981923392989360     
          74          80  0.991423868460633     
          80          81  0.983748799453263     
          80          82  0.983164639436142     
          80          83  0.983245279724968     
           4          84  0.968736286095490     
          14          85  0.968757907325192     
          19          86  0.580640898331644     
          20          86  0.344648278691059     
          86          87   1.41290980393990     
          86          88   1.30779208188088     
          87          89  0.930241425544443     
          87          90   1.30780576969467     
          88          91   1.46779299439423     
          88          92  0.950650521219907     
          90          93   1.20773270484641     
          91          93   1.33348109509635     
          90          94   1.23288962056602     
          93          95   1.19655021902656     
          94          96   1.56594126348494     
          95          96   1.18000039621572     
          94          97  0.972811933627825     
          95          98  0.923200172746439     
          96          99   1.03391301756674     
          99         100  0.982139291710670     
          99         101  0.968234825422107     
          99         102  0.966729717238815     
