   -0.12583889
    0.08127306
   -0.04039022
   -0.02125909
   -0.04273373
    0.04835077
    0.05160507
    0.05565290
    0.04644442
    0.07468443
   -0.11822556
    0.04441954
   -0.04463376
   -0.02447097
   -0.04560940
    0.04842742
    0.05174684
    0.06997613
   -0.15256103
    0.09242869
    0.40146143
   -0.40737344
    0.13017451
   -0.12126576
    0.05343454
    0.04543834
    0.05078663
   -0.11110189
    0.04802390
    0.04294873
    0.03013194
    0.13111857
   -0.40345667
   -0.12017358
    0.05147637
    0.04629772
    0.04766832
   -0.11915684
    0.04731459
    0.05157348
    0.04548916
    0.40661121
   -0.38113938
    0.12871820
   -0.12302025
    0.05152522
    0.05591567
    0.04821698
   -0.12097641
    0.04788551
    0.04502524
    0.05367290
    0.12772892
   -0.38212812
   -0.12312488
    0.05362858
    0.05321645
    0.04760757
   -0.11983547
    0.04412873
    0.04993267
    0.04953610
    0.39846855
   -0.37712480
    0.12538780
   -0.12720325
    0.05573006
    0.05295633
    0.04811451
   -0.12918751
    0.05974926
    0.04962629
    0.05292858
    0.12701832
   -0.38469341
   -0.12354378
    0.05003325
    0.05314527
    0.05352833
   -0.12291537
    0.04060747
    0.05097564
    0.05412690
    0.05248117
    0.05106413
   -0.03065111
    0.01486281
   -0.04988732
   -0.04776682
   -0.11396032
    0.08642025
    0.06228555
   -0.05478694
    0.04633341
    0.05018077
    0.05680079
    0.03969017
   -0.22486877
    0.05085171
