           1           2   1.30845740991599     
           2           3   1.35503415158906     
           3           4   1.47735511783758     
           4           5   1.38770636143339     
           1           6   1.38970461924071     
           3           6  0.104906311460015     
           5           6   1.45619632041314     
           6           7  0.957332823155120     
           5           8  0.968514301908313     
           3           9  0.962190473290571     
           2          10   1.08644896613752     
          10          11   1.30476894703668     
          11          12   1.38900980304421     
          12          13   1.45414537427783     
          13          14   1.38896605937817     
          10          15   1.35819855493454     
          12          15  0.104626345012016     
          14          15   1.47418358053249     
          15          16  0.961958413116922     
          13          17  0.968889392152802     
          12          18  0.951433289879186     
           1          19  0.419405442404921     
          11          19  0.446602847525133     
          19          20  0.523353951927618     
          19          21  0.727657366781879     
          21          22   1.09135342418098     
          22          23  0.942203684530348     
          23          24  0.996464077621698     
          24          25  0.982599752154814     
          24          26  0.983618206252792     
          24          27  0.983217518840845     
          23          28  0.989946068907469     
          28          29  0.983984388272222     
          28          30  0.983793487254767     
          28          31  0.985399674961562     
          23          32  0.940993349118999     
          21          33   1.11209703807128     
          32          33  0.939111375498849     
          32          34  0.990841415600929     
          34          35  0.981364097807100     
          34          36  0.983611947790386     
          34          37  0.982199586987013     
          32          38  0.996697263287639     
          38          39  0.983048669166052     
          38          40  0.982508923949157     
          38          41  0.983633901605569     
          19          42  0.845770887161480     
          42          43   1.11936106004479     
          43          44  0.936958849619602     
          44          45  0.996113319532127     
          45          46  0.982092339367745     
          45          47  0.981611988772188     
          45          48  0.983277438465513     
          44          49  0.991288362697035     
          49          50  0.983192977761579     
          49          51  0.982610407572911     
          49          52  0.978768982187478     
          44          53  0.936573768677081     
          42          54   1.11234360962391     
          53          54  0.935943167790005     
          53          55  0.995373221025825     
          55          56  0.981939987611277     
          55          57  0.982798340226645     
          55          58  0.983100467529442     
          53          59  0.992377327983480     
          59          60  0.981495287612502     
          59          61  0.983118274954768     
          59          62  0.982948209227334     
          19          63  0.861208188562412     
          63          64   1.11135293321773     
          64          65  0.940413707330616     
          65          66  0.991002391554554     
          66          67  0.978827650511945     
          66          68  0.982617121400277     
          66          69  0.983254345961898     
          65          70  0.995881720394432     
          70          71  0.982060311811700     
          70          72  0.983600758664335     
          70          73  0.982172967944342     
          65          74  0.937682241211131     
          63          75   1.11255250522465     
          74          75  0.936266657497513     
          74          76  0.996210985870357     
          76          77  0.982837546757798     
          76          78  0.982125117707728     
          76          79  0.982275866408662     
          74          80  0.991368287468134     
          80          81  0.983546290801364     
          80          82  0.983140918555899     
          80          83  0.983234417625439     
           4          84  0.968843508017873     
          14          85  0.968853972353599     
          19          86  0.582175242949592     
          20          86  0.354888626695845     
          86          87   1.36727738651878     
          86          88   1.36905730511448     
          87          89   1.40021439617893     
          88          89  0.102084765869530     
          87          90   1.02176253162959     
          88          91   1.42618069607063     
          88          92  0.953940719469841     
          89          93   1.44341427847707     
          91          93   1.38917915867604     
          89          94  0.965708285792078     
          90          95  0.976406044869899     
          90          96  0.970849279984577     
          90          97  0.969650326774434     
          91          98  0.933223010004574     
          93          99  0.967552181363949     
