           1           2   1.44686685646062     
           2           3   1.39305349750027     
           3           4  0.962452214198787     
           4           5   1.59247638475759     
           4           6   1.30461799504082     
           5           6  0.203312060557130     
           6           7  0.979607429023011     
           7           8   1.00769581679493     
           6           9  0.976903038933011     
           9          10   1.00808137090932     
           1          11  0.100178451096836     
           3          11   1.40096302905513     
           2          12  0.111302644940082     
          11          12   1.43841648875747     
           1          13   1.43746707122404     
           3          13  0.111141247959526     
          12          13   1.42393180708066     
           1          14  0.967948885326814     
           2          15  0.967835775204504     
           7          16  0.956866659777325     
           7          17  0.968481642196616     
           8          18  0.987038180674152     
           8          19  0.982933173609233     
           8          20  0.985302309887929     
           9          21  0.966988265523658     
           9          22  0.969625403855493     
          10          23  0.987090972754351     
          10          24  0.983039862673585     
          10          25  0.984556176702497     
          12          26  0.962001434673449     
          13          27  0.968582303055346     
