   -0.12320102
    0.08416992
   -0.03791081
   -0.01918421
   -0.04205214
    0.04890796
    0.05380954
    0.06063292
    0.05312513
    0.08068786
   -0.13070246
    0.04227657
   -0.04384330
   -0.02182911
   -0.04050731
    0.05199162
    0.05670108
    0.07827105
   -0.15658667
    0.09391337
    0.40739566
   -0.40696985
    0.13011198
   -0.12219484
    0.05412761
    0.04670131
    0.05247900
   -0.11009815
    0.04984366
    0.04256311
    0.02700438
    0.13054724
   -0.40134162
   -0.12204748
    0.05189378
    0.04777757
    0.05091930
   -0.12098249
    0.04749605
    0.05469508
    0.04701311
    0.40469668
   -0.38256272
    0.12852187
   -0.12673999
    0.05543331
    0.05710917
    0.05143246
   -0.12275050
    0.05037375
    0.04731124
    0.05239013
    0.12774660
   -0.38153593
   -0.12539163
    0.05471929
    0.05536812
    0.04993743
   -0.12402581
    0.04461957
    0.05464201
    0.05114679
    0.40437411
   -0.37844869
    0.12499498
   -0.13139017
    0.05943407
    0.05480228
    0.05196772
   -0.12959855
    0.06117440
    0.05201972
    0.05197704
    0.12713509
   -0.37803419
   -0.12496976
    0.05235675
    0.05463771
    0.05585209
   -0.12234367
    0.04038813
    0.04978427
    0.05598680
    0.05908212
    0.05579140
   -0.03012060
    0.00263429
   -0.05896032
   -0.08113288
    0.11449728
    0.03869258
    0.04968063
   -0.33132829
   -0.12470409
    0.06458321
    0.07012721
    0.07101109
