           1           2   1.32326453255870     
           2           3   1.35303794217323     
           3           4   1.47891651968063     
           4           5   1.39046054061121     
           1           6   1.39120497999435     
           3           6  0.106304087229871     
           5           6   1.45620422186588     
           6           7  0.956987858255277     
           5           8  0.967832343308572     
           3           9  0.960970246537403     
           2          10   1.08320595495828     
          10          11   1.31272417819770     
          11          12   1.38660274823646     
          12          13   1.45393492360689     
          13          14   1.39265808881449     
          10          15   1.35914518377205     
          12          15  0.104846808713235     
          14          15   1.47295284923027     
          15          16  0.960924090295658     
          13          17  0.968244303776781     
          12          18  0.946690355261739     
           1          19  0.428527648037645     
          11          19  0.424564431763164     
          19          20  0.555685636612689     
          19          21  0.729410863883194     
          21          22   1.09923095986963     
          22          23  0.939630976163421     
          23          24  0.996673838325339     
          24          25  0.982559416493614     
          24          26  0.983371636636536     
          24          27  0.983028704234012     
          23          28  0.990488516975593     
          28          29  0.983739890248087     
          28          30  0.983892551500227     
          28          31  0.985013833725079     
          23          32  0.941048144714653     
          21          33   1.11603854866668     
          32          33  0.936196141755555     
          32          34  0.991197797866618     
          34          35  0.981297592861536     
          34          36  0.983356523502665     
          34          37  0.981752074770018     
          32          38  0.997239613642178     
          38          39  0.983007433000036     
          38          40  0.982631509484854     
          38          41  0.983475275694466     
          19          42  0.857964304090103     
          42          43   1.11939081011118     
          43          44  0.933454143512303     
          44          45  0.997060806191286     
          45          46  0.982242853824529     
          45          47  0.981684466725233     
          45          48  0.982817519210656     
          44          49  0.991213758828347     
          49          50  0.983186975033525     
          49          51  0.982071935778240     
          49          52  0.979571814178256     
          44          53  0.939486532123575     
          42          54   1.11237982673985     
          53          54  0.931668214373950     
          53          55  0.996661294711773     
          55          56  0.982267990770932     
          55          57  0.982585983718729     
          55          58  0.982906257064256     
          53          59  0.991671355970226     
          59          60  0.982358139854472     
          59          61  0.982760359876223     
          59          62  0.982995665472365     
          19          63  0.855537924816540     
          63          64   1.11201773170342     
          64          65  0.935437969723392     
          65          66  0.991347802571195     
          66          67  0.978799433238037     
          66          68  0.982479735466323     
          66          69  0.982859432628165     
          65          70  0.996750440522099     
          70          71  0.981852702304080     
          70          72  0.983173546987984     
          70          73  0.982256508427766     
          65          74  0.938152350306185     
          63          75   1.12524463462363     
          74          75  0.933452923521018     
          74          76  0.996066265480975     
          76          77  0.982707295512866     
          76          78  0.982017625676177     
          76          79  0.981215330224245     
          74          80  0.991488360673173     
          80          81  0.984038772044411     
          80          82  0.983045618472581     
          80          83  0.983011606644842     
           4          84  0.968033338752915     
          14          85  0.968254601802261     
          19          86  0.595927960244534     
          20          86  0.330114324969442     
          86          87   1.44748161792925     
          86          88   1.24414651054695     
          87          89   1.03160604194245     
          87          90   1.18326623306957     
          88          91   1.59280444362054     
          89          91   1.15494019575330     
          88          92  0.954029289996663     
          90          93   2.69465942875790     
          91          94   1.03869187251577     
          94          95  0.977574402985196     
          94          96  0.970496931456207     
          94          97  0.962501587199615     
