   -0.11986965
    0.07467994
   -0.04258667
   -0.02458678
   -0.04480665
    0.04756380
    0.04916095
    0.05090380
    0.04141130
    0.07079969
   -0.11789893
    0.04260516
   -0.04701311
   -0.02621341
   -0.04621129
    0.04126812
    0.04737126
    0.07453731
   -0.17297686
    0.09514824
    0.40234656
   -0.41543138
    0.13123170
   -0.11935717
    0.05170759
    0.04314246
    0.04907119
   -0.10658165
    0.04515722
    0.03925205
    0.02705246
    0.13125703
   -0.40592526
   -0.11723868
    0.04597852
    0.04460739
    0.04851969
   -0.11837695
    0.04659656
    0.05168222
    0.04336091
    0.40421525
   -0.38491637
    0.12869032
   -0.12490620
    0.05393212
    0.05580591
    0.04809805
   -0.12068047
    0.04720110
    0.04391476
    0.05279543
    0.12801809
   -0.38246242
   -0.12341343
    0.05375132
    0.05412028
    0.04707269
   -0.11502169
    0.03874684
    0.04750301
    0.04548911
    0.39938851
   -0.37847859
    0.12497215
   -0.12969266
    0.05815660
    0.05374455
    0.04852318
   -0.12850450
    0.06036526
    0.04930467
    0.05127005
    0.12695335
   -0.38534319
   -0.12225392
    0.04915248
    0.05127714
    0.05304370
   -0.12083741
    0.03915470
    0.04823070
    0.05294865
    0.04763548
    0.04522171
   -0.05248959
   -0.06726026
   -0.03409378
   -0.03547348
    0.00595963
   -0.00114467
    0.03060798
    0.02746213
   -0.02757012
    0.09346765
    0.08144244
    0.08771424
   -0.24899237
   -0.04491857
    0.05448160
   -0.01427659
    0.04756675
   -0.04653191
    0.04674757
    0.04573543
    0.04804092
