           1           2   1.29742766513450     
           2           3   1.34495031324768     
           3           4   1.48794016125947     
           4           5   1.37200959622607     
           1           6   1.37847210161311     
           3           6  0.105695963825998     
           5           6   1.46880912887131     
           6           7  0.956875014878195     
           5           8  0.969009155061607     
           3           9  0.962469994170037     
           2          10   1.09976646601833     
          10          11   1.29601316919846     
          11          12   1.37961335776034     
          12          13   1.46417790957597     
          13          14   1.37524343772139     
          10          15   1.34662714105319     
          12          15  0.105592981148317     
          14          15   1.48535649562006     
          15          16  0.962428022455148     
          13          17  0.969338512547287     
          12          18  0.948255973977360     
           1          19  0.470374479662993     
          11          19  0.463143699276669     
          19          20  0.553496390050853     
          19          21  0.712445268449219     
          21          22   1.08206607376867     
          22          23  0.945453094713552     
          23          24  0.996393124631935     
          24          25  0.982928791642052     
          24          26  0.983877868943274     
          24          27  0.983480352996535     
          23          28  0.989425900350863     
          28          29  0.984343166319344     
          28          30  0.984204071138899     
          28          31  0.985408311779971     
          23          32  0.941285838524185     
          21          33   1.10584174848968     
          32          33  0.941785455614555     
          32          34  0.990514911174682     
          34          35  0.983332593611140     
          34          36  0.983958452006047     
          34          37  0.982498388028403     
          32          38  0.996431206111489     
          38          39  0.983259881958778     
          38          40  0.982966283916528     
          38          41  0.983980832167063     
          19          42  0.864572390752682     
          42          43   1.10951415347966     
          43          44  0.938482415995814     
          44          45  0.996434390641283     
          45          46  0.982437140488496     
          45          47  0.981851146752606     
          45          48  0.983361494719315     
          44          49  0.990439956634179     
          49          50  0.983675598305473     
          49          51  0.982579764891896     
          49          52  0.979178334078138     
          44          53  0.939185615610049     
          42          54   1.10163225044342     
          53          54  0.938670444922181     
          53          55  0.996053345878574     
          55          56  0.982498950154459     
          55          57  0.982864932181768     
          55          58  0.983463030937873     
          53          59  0.990791431335043     
          59          60  0.982854927204075     
          59          61  0.983667445285580     
          59          62  0.982352042572571     
          19          63  0.871887778596412     
          63          64   1.10982867867526     
          64          65  0.940377981352290     
          65          66  0.990980073936411     
          66          67  0.978610381556897     
          66          68  0.982631369200298     
          66          69  0.983271555202401     
          65          70  0.996136757223855     
          70          71  0.982049905666093     
          70          72  0.983619784365503     
          70          73  0.982366824751869     
          65          74  0.937403206421998     
          63          75   1.10927408544015     
          74          75  0.939106187289560     
          74          76  0.995439634956323     
          76          77  0.983273919705058     
          76          78  0.982691073736666     
          76          79  0.981704262145478     
          74          80  0.990789069542910     
          80          81  0.983819848366690     
          80          82  0.983444556650796     
          80          83  0.983529621503492     
           4          84  0.969374019972454     
          14          85  0.969436040905472     
          19          86  0.602612180808686     
          20          86  0.328745703712297     
          86          87   1.28428065214237     
          86          88   1.49593897127016     
          87          89   1.54113202571261     
          88          89  0.131438278403010     
          87          90  0.971439385570440     
          88          91   1.21685729031555     
          89          91   1.21316128869177     
          88          92  0.966172572688336     
          89          93  0.968478150227016     
          91          94  0.996725143365515     
          94          95  0.989570389336014     
          94          96  0.946972036668157     
          94          97  0.958897720769914     
          95          98   1.41147802081965     
          95          99   1.39783936037128     
          98         100   1.43708000336319     
          99         100  0.114899237353614     
          98         101  0.101000541893850     
          99         101   1.44874525800412     
          99         102  0.966109504897094     
          95         103  0.110546367669009     
         100         103   1.42890661819691     
         101         103   1.43562997745842     
         100         104  0.962926828876917     
         101         105  0.969070117953599     
         103         106  0.969451314061113     
