   -0.12226688
    0.07644639
   -0.04258123
   -0.02360823
   -0.04447244
    0.04759813
    0.05158239
    0.05343815
    0.04428231
    0.07362779
   -0.12217524
    0.04169930
   -0.04582550
   -0.02456229
   -0.04539829
    0.04337805
    0.04903791
    0.07468413
   -0.15743331
    0.08158943
    0.40115593
   -0.41353883
    0.13116487
   -0.12076724
    0.05298010
    0.04431884
    0.04982018
   -0.10774661
    0.04634718
    0.03954499
    0.02819974
    0.13084499
   -0.40367053
   -0.11818202
    0.04532550
    0.04644722
    0.04956327
   -0.11897255
    0.04682097
    0.05257711
    0.04443535
    0.40517588
   -0.37947844
    0.12793927
   -0.12750286
    0.05522626
    0.05766580
    0.04984442
   -0.12219749
    0.04871903
    0.04520096
    0.05252431
    0.12753893
   -0.38476791
   -0.12428024
    0.05269795
    0.05445035
    0.04867488
   -0.12267358
    0.04286428
    0.05350644
    0.04898273
    0.39917124
   -0.37473087
    0.12514775
   -0.12877607
    0.05697281
    0.05449096
    0.04915497
   -0.12947620
    0.06050443
    0.05016689
    0.05239694
    0.12619936
   -0.38480483
   -0.12376064
    0.05010507
    0.05202049
    0.05381948
   -0.12291350
    0.03951446
    0.05135303
    0.05368237
    0.05022078
    0.04786321
   -0.02859770
   -0.03403576
   -0.04287740
   -0.02896547
    0.02353094
   -0.05498456
    0.04851067
    0.02415497
   -0.02748566
    0.03398433
    0.08710654
    0.02617771
   -0.04520188
   -0.33890066
   -0.05459920
   -0.00274247
    0.02673543
    0.55585765
   -0.04711325
    0.03314503
   -0.06042498
   -0.21640721
   -0.21408284
   -0.21646785
    0.03282211
   -0.10411779
    0.03715086
    0.03456726
    0.04773736
    0.03899581
    0.04427372
    0.04174431
    0.04754024
    0.03964443
    0.04512483
    0.04358251
    0.03852693
    0.03740697
    0.03903750
    0.03550447
