           1           2   1.30428437082631     
           2           3   1.34687465969686     
           3           4   1.48568566069281     
           4           5   1.37727696692878     
           1           6   1.38378207342441     
           3           6  0.105903344152753     
           5           6   1.46452401531824     
           6           7  0.956349206500241     
           5           8  0.968745735263592     
           3           9  0.961950017647470     
           2          10   1.09568725424261     
          10          11   1.30096940913260     
          11          12   1.38339302164802     
          12          13   1.46087609169895     
          13          14   1.37946322867169     
          10          15   1.34854248773259     
          12          15  0.105562735660111     
          14          15   1.48324455469780     
          15          16  0.961923490596885     
          13          17  0.969167009783914     
          12          18  0.947705080864917     
           1          19  0.452796204813031     
          11          19  0.446427322861983     
          19          20  0.541172758601063     
          19          21  0.710879998367735     
          21          22   1.08477284911598     
          22          23  0.944047788334652     
          23          24  0.996604093704128     
          24          25  0.982740416447942     
          24          26  0.983699030597441     
          24          27  0.983396531562414     
          23          28  0.989618552972574     
          28          29  0.984113224734780     
          28          30  0.983985888685694     
          28          31  0.985119179605718     
          23          32  0.941277951951677     
          21          33   1.11013868509332     
          32          33  0.940519927485356     
          32          34  0.990705655787567     
          34          35  0.983853149436778     
          34          36  0.983840250951708     
          34          37  0.982836472318090     
          32          38  0.996318535630535     
          38          39  0.983233103896394     
          38          40  0.982569550748018     
          38          41  0.983782873203653     
          19          42  0.851819188043764     
          42          43   1.12111247966724     
          43          44  0.936999682214662     
          44          45  0.996280943763110     
          45          46  0.982179303049065     
          45          47  0.981633603090504     
          45          48  0.983249962469418     
          44          49  0.990843787483102     
          49          50  0.983369212489909     
          49          51  0.983039050239644     
          49          52  0.979723553869692     
          44          53  0.938527682648057     
          42          54   1.10259164905050     
          53          54  0.935877802639685     
          53          55  0.996382683880366     
          55          56  0.982539952304281     
          55          57  0.982745841795021     
          55          58  0.983163720208315     
          53          59  0.991126886209711     
          59          60  0.981568802092678     
          59          61  0.983069493967135     
          59          62  0.982887870547916     
          19          63  0.869653712994170     
          63          64   1.11764775679720     
          64          65  0.939437235013086     
          65          66  0.991186445817310     
          66          67  0.979116392026284     
          66          68  0.982487029101852     
          66          69  0.983179817799472     
          65          70  0.996230905552344     
          70          71  0.981983860163795     
          70          72  0.983487019580188     
          70          73  0.982196190605348     
          65          74  0.937386284764455     
          63          75   1.10814039488154     
          74          75  0.937898969098095     
          74          76  0.995672901699992     
          76          77  0.983111475406914     
          76          78  0.982737539621077     
          76          79  0.982491963498266     
          74          80  0.991048029563348     
          80          81  0.983223149896149     
          80          82  0.983142301102021     
          80          83  0.983351232119353     
           4          84  0.969079203706534     
          14          85  0.969154086450935     
          19          86  0.602288486252445     
          20          86  0.332183421831192     
          86          87   1.43080150524876     
          86          88   1.32783735401721     
          87          89   1.34493406789129     
          87          90  0.961854604833037     
          88          91   1.48750624191210     
          88          92  0.960121506660414     
          89          93   1.24990817478025     
          91          93   1.33616729229722     
          89          94   1.15123207667998     
          91          95  0.964175107600167     
          93          96   1.13989125529850     
          94          97   1.23751386007619     
          96          97   1.14717056160175     
          94          98   1.36653215804141     
          96          99  0.983243387185286     
          97         100   1.34762834888565     
          98         100  0.103888558807122     
          98         101   1.44760590354491     
          98         102  0.967080827735714     
          99         103  0.989327311976721     
         100         104   1.47673695014847     
         101         104   1.36475604892762     
         100         105  0.967762743931641     
         101         106   1.01048523307176     
         103         107  0.890941780890476     
         103         108  0.901627315198355     
         103         109  0.890623689702744     
         104         110  0.969602558336170     
         106         111   1.00257430474451     
         106         112  0.973753145002226     
         106         113  0.975746857003045     
         107         114  0.983674298724290     
         107         115  0.992651794306343     
         107         116  0.983715631447807     
         108         117  0.982824806522371     
         108         118  0.989627444721667     
         108         119  0.984437353276897     
         109         120  0.984360218847836     
         109         121  0.984340622477161     
         109         122  0.992437206232124     
         111         123  0.988179815760246     
         111         124  0.986397966801343     
         111         125  0.988666997301768     
