   -0.12077065
    0.07689411
   -0.04306364
   -0.02200837
   -0.04358204
    0.04805238
    0.05243429
    0.05704243
    0.04841422
    0.07372696
   -0.12684171
    0.04182888
   -0.04471683
   -0.02405231
   -0.04466061
    0.04676029
    0.05171183
    0.07459828
   -0.15342876
    0.08174746
    0.40370600
   -0.40910331
    0.13032232
   -0.12174065
    0.05367614
    0.04522399
    0.05137155
   -0.10891585
    0.04772058
    0.04132653
    0.02778545
    0.13075560
   -0.40249107
   -0.12001677
    0.04885014
    0.04690648
    0.04999465
   -0.11996304
    0.04735694
    0.05335248
    0.04557732
    0.40415468
   -0.38418546
    0.12901983
   -0.12407401
    0.05266412
    0.05715424
    0.04970452
   -0.12199401
    0.04921100
    0.04559368
    0.05282498
    0.12855620
   -0.38498753
   -0.12430116
    0.05463636
    0.05425971
    0.04895485
   -0.12029636
    0.04059169
    0.05274455
    0.04873875
    0.40230704
   -0.37784668
    0.12537922
   -0.12883229
    0.05827595
    0.05305232
    0.05010652
   -0.12911121
    0.06049044
    0.05103712
    0.05201257
    0.12678660
   -0.38094265
   -0.12420606
    0.05119282
    0.05376755
    0.05445596
   -0.12261944
    0.04000078
    0.05083467
    0.05486476
    0.05443648
    0.05109841
   -0.00849069
   -0.04398496
   -0.05437721
    0.05163787
    0.02313634
    0.08522363
    0.04831076
   -0.26742321
    0.02735611
    0.00222290
   -0.03649259
   -0.03245866
   -0.03466239
    0.03321241
   -0.03346631
    0.05468077
   -0.03459298
    0.03787935
    0.03756553
    0.03743011
