           1           2   1.31071611986237     
           2           3   1.34720044111359     
           3           4   1.48477539320078     
           4           5   1.38102251729416     
           1           6   1.38738595433860     
           3           6  0.106082299273542     
           5           6   1.46149792745996     
           6           7  0.956601737365648     
           5           8  0.968309569502400     
           3           9  0.961494998722646     
           2          10   1.09289894118058     
          10          11   1.30206132286369     
          11          12   1.38425197503258     
          12          13   1.45906701775865     
          13          14   1.38335764216545     
          10          15   1.35232084326804     
          12          15  0.105183899897928     
          14          15   1.47951284386661     
          15          16  0.961485678955284     
          13          17  0.968866475001870     
          12          18  0.947479571881460     
           1          19  0.447529146398210     
          11          19  0.434268587531137     
          19          20  0.535678170428280     
          19          21  0.717808696968546     
          21          22   1.09188178275993     
          22          23  0.942005245110304     
          23          24  0.996664268969990     
          24          25  0.982690677044773     
          24          26  0.983520219097183     
          24          27  0.983208611863570     
          23          28  0.990063918583617     
          28          29  0.983971645681002     
          28          30  0.983946460082362     
          28          31  0.985115389060152     
          23          32  0.941239361721769     
          21          33   1.11344964038323     
          32          33  0.938533358686554     
          32          34  0.990899036165776     
          34          35  0.982622895499781     
          34          36  0.983634933695130     
          34          37  0.982400822141433     
          32          38  0.996880901069056     
          38          39  0.983072149433742     
          38          40  0.982731707918826     
          38          41  0.983648431565046     
          19          42  0.852216648912191     
          42          43   1.11598252680221     
          43          44  0.935182938083737     
          44          45  0.997127940179552     
          45          46  0.979933701949862     
          45          47  0.981565047416589     
          45          48  0.983064493076679     
          44          49  0.990813330258402     
          49          50  0.983356682600113     
          49          51  0.982652442984803     
          49          52  0.979694703382531     
          44          53  0.939540259234591     
          42          54   1.10781736229775     
          53          54  0.933569439160898     
          53          55  0.996375274391261     
          55          56  0.982379042200921     
          55          57  0.982793520587439     
          55          58  0.983078809174963     
          53          59  0.991700687227688     
          59          60  0.981606289206340     
          59          61  0.982971128820902     
          59          62  0.982998845967047     
          19          63  0.865582779644876     
          63          64   1.11414704704937     
          64          65  0.937309540099323     
          65          66  0.991338767886839     
          66          67  0.978434428374264     
          66          68  0.982619377767005     
          66          69  0.982998314081429     
          65          70  0.996551932513261     
          70          71  0.981941977547723     
          70          72  0.983300213538411     
          70          73  0.982205344585064     
          65          74  0.937689596719985     
          63          75   1.11852122195048     
          74          75  0.935369965517827     
          74          76  0.995911401333832     
          76          77  0.982849122335573     
          76          78  0.982276584358482     
          76          79  0.981825919393024     
          74          80  0.991383706263915     
          80          81  0.983756706266107     
          80          82  0.983088209580120     
          80          83  0.983183199672378     
           4          84  0.968610367122934     
          14          85  0.968810768903795     
          19          86  0.600273068091655     
          20          86  0.340073746833036     
          86          87   1.37610373030620     
          86          88   1.38282077370825     
          87          89   1.41492266955319     
          87          90  0.964297174058391     
          88          91   1.39199665542329     
          88          92  0.954581563732592     
          89          93   1.45099037581443     
          91          93   1.35194016768480     
          89          94  0.961262060005806     
          91          95   1.05387943961531     
          95          96   1.38463154520520     
          95          97   1.38000736044056     
          96          98   1.45457215390127     
          97          98  0.106890000230186     
          96          99  0.960835053046644     
          96         100  0.106232262032569     
          97         100   1.45748311065905     
          97         101  0.965692452742452     
          95         102  0.103445123071365     
          98         102   1.43240598321083     
         100         102   1.43109449215275     
          98         103  0.970457595584466     
         100         104  0.970188558952161     
         102         105  0.970999556103996     
