   -0.13042606
    0.07972679
   -0.04027136
   -0.02122028
   -0.04246082
    0.04824630
    0.05194053
    0.05575908
    0.04624149
    0.07359785
   -0.12060061
    0.04595056
   -0.04425250
   -0.02376926
   -0.04588312
    0.04863936
    0.05199993
    0.07202439
   -0.16123952
    0.09251849
    0.40070425
   -0.41082066
    0.13053117
   -0.12052799
    0.05257825
    0.04480164
    0.04998272
   -0.10996574
    0.04703878
    0.04159475
    0.02970057
    0.13118261
   -0.40263617
   -0.11892863
    0.04876191
    0.04572863
    0.04864708
   -0.11904712
    0.04738930
    0.05176015
    0.04469015
    0.40940081
   -0.38060929
    0.12848217
   -0.12491779
    0.05319655
    0.05634452
    0.04934379
   -0.12157884
    0.04834080
    0.04462707
    0.05432376
    0.12778748
   -0.38025422
   -0.12375133
    0.05393104
    0.05390688
    0.04796155
   -0.12187784
    0.04501598
    0.05109943
    0.05040493
    0.39851516
   -0.37665038
    0.12504289
   -0.12939168
    0.05739361
    0.05425150
    0.04872660
   -0.12930723
    0.06036684
    0.04989465
    0.05254672
    0.12687301
   -0.38380369
   -0.12336346
    0.04987894
    0.05309834
    0.05353984
   -0.12246381
    0.04026107
    0.05000980
    0.05405475
    0.05251459
    0.05127994
   -0.00691638
   -0.02535020
   -0.08885328
    0.02546370
   -0.05105684
   -0.01861703
    0.02085740
   -0.05798272
    0.05982838
    0.07152702
    0.04251476
   -0.04608021
   -0.04860643
    0.01918036
   -0.04908070
    0.01688060
    0.01659138
    0.01556788
