           1           2   1.30590251149199     
           2           3   1.35512579949451     
           3           4   1.47748828464505     
           4           5   1.38549260298411     
           1           6   1.38519872820466     
           3           6  0.104722869660231     
           5           6   1.45906746815803     
           6           7  0.957235397967557     
           5           8  0.968480966810548     
           3           9  0.962670248806738     
           2          10   1.08666907717225     
          10          11   1.30580380930461     
          11          12   1.38958112284634     
          12          13   1.45422911769741     
          13          14   1.38873230930872     
          10          15   1.35707584156201     
          12          15  0.105036771406481     
          14          15   1.47523480067622     
          15          16  0.962451206177055     
          13          17  0.968893496151394     
          12          18  0.951049186434394     
           1          19  0.425031645068807     
          11          19  0.446896809699715     
          19          20  0.540267618638051     
          19          21  0.731722052249928     
          21          22   1.08620697460865     
          22          23  0.943432107289229     
          23          24  0.996509657144982     
          24          25  0.982726855772967     
          24          26  0.983730406009635     
          24          27  0.983294486665794     
          23          28  0.989723646679614     
          28          29  0.984098228562843     
          28          30  0.983906175816149     
          28          31  0.985470324466449     
          23          32  0.941129933105574     
          21          33   1.11295396727456     
          32          33  0.940255732297449     
          32          34  0.990686919269699     
          34          35  0.982377554457384     
          34          36  0.983745858599195     
          34          37  0.982383013940878     
          32          38  0.996581080543895     
          38          39  0.983106521727553     
          38          40  0.982658293881756     
          38          41  0.983749861467348     
          19          42  0.847532728468869     
          42          43   1.12113928061407     
          43          44  0.935588506815135     
          44          45  0.996529180490674     
          45          46  0.982286983430439     
          45          47  0.981627810282888     
          45          48  0.983151424035376     
          44          49  0.991087247420404     
          49          50  0.983269160026083     
          49          51  0.982354269855678     
          49          52  0.978679966729801     
          44          53  0.937483112733858     
          42          54   1.11278435209014     
          53          54  0.935843832655355     
          53          55  0.995834099231594     
          55          56  0.982058944754921     
          55          57  0.982754412286359     
          55          58  0.983179846485930     
          53          59  0.991851876071914     
          59          60  0.981820782405628     
          59          61  0.983067636419827     
          59          62  0.982913967936913     
          19          63  0.863679489349521     
          63          64   1.11354615081473     
          64          65  0.939332181517054     
          65          66  0.991093639293792     
          66          67  0.978483909073838     
          66          68  0.982484349279544     
          66          69  0.983212178053015     
          65          70  0.996114133590020     
          70          71  0.982000274792582     
          70          72  0.983542383548434     
          70          73  0.982223553704848     
          65          74  0.937506907147939     
          63          75   1.11300221504422     
          74          75  0.936998018767093     
          74          76  0.995960122415197     
          76          77  0.983040756473043     
          76          78  0.982275289753076     
          76          79  0.981692035090214     
          74          80  0.991180647964494     
          80          81  0.983774453062491     
          80          82  0.983240188182455     
          80          83  0.983309868232366     
           4          84  0.968858968191477     
          14          85  0.968821581166433     
          19          86  0.591539512436989     
          20          86  0.343405081946779     
          86          87   1.17613631314709     
          86          88   1.51536765010060     
          87          89   1.16203105527747     
          87          90   1.00658796780749     
          88          91   1.24157196351304     
          89          91   1.22300799682465     
          88          92  0.964933225949828     
          89          93   1.34899179368358     
          90          94  0.975124841438273     
          90          95  0.967429478801378     
          90          96  0.975212295474381     
          91          97   1.32578229243295     
          93          97  0.106023257798305     
          93          98   1.47779875271308     
          93          99  0.968022696940513     
          97         100   1.49838914084671     
          98         100   1.37403355931492     
          97         101  0.970129663009719     
          98         102  0.972646571685453     
         100         103  0.972148624117820     
