   -0.13311673
    0.08076750
   -0.03987141
   -0.02096430
   -0.04230051
    0.04770049
    0.05129032
    0.05516630
    0.04726967
    0.07498461
   -0.11409621
    0.04580414
   -0.04317964
   -0.02288957
   -0.04497180
    0.05052313
    0.05213363
    0.07042312
   -0.15176280
    0.08827354
    0.39772835
   -0.40703184
    0.12972529
   -0.12082456
    0.05273493
    0.04476553
    0.05033124
   -0.11183768
    0.04736224
    0.04345968
    0.03076148
    0.13087678
   -0.40378551
   -0.12024971
    0.05180479
    0.04535472
    0.04718214
   -0.11905803
    0.04732208
    0.05081074
    0.04475005
    0.40866644
   -0.38241140
    0.12901837
   -0.12289301
    0.05186957
    0.05535311
    0.04818729
   -0.12085765
    0.04782937
    0.04447248
    0.05409331
    0.12781276
   -0.37968203
   -0.12352398
    0.05418185
    0.05412796
    0.04735330
   -0.11908783
    0.04369488
    0.04952860
    0.04931561
    0.39715398
   -0.37903277
    0.12533847
   -0.12766368
    0.05669532
    0.05214487
    0.04745782
   -0.12882261
    0.05919008
    0.04905455
    0.05259180
    0.12714061
   -0.38423652
   -0.12320003
    0.04941689
    0.05304783
    0.05323317
   -0.12252585
    0.04061103
    0.05028302
    0.05359616
    0.05185252
    0.05204444
   -0.05208341
    0.07908876
   -0.04928942
   -0.30483316
   -0.07171243
    0.07419497
    0.05420049
    0.18700765
    0.18585340
   -0.05363154
    0.03886217
   -0.23857981
    0.04513608
