           1           2   1.30763096654669     
           2           3   1.35872725494447     
           3           4   1.47445546636606     
           4           5   1.38796384362111     
           1           6   1.38515152886671     
           3           6  0.104491344397713     
           5           6   1.45762199236070     
           6           7  0.957527403227922     
           5           8  0.968549315433456     
           3           9  0.962739293127312     
           2          10   1.08266571083927     
          10          11   1.31188890024743     
          11          12   1.39494946896198     
          12          13   1.44919488865724     
          13          14   1.39455357155607     
          10          15   1.35989711397429     
          12          15  0.104791840580369     
          14          15   1.47144592014470     
          15          16  0.962581689316033     
          13          17  0.968898902736421     
          12          18  0.951456052280617     
           1          19  0.409855424184250     
          11          19  0.436911896404041     
          19          20  0.525959572326660     
          19          21  0.737231758367634     
          21          22   1.09012481324914     
          22          23  0.943496972850186     
          23          24  0.996202352371931     
          24          25  0.982710386429414     
          24          26  0.983741043258154     
          24          27  0.983234069223951     
          23          28  0.989928635124596     
          28          29  0.984043450883774     
          28          30  0.983614645135706     
          28          31  0.985426142903403     
          23          32  0.940607589487528     
          21          33   1.11026692544248     
          32          33  0.940526130531085     
          32          34  0.990712285823811     
          34          35  0.981118484755335     
          34          36  0.983673116496484     
          34          37  0.982138790755479     
          32          38  0.996546948144799     
          38          39  0.983153731240146     
          38          40  0.982742650055656     
          38          41  0.983799472902265     
          19          42  0.848899443209399     
          42          43   1.11764164994671     
          43          44  0.936251288186105     
          44          45  0.996521039325479     
          45          46  0.982169234353585     
          45          47  0.981660362461143     
          45          48  0.983252341583404     
          44          49  0.991197195172020     
          49          50  0.983262623943607     
          49          51  0.982619305619956     
          49          52  0.978689817917061     
          44          53  0.937186099484822     
          42          54   1.11384356080202     
          53          54  0.936115424124851     
          53          55  0.995524751509185     
          55          56  0.982110544203493     
          55          57  0.982747804965603     
          55          58  0.983193793223639     
          53          59  0.992027580176741     
          59          60  0.981793915352070     
          59          61  0.983234647534096     
          59          62  0.982949219513976     
          19          63  0.863999481334310     
          63          64   1.10746625866684     
          64          65  0.941070751857383     
          65          66  0.990959618160282     
          66          67  0.978404003892337     
          66          68  0.982719700872801     
          66          69  0.983324488312688     
          65          70  0.995877031748274     
          70          71  0.982163056519394     
          70          72  0.983690181108943     
          70          73  0.982256124417576     
          65          74  0.937662249303392     
          63          75   1.11224225483416     
          74          75  0.937378963715507     
          74          76  0.996103283865956     
          76          77  0.982952875006731     
          76          78  0.982127547628686     
          76          79  0.982013182459540     
          74          80  0.991182155959762     
          80          81  0.983816537790492     
          80          82  0.983214414034842     
          80          83  0.983354163620520     
           4          84  0.968924976088757     
          14          85  0.968711288983127     
          19          86  0.572734962378382     
          20          86  0.355723075990988     
          86          87   1.29644868205737     
          86          88   1.40828589890525     
          87          89   1.16569123281221     
          87          90   1.34441176160873     
          88          91   1.39512178872244     
          88          92  0.955858866869367     
          89          93  0.927905586618143     
          89          94  0.945026638490282     
          90          95   1.44402595403910     
          91          95   1.39730775792990     
          90          96  0.965229977964309     
          91          97  0.924349847547503     
          95          98  0.968233487567267     
