           1           2   1.50630701275616     
           2           3   1.36754548407187     
           1           4  0.111882159488928     
           3           4   1.49553591095224     
           4           5   1.33494013481536     
           5           6   1.17695036459519     
           6           7   1.00355764982594     
           6           8   1.20172829068490     
           8           9   1.59814233509170     
           1          10   1.32854695905631     
           5          10   1.23625711328633     
           9          10   1.23458040595605     
           1          11  0.969879494393447     
           2          12  0.972041912098370     
           3          13  0.972320138463246     
           4          14  0.965229843453470     
           7          15  0.977570474319714     
           7          16  0.974059964658613     
           7          17  0.974821514387930     
           8          18  0.969089123922426     
           9          19  0.973717795700481     
