   -0.12126998
    0.07466208
   -0.04322358
   -0.02317899
   -0.04417350
    0.04737828
    0.05311669
    0.05546479
    0.04620381
    0.07037498
   -0.12615031
    0.04132415
   -0.04541024
   -0.02548844
   -0.04573358
    0.04528216
    0.05109476
    0.07710323
   -0.16984989
    0.10316343
    0.40371805
   -0.40865949
    0.13001282
   -0.12098657
    0.05297717
    0.04455079
    0.05094473
   -0.10896912
    0.04716097
    0.04146037
    0.02754337
    0.13059424
   -0.40339328
   -0.12049207
    0.05124936
    0.04543931
    0.04897291
   -0.11985381
    0.04691496
    0.05298800
    0.04486943
    0.40388970
   -0.38308611
    0.12835911
   -0.12604262
    0.05525147
    0.05586881
    0.04947872
   -0.12129642
    0.04849029
    0.04575180
    0.05141278
    0.12753984
   -0.38183104
   -0.12448905
    0.05395597
    0.05431612
    0.04800858
   -0.12390142
    0.04496470
    0.05258141
    0.05031354
    0.40227472
   -0.37820764
    0.12485859
   -0.13072103
    0.05887571
    0.05421462
    0.04991271
   -0.12916286
    0.06072170
    0.05028523
    0.05179252
    0.12714709
   -0.38074437
   -0.12390899
    0.05054227
    0.05337001
    0.05470823
   -0.12147840
    0.04015653
    0.04816503
    0.05437420
    0.05225579
    0.04898556
   -0.05679852
    0.05579036
   -0.08303713
   -0.23548291
    0.02358914
    0.10871134
    0.03545360
   -0.12967683
    0.06697686
    0.06634441
    0.06244429
