           1           2   1.30688169024539     
           2           3   1.34677385971341     
           3           4   1.48555653714138     
           4           5   1.37834367465739     
           1           6   1.38490724912094     
           3           6  0.106023754936886     
           5           6   1.46354157603349     
           6           7  0.956829826072881     
           5           8  0.968497004901754     
           3           9  0.961740987324663     
           2          10   1.09510973138250     
          10          11   1.30025519782708     
          11          12   1.38342819963160     
          12          13   1.45982457060455     
          13          14   1.38187729667051     
          10          15   1.35169204278278     
          12          15  0.105070938295208     
          14          15   1.48011396684244     
          15          16  0.961704356365759     
          13          17  0.968952152565556     
          12          18  0.947495379851219     
           1          19  0.456059839240130     
          11          19  0.446448468806217     
          19          20  0.552356296253165     
          19          21  0.731176104008520     
          21          22   1.09113509446085     
          22          23  0.943124228348887     
          23          24  0.996382337619389     
          24          25  0.982756388621726     
          24          26  0.983672086088169     
          24          27  0.983265182983986     
          23          28  0.990000226877689     
          28          29  0.984148509232641     
          28          30  0.984089041221602     
          28          31  0.985265152254617     
          23          32  0.940993567732042     
          21          33   1.11031277815455     
          32          33  0.939733776749834     
          32          34  0.990739240698318     
          34          35  0.981397342235710     
          34          36  0.983705023484489     
          34          37  0.982175266169396     
          32          38  0.996816849021511     
          38          39  0.983132679666711     
          38          40  0.982908847731969     
          38          41  0.983816947466021     
          19          42  0.865819183534185     
          42          43   1.11413393113537     
          43          44  0.936625843211833     
          44          45  0.996813334631935     
          45          46  0.982314028760528     
          45          47  0.981969466649813     
          45          48  0.983182013990299     
          44          49  0.990676727460746     
          49          50  0.983503307959147     
          49          51  0.982193373440912     
          49          52  0.980170514496430     
          44          53  0.939346825374090     
          42          54   1.10816657857393     
          53          54  0.935263566490793     
          53          55  0.996283150509222     
          55          56  0.982473272466448     
          55          57  0.982816540074254     
          55          58  0.983239139535424     
          53          59  0.991270893362834     
          59          60  0.982468801002741     
          59          61  0.983148607465709     
          59          62  0.983092943409397     
          19          63  0.868165948383800     
          63          64   1.10843851037178     
          64          65  0.938391748259135     
          65          66  0.990995694755391     
          66          67  0.978882379518252     
          66          68  0.982564252307085     
          66          69  0.983151389156540     
          65          70  0.996464125959985     
          70          71  0.981976104777157     
          70          72  0.983504582625212     
          70          73  0.982322517899317     
          65          74  0.938015973522224     
          63          75   1.11673787155710     
          74          75  0.936477907585186     
          74          76  0.995919844180040     
          76          77  0.983026361579835     
          76          78  0.982269877117014     
          76          79  0.981273538247050     
          74          80  0.990975160898250     
          80          81  0.984075622738241     
          80          82  0.983280378213572     
          80          83  0.983347133237291     
           4          84  0.968878664717111     
          14          85  0.969050575127667     
          19          86  0.587839192097015     
          20          86  0.336939517176396     
          86          87   1.57665451738918     
          86          88   1.23170320108265     
          87          89   1.08515869760942     
          87          90  0.966098049968716     
          87          91  0.137419618805916     
          88          91   1.60015410225662     
          89          91   1.09601379502327     
          88          92  0.969945597608083     
          91          93   1.02702486957131     
          93          94  0.970097168066668     
          93          95  0.969353178549825     
          93          96  0.983295838939120     
