   -0.12097420
    0.07473502
   -0.04336867
   -0.02313117
   -0.04413531
    0.04771064
    0.05194420
    0.05476626
    0.04599130
    0.07034773
   -0.12638298
    0.04002385
   -0.04595361
   -0.02599577
   -0.04569801
    0.04451548
    0.05015506
    0.07757534
   -0.16518576
    0.10137366
    0.40377131
   -0.40828678
    0.13012395
   -0.12076238
    0.05289898
    0.04412766
    0.05089553
   -0.10867439
    0.04681887
    0.04163866
    0.02726290
    0.13103445
   -0.40653178
   -0.12023523
    0.05120153
    0.04516172
    0.04849538
   -0.11940114
    0.04630767
    0.05254824
    0.04472557
    0.40358075
   -0.38342763
    0.12864543
   -0.12442215
    0.05348621
    0.05534097
    0.04889793
   -0.12053186
    0.04822378
    0.04560842
    0.05137115
    0.12747966
   -0.38265708
   -0.12405292
    0.05361479
    0.05416215
    0.04786795
   -0.12012186
    0.03926203
    0.05102528
    0.04939463
    0.40294573
   -0.37858404
    0.12557005
   -0.12749407
    0.05726924
    0.05169651
    0.04934256
   -0.12892324
    0.06033666
    0.05018442
    0.05201233
    0.12724662
   -0.38185296
   -0.12347532
    0.05039923
    0.05268660
    0.05431573
   -0.12177696
    0.04047971
    0.04930039
    0.05418135
    0.05164230
    0.04786048
   -0.06261745
    0.00560384
   -0.00368100
   -0.12589692
    0.03058015
   -0.05350253
    0.03352626
    0.19976290
    0.03635287
    0.05017022
    0.03133208
   -0.26462730
    0.02437229
    0.02907984
