           1           2   1.30591647227928     
           2           3   1.34622084667035     
           3           4   1.48607503067082     
           4           5   1.37777276347289     
           1           6   1.38490055752672     
           3           6  0.105976320239206     
           5           6   1.46385093408453     
           6           7  0.956849702423850     
           5           8  0.968584084643163     
           3           9  0.961790030777900     
           2          10   1.09618856540273     
          10          11   1.29864707581838     
          11          12   1.38095278337337     
          12          13   1.46158789506597     
          13          14   1.38017095906920     
          10          15   1.35117015953846     
          12          15  0.104971990636497     
          14          15   1.48054322421506     
          15          16  0.961788608586386     
          13          17  0.969042873916535     
          12          18  0.947194982189972     
           1          19  0.455675614073118     
          11          19  0.444555829646635     
          19          20  0.551364461497200     
          19          21  0.721857209995407     
          21          22   1.09252686052478     
          22          23  0.943245446430217     
          23          24  0.996360271534593     
          24          25  0.982750700126306     
          24          26  0.983691200825838     
          24          27  0.983247180515912     
          23          28  0.990002517438227     
          28          29  0.984138075892845     
          28          30  0.984054240242967     
          28          31  0.985130816307525     
          23          32  0.940980600541527     
          21          33   1.10714498002949     
          32          33  0.939768253922790     
          32          34  0.990852192901869     
          34          35  0.981380139804905     
          34          36  0.983717516293407     
          34          37  0.982180832987076     
          32          38  0.996857887779121     
          38          39  0.983178689696093     
          38          40  0.982888726719597     
          38          41  0.983799006179518     
          19          42  0.862743337572980     
          42          43   1.11523056498021     
          43          44  0.937620509595719     
          44          45  0.996560095291608     
          45          46  0.981884722004047     
          45          47  0.981689985614101     
          45          48  0.983153026831357     
          44          49  0.990689605129371     
          49          50  0.983484701037066     
          49          51  0.982873797871976     
          49          52  0.980102694370972     
          44          53  0.938716098000746     
          42          54   1.10532778138663     
          53          54  0.936036723158065     
          53          55  0.995877514312200     
          55          56  0.982525432936453     
          55          57  0.982800890122926     
          55          58  0.983253025282800     
          53          59  0.991666942699652     
          59          60  0.980408457321613     
          59          61  0.983031692599126     
          59          62  0.983031721864653     
          19          63  0.865534218457907     
          63          64   1.10807460683244     
          64          65  0.939042159877151     
          65          66  0.991118918904112     
          66          67  0.978655047072824     
          66          68  0.982222750656270     
          66          69  0.982950942228148     
          65          70  0.996249556984824     
          70          71  0.981977481874430     
          70          72  0.983468703137378     
          70          73  0.982283894244048     
          65          74  0.937631567087908     
          63          75   1.11636353722861     
          74          75  0.936437087782369     
          74          76  0.995894175016251     
          76          77  0.982888101370895     
          76          78  0.982188667095852     
          76          79  0.981969424692146     
          74          80  0.991227947086366     
          80          81  0.983921346844577     
          80          82  0.983232002150196     
          80          83  0.983277613454451     
           4          84  0.968946841565832     
          14          85  0.969173686049444     
          19          86  0.591008552023429     
          20          86  0.335687681314989     
          86          87   1.54954219049066     
          86          88   1.20354601493671     
          87          89   1.18327664843186     
          87          90  0.966872501234575     
          88          91   1.33098502541362     
          88          92   1.22412944977631     
          89          92   1.18270440319638     
          89          93  0.931538942382697     
          91          94   1.49096923759631     
          91          95  0.961141316101495     
          91          96  0.108111728619382     
          92          96   1.33717855796389     
          94          97   1.36529715550415     
          96          97   1.47606885433030     
          94          98  0.964985754274111     
          96          99  0.960830492383398     
