   -0.12080058
    0.07833566
   -0.04176315
   -0.02030145
   -0.04163411
    0.04826476
    0.05654308
    0.06063927
    0.05043928
    0.07453331
   -0.12800915
    0.04190859
   -0.04309952
   -0.02224523
   -0.04464586
    0.05060757
    0.05501663
    0.07743076
   -0.14608843
    0.09725229
    0.40273049
   -0.40538819
    0.12968302
   -0.12283672
    0.05501246
    0.04643590
    0.05207085
   -0.11078533
    0.04925339
    0.04276237
    0.02823437
    0.13033376
   -0.39972716
   -0.12259234
    0.05240773
    0.04755406
    0.05093284
   -0.12106200
    0.04759839
    0.05427659
    0.04658668
    0.40231270
   -0.38094393
    0.12889460
   -0.12635555
    0.05628977
    0.05718701
    0.05119485
   -0.12293131
    0.05001821
    0.04737389
    0.05347250
    0.12781073
   -0.38306770
   -0.12488057
    0.05500536
    0.05430596
    0.04994153
   -0.12044771
    0.04312127
    0.05546319
    0.04832364
    0.40068159
   -0.37775850
    0.12489255
   -0.13110319
    0.05974257
    0.05477662
    0.05132667
   -0.12974459
    0.06081537
    0.05187552
    0.05209476
    0.12658824
   -0.37547990
   -0.12535200
    0.05220630
    0.05500049
    0.05577848
   -0.12367587
    0.04138777
    0.05126827
    0.05593384
    0.05744581
    0.05435880
   -0.02771926
   -0.05165574
   -0.04548397
    0.15848352
    0.05181490
    0.05221631
    0.06553509
   -0.26065644
   -0.06770813
   -0.14363850
    0.06779933
