           1           2   1.31891709233637     
           2           3   1.35338592031041     
           3           4   1.47825411671865     
           4           5   1.38987384138508     
           1           6   1.39205336964283     
           3           6  0.105700855767250     
           5           6   1.45533970354211     
           6           7  0.956675621199231     
           5           8  0.967872271691320     
           3           9  0.961383295412481     
           2          10   1.08479774788730     
          10          11   1.31181633007129     
          11          12   1.39161971353339     
          12          13   1.45233811241060     
          13          14   1.39251453427581     
          10          15   1.35805129402708     
          12          15  0.104997775731974     
          14          15   1.47387017623796     
          15          16  0.961236729111881     
          13          17  0.968499738290453     
          12          18  0.947266359736058     
           1          19  0.427656976409443     
          11          19  0.419196095617202     
          19          20  0.539298069469478     
          19          21  0.738026582316005     
          21          22   1.09646699710370     
          22          23  0.940539190412567     
          23          24  0.996764487383808     
          24          25  0.982498355855789     
          24          26  0.983351792373093     
          24          27  0.983091916385962     
          23          28  0.990370266381145     
          28          29  0.983823756520682     
          28          30  0.983935344828125     
          28          31  0.985321466420980     
          23          32  0.941206194462917     
          21          33   1.11687787040538     
          32          33  0.936939825806840     
          32          34  0.991041790024022     
          34          35  0.981345810116920     
          34          36  0.983419533040047     
          34          37  0.981872703583539     
          32          38  0.997181999040171     
          38          39  0.983059763581383     
          38          40  0.982588656660854     
          38          41  0.983506725517444     
          19          42  0.853133881159230     
          42          43   1.12494875960987     
          43          44  0.932728772968933     
          44          45  0.997314318204068     
          45          46  0.981740990377127     
          45          47  0.981471530330649     
          45          48  0.982718844960930     
          44          49  0.991279564740042     
          49          50  0.983126011179888     
          49          51  0.982204186271155     
          49          52  0.979324552287006     
          44          53  0.939218825914177     
          42          54   1.11244127384414     
          53          54  0.931175822646232     
          53          55  0.996366977237473     
          55          56  0.982275168865357     
          55          57  0.982743884871161     
          55          58  0.982814649243089     
          53          59  0.992164618437159     
          59          60  0.980323017481733     
          59          61  0.982494646234125     
          59          62  0.983089350482490     
          19          63  0.855779592945785     
          63          64   1.11334096483029     
          64          65  0.935753277841776     
          65          66  0.991613155596299     
          66          67  0.978335861865571     
          66          68  0.982353245300873     
          66          69  0.982773767135645     
          65          70  0.996571517191251     
          70          71  0.981850944663379     
          70          72  0.983188055076881     
          70          73  0.982171567211177     
          65          74  0.937581507473315     
          63          75   1.12816216345363     
          74          75  0.933329317491465     
          74          76  0.996096600770255     
          76          77  0.982626403123849     
          76          78  0.982002566019017     
          76          79  0.981284965094336     
          74          80  0.991761279389295     
          80          81  0.983830553931530     
          80          82  0.982941511687229     
          80          83  0.982992353794032     
           4          84  0.968263652158779     
          14          85  0.968454121827167     
          19          86  0.584815812370783     
          20          86  0.345412014947994     
          86          87   1.37660265816634     
          86          88   1.35949715634332     
          87          89   1.40445976933719     
          87          90  0.960821055825380     
          88          91   1.44976962872675     
          88          92  0.958861753194166     
          89          93  0.926355524096845     
          89          94   1.39073358782492     
          91          94   1.40415410714206     
          91          95  0.945038429562366     
          94          96  0.965663139136133     
