   -0.12985749
    0.07541371
   -0.04338015
   -0.02181326
   -0.04399062
    0.04961968
    0.05125871
    0.05640082
    0.04615591
    0.07155778
   -0.14314839
    0.04421762
   -0.04491809
   -0.02536148
   -0.04537636
    0.04440027
    0.04872068
    0.06930529
   -0.13991075
    0.08790105
    0.40868895
   -0.40541158
    0.13010335
   -0.12165247
    0.05477167
    0.04587169
    0.05225845
   -0.10948320
    0.04887329
    0.04312781
    0.02620169
    0.13166638
   -0.40984881
   -0.12370749
    0.05605559
    0.04671674
    0.05001812
   -0.11929595
    0.04429405
    0.05357927
    0.04680317
    0.41081199
   -0.37896917
    0.12984846
   -0.13115969
    0.06483027
    0.05733384
    0.05224791
   -0.12050677
    0.04908165
    0.04931153
    0.04828396
    0.12947953
   -0.39384583
   -0.12152016
    0.04770984
    0.05080064
    0.04909617
   -0.12356550
    0.05380531
    0.05263191
    0.04798873
    0.40961116
   -0.37222589
    0.12631923
   -0.13510847
    0.05691443
    0.06598119
    0.05414101
   -0.13107805
    0.06602096
    0.05214924
    0.05167661
    0.12784361
   -0.38282246
   -0.12569924
    0.05345662
    0.05278506
    0.05774685
   -0.12195670
    0.03926650
    0.04987509
    0.05644324
    0.05324823
    0.04788479
   -0.03412351
   -0.05644119
    0.05846546
    0.13601774
    0.04313435
   -0.04523933
   -0.17223256
   -0.07652468
   -0.30567979
    0.06472989
    0.04690601
    0.07768282
   -0.12563766
    0.05582027
    0.03536378
    0.05566036
    0.05674810
    0.05235664
