           1           2   1.31111119179990     
           2           3   1.34584797324087     
           3           4   1.48606794390724     
           4           5   1.37994169943692     
           1           6   1.38729758532157     
           3           6  0.106215366466074     
           5           6   1.46203176491080     
           6           7  0.957017603602534     
           5           8  0.968408756336510     
           3           9  0.962005849950308     
           2          10   1.09565819619993     
          10          11   1.30129159202291     
          11          12   1.38144221408433     
          12          13   1.46220374183736     
          13          14   1.38111585028567     
          10          15   1.35205640129728     
          12          15  0.105017621146531     
          14          15   1.47941818690554     
          15          16  0.962004040947662     
          13          17  0.969208134785740     
          12          18  0.949401484725209     
           1          19  0.434900120221273     
          11          19  0.399278794308860     
          19          20  0.541607339758928     
          19          21  0.716417840964402     
          21          22   1.10337460270023     
          22          23  0.939604814642390     
          23          24  0.996394239982213     
          24          25  0.982329001364200     
          24          26  0.983401981890965     
          24          27  0.983084893559276     
          23          28  0.990749357408243     
          28          29  0.983879192560201     
          28          30  0.983947495747649     
          28          31  0.984594016919356     
          23          32  0.940591117527863     
          21          33   1.10508207433800     
          32          33  0.936378356480982     
          32          34  0.991316984641816     
          34          35  0.979428938182307     
          34          36  0.983348387616101     
          34          37  0.981144722015145     
          32          38  0.997274179305246     
          38          39  0.983235616957887     
          38          40  0.982463135334500     
          38          41  0.983560550070213     
          19          42  0.855344363236418     
          42          43   1.13617118571243     
          43          44  0.933772532005930     
          44          45  0.995921113276292     
          45          46  0.978537892619589     
          45          47  0.981476538324321     
          45          48  0.982529245070603     
          44          49  0.991760510047065     
          49          50  0.983016354840234     
          49          51  0.982468808940155     
          49          52  0.980078526292621     
          44          53  0.936724704912991     
          42          54   1.09803222591417     
          53          54  0.932825549684812     
          53          55  0.994843008479962     
          55          56  0.982885610452105     
          55          57  0.983019310600069     
          55          58  0.982912830387541     
          53          59  0.993076877365916     
          59          60  0.978877619866339     
          59          61  0.982554401714602     
          59          62  0.983102597937367     
          19          63  0.864127467611061     
          63          64   1.11813749884029     
          64          65  0.932343839585592     
          65          66  0.991829587805140     
          66          67  0.979819819091665     
          66          68  0.978431748741869     
          66          69  0.982189281006916     
          65          70  0.996892550055336     
          70          71  0.981220723107321     
          70          72  0.983122589273613     
          70          73  0.982356145431186     
          65          74  0.938893438169484     
          63          75   1.11996953512894     
          74          75  0.930793315880537     
          74          76  0.996747147366811     
          76          77  0.982228393009100     
          76          78  0.982269407819153     
          76          79  0.981895215358866     
          74          80  0.991666649262758     
          80          81  0.983996807845538     
          80          82  0.983110062791494     
          80          83  0.982949041400494     
           4          84  0.968708792322133     
          14          85  0.969142708750254     
          19          86  0.580579680705959     
          20          86  0.348489843738445     
          86          87   1.39486866697149     
          86          88   1.35738775592573     
          87          89   1.35399953512418     
          87          90  0.955646707777819     
          87          91  0.102695056081510     
          88          91   1.42158040557193     
          88          92  0.952836849649016     
          89          93   1.36605914685985     
          91          93   1.42786707468586     
          89          94   1.05200088098802     
          91          95  0.965066564970094     
          93          96  0.962248525293925     
          94          97  0.959550045445664     
          97          98   1.01025567032139     
          97          99  0.970398128652669     
          97         100  0.967775341941708     
          98         101  0.986206841405236     
          98         102  0.983503363080024     
          98         103  0.984153458800342     
