   -0.11418500
    0.07981015
   -0.04168250
   -0.02116290
   -0.04198447
    0.04852981
    0.05503042
    0.05953543
    0.04999466
    0.07696960
   -0.11560757
    0.04354989
   -0.04348096
   -0.02241211
   -0.04455933
    0.05006660
    0.05459791
    0.07867895
   -0.16350881
    0.09984645
    0.40241376
   -0.40816783
    0.12994472
   -0.12236644
    0.05452215
    0.04567502
    0.05140554
   -0.10988439
    0.04836899
    0.04165301
    0.02802277
    0.13036737
   -0.39998470
   -0.12103746
    0.04926966
    0.04725576
    0.05097889
   -0.12091539
    0.04776015
    0.05418062
    0.04581927
    0.40099001
   -0.38013889
    0.12823289
   -0.12650764
    0.05506324
    0.05678995
    0.05073172
   -0.12329409
    0.04987391
    0.04704331
    0.05428207
    0.12746135
   -0.38102930
   -0.12532532
    0.05543378
    0.05508019
    0.04939531
   -0.12296976
    0.04312116
    0.05331317
    0.05086095
    0.39874832
   -0.37808020
    0.12462042
   -0.13188905
    0.06025073
    0.05400615
    0.05138604
   -0.12948128
    0.06023755
    0.05170948
    0.05182165
    0.12604177
   -0.37576037
   -0.12504060
    0.05149109
    0.05460564
    0.05532764
   -0.12354768
    0.04094239
    0.05147233
    0.05527285
    0.05665173
    0.05381867
    0.06800679
   -0.23593596
   -0.08502506
    0.11291695
   -0.01565255
    0.02995045
   -0.06073748
   -0.04659726
   -0.04613573
    0.03469674
   -0.04581808
    0.03461068
    0.03503319
    0.03436637
