           1           2   1.31745437536890     
           2           3   1.35358406347320     
           3           4   1.47837083602972     
           4           5   1.38844844737602     
           1           6   1.38966912205988     
           3           6  0.105856139316116     
           5           6   1.45690940793809     
           6           7  0.956392164420627     
           5           8  0.967994284402270     
           3           9  0.961582992567774     
           2          10   1.08400655644591     
          10          11   1.31325496329443     
          11          12   1.39330150919637     
          12          13   1.45046919479892     
          13          14   1.39371000891381     
          10          15   1.35752351372328     
          12          15  0.105482338433624     
          14          15   1.47404711127231     
          15          16  0.961477704538482     
          13          17  0.968570467127351     
          12          18  0.946251112676365     
           1          19  0.442547179909679     
          11          19  0.436623178962848     
          19          20  0.550162964784336     
          19          21  0.746830670764698     
          21          22   1.09125351265577     
          22          23  0.942085100521112     
          23          24  0.996698692502346     
          24          25  0.982637348427307     
          24          26  0.983502671415967     
          24          27  0.983221153767386     
          23          28  0.989961406117754     
          28          29  0.983989175015201     
          28          30  0.984073987685938     
          28          31  0.985409734162561     
          23          32  0.941376705131790     
          21          33   1.11494160954995     
          32          33  0.938531547201761     
          32          34  0.990800432520680     
          34          35  0.982680024735886     
          34          36  0.983616285550191     
          34          37  0.982312954152363     
          32          38  0.996946461233478     
          38          39  0.983104555459239     
          38          40  0.982680241665975     
          38          41  0.983644395367693     
          19          42  0.857875286046665     
          42          43   1.12442205835445     
          43          44  0.933859732484358     
          44          45  0.997056025984915     
          45          46  0.982287369904145     
          45          47  0.981697022891824     
          45          48  0.982925356560805     
          44          49  0.990860703455886     
          49          50  0.983291685953325     
          49          51  0.982311984052973     
          49          52  0.979446290424929     
          44          53  0.939703583458004     
          42          54   1.10954456803877     
          53          54  0.932856431589973     
          53          55  0.996561861558707     
          55          56  0.982340183344409     
          55          57  0.982710480223153     
          55          58  0.983024631335405     
          53          59  0.991548890422545     
          59          60  0.982709072703774     
          59          61  0.982964003605416     
          59          62  0.982983849893457     
          19          63  0.858087210542624     
          63          64   1.11322484648313     
          64          65  0.936948346112582     
          65          66  0.991399786355831     
          66          67  0.978291806690863     
          66          68  0.982521888359488     
          66          69  0.982898128034770     
          65          70  0.996280596254401     
          70          71  0.981972495382306     
          70          72  0.983318345096832     
          70          73  0.982235872806736     
          65          74  0.937069315171728     
          63          75   1.12508540530001     
          74          75  0.935517256219682     
          74          76  0.995634310589383     
          76          77  0.982933460871333     
          76          78  0.982251987153578     
          76          79  0.981332822394984     
          74          80  0.991487250909776     
          80          81  0.983851036160750     
          80          82  0.983001920904018     
          80          83  0.983142557701979     
           4          84  0.968353759432543     
          14          85  0.968470730829190     
          19          86  0.588008284666448     
          20          86  0.332599034705765     
          86          87   1.06707558831276     
          86          88   1.58349143209069     
          87          89   1.06984212713661     
          88          90   1.20650625644367     
          89          90   1.26041722896359     
          88          91  0.969853367695250     
          89          92   1.37096871512457     
          90          93   1.33097470198180     
          92          93  0.108795742551175     
          92          94   1.46247501631313     
          92          95  0.968419621330745     
          93          96   1.49100447737360     
          94          96   1.39071392849485     
          93          97  0.969658193763848     
          94          98  0.971596067768402     
          96          99  0.971010270051635     
