   -0.10435525
    0.08240591
   -0.04234861
   -0.02278700
   -0.04369662
    0.04689090
    0.05306570
    0.05631854
    0.04816095
    0.07939867
   -0.11330640
    0.03865720
   -0.04623368
   -0.02587353
   -0.04537051
    0.04800325
    0.04936892
    0.07513493
   -0.15874958
    0.10313079
    0.40273102
   -0.40462746
    0.12933965
   -0.12243599
    0.05402754
    0.04513490
    0.05239494
   -0.11070385
    0.04804688
    0.04305796
    0.02824430
    0.13019424
   -0.40145886
   -0.12183791
    0.05233068
    0.04626957
    0.04955359
   -0.12060145
    0.04738719
    0.05328137
    0.04563860
    0.39924527
   -0.38389925
    0.12834646
   -0.12607492
    0.05482364
    0.05607800
    0.04931546
   -0.12202911
    0.04849671
    0.04607890
    0.05290634
    0.12743281
   -0.38403169
   -0.12459636
    0.05487523
    0.05368334
    0.04820232
   -0.12370412
    0.04374741
    0.05284421
    0.04917000
    0.40045395
   -0.38025168
    0.12488378
   -0.13069997
    0.05930087
    0.05321662
    0.04985881
   -0.12904782
    0.05970468
    0.05036183
    0.05181765
    0.12682597
   -0.37825268
   -0.12444194
    0.05059876
    0.05430110
    0.05473320
   -0.12241426
    0.04058777
    0.04972388
    0.05435742
    0.05402772
    0.05013621
   -0.03875319
    0.05808125
   -0.04780252
    0.10554179
   -0.31791024
   -0.04141902
    0.04943299
   -0.07064333
   -0.26289707
    0.22278326
    0.04716699
    0.04616227
   -0.13864017
    0.07646768
    0.08208216
    0.08587313
