           1           2   1.31654686134302     
           2           3   1.35039900895230     
           3           4   1.48178969704682     
           4           5   1.38504073315426     
           1           6   1.39001078653255     
           3           6  0.106406068972303     
           5           6   1.45869621188638     
           6           7  0.956757785744441     
           5           8  0.968402005672437     
           3           9  0.961624775394282     
           2          10   1.08727794097182     
          10          11   1.30628231680650     
          11          12   1.38940065813231     
          12          13   1.45424313896770     
          13          14   1.38877789223735     
          10          15   1.35670507899141     
          12          15  0.104992499340407     
          14          15   1.47508121778869     
          15          16  0.961515143413265     
          13          17  0.969113990319121     
          12          18  0.946927328096479     
           1          19  0.453091452145204     
          11          19  0.440562593702660     
          19          20  0.527638540993040     
          19          21  0.740244949996323     
          21          22   1.09476405912209     
          22          23  0.942214306408811     
          23          24  0.996477679960234     
          24          25  0.982622815125131     
          24          26  0.983630982302090     
          24          27  0.983111440331103     
          23          28  0.990065576204664     
          28          29  0.984024510760952     
          28          30  0.983994676028025     
          28          31  0.985315180385078     
          23          32  0.941013729790007     
          21          33   1.11178442976984     
          32          33  0.938786983438422     
          32          34  0.990764248654595     
          34          35  0.981266235217746     
          34          36  0.983658315580269     
          34          37  0.982170026064993     
          32          38  0.996939444550665     
          38          39  0.983098040254747     
          38          40  0.982839408117530     
          38          41  0.983731476967529     
          19          42  0.859617500663673     
          42          43   1.11341530601008     
          43          44  0.936750548448097     
          44          45  0.996762106615892     
          45          46  0.982317170998870     
          45          47  0.981770580987571     
          45          48  0.983189033372093     
          44          49  0.990647180053039     
          49          50  0.983507338706535     
          49          51  0.982235386266015     
          49          52  0.979801984736493     
          44          53  0.939479941835839     
          42          54   1.10648618166178     
          53          54  0.935087329758757     
          53          55  0.996255018925035     
          55          56  0.982386552309012     
          55          57  0.982907192189469     
          55          58  0.983234228686334     
          53          59  0.991260115104135     
          59          60  0.982529134450770     
          59          61  0.983135286520380     
          59          62  0.983217186881507     
          19          63  0.864353598366201     
          63          64   1.10615348168973     
          64          65  0.938678728016408     
          65          66  0.991057208595747     
          66          67  0.978495810083275     
          66          68  0.982655286254131     
          66          69  0.983168845557621     
          65          70  0.996273551611351     
          70          71  0.982107873978139     
          70          72  0.983516248645750     
          70          73  0.982321373992364     
          65          74  0.937899517904046     
          63          75   1.12013160348176     
          74          75  0.936343126072804     
          74          76  0.995955161426780     
          76          77  0.983007161975103     
          76          78  0.982220423095636     
          76          79  0.981344839628449     
          74          80  0.991037502246570     
          80          81  0.983964498498331     
          80          82  0.983157248254515     
          80          83  0.983325513361793     
           4          84  0.968646762429775     
          14          85  0.968878825034650     
          19          86  0.581151408539277     
          20          86  0.351913010655270     
          86          87   1.30198554509718     
          86          88   1.40942076182233     
          87          89   1.27881408474831     
          87          90   1.15953892619519     
          88          91   1.41729550857417     
          88          92  0.961282249152574     
          86          93  0.101632795311788     
          89          93   1.36876255108615     
          91          93   1.44240723778642     
          89          94   1.04676268141891     
          90          94  0.106799972297028     
          90          95   1.63702933458427     
          94          95   1.07695954432195     
          91          96  0.968607691223599     
          93          97  0.967078940454147     
          95          98   1.03166342125769     
          98          99  0.980386146449916     
          98         100  0.963977091937656     
          98         101  0.959863977261668     
