           1           2   1.48559511645728     
           2           3   1.37907952702347     
           1           4  0.103473148185275     
           3           4   1.48556480019786     
           2           5  0.113595614547982     
           4           5   1.38312878050066     
           1           6   1.38310165679950     
           3           6  0.113611796534562     
           5           6   1.48300384058756     
           1           7  0.961594059834867     
           4           8  0.961595624305024     
           5           9  0.967083983031700     
           6          10  0.967085400065554     
