   -0.11443759
    0.08083145
   -0.04118252
   -0.02024866
   -0.04141397
    0.04743470
    0.05782147
    0.06136433
    0.05020402
    0.07809750
   -0.12058570
    0.04221878
   -0.04259474
   -0.02185518
   -0.04356251
    0.04972802
    0.05579785
    0.07934488
   -0.15157593
    0.10901385
    0.40664681
   -0.40428792
    0.12958464
   -0.12291970
    0.05475261
    0.04673080
    0.05280014
   -0.11095401
    0.04963062
    0.04320448
    0.02798726
    0.13007227
   -0.39799656
   -0.12270675
    0.05324690
    0.04787407
    0.05040851
   -0.12110473
    0.04773685
    0.05420448
    0.04691362
    0.40023225
   -0.38242194
    0.12820222
   -0.12565774
    0.05072467
    0.05953655
    0.05124818
   -0.12292840
    0.05060606
    0.04806351
    0.05297123
    0.12776722
   -0.37994300
   -0.12542044
    0.05650618
    0.05501564
    0.04980766
   -0.12113609
    0.03623926
    0.05450265
    0.05046771
    0.40072586
   -0.37598513
    0.12446938
   -0.13178724
    0.05978800
    0.05454806
    0.05184593
   -0.13070116
    0.06170330
    0.05201261
    0.05304236
    0.12671360
   -0.37568541
   -0.12552370
    0.05233770
    0.05501414
    0.05576555
   -0.12348475
    0.04165814
    0.05006001
    0.05617913
    0.05767920
    0.05442072
   -0.05839731
    0.09344294
   -0.04102217
   -0.01877888
   -0.16340868
   -0.01420324
    0.07683026
    0.23004100
   -0.42398138
   -0.08454259
   -0.11160845
    0.06717711
    0.05388560
    0.04707578
    0.06268133
    0.04940454
