           1           2   1.32063200244016     
           2           3   1.35466603577382     
           3           4   1.47729777709259     
           4           5   1.39105122590584     
           1           6   1.39109011981956     
           3           6  0.105830796451331     
           5           6   1.45532528039082     
           6           7  0.956382977129444     
           5           8  0.967749497418930     
           3           9  0.961240417343350     
           2          10   1.08318153819397     
          10          11   1.31228506122597     
          11          12   1.39299469435096     
          12          13   1.44922957757388     
          13          14   1.39611728970024     
          10          15   1.36064092745887     
          12          15  0.104532316091567     
          14          15   1.47086345690911     
          15          16  0.961147429173015     
          13          17  0.968399731420537     
          12          18  0.946386516662390     
           1          19  0.436728115737788     
          11          19  0.426854192362579     
          19          20  0.569169939915270     
          19          21  0.739536932512242     
          21          22   1.09854170235566     
          22          23  0.940152986850411     
          23          24  0.996699635426090     
          24          25  0.982491416239737     
          24          26  0.983324548058969     
          24          27  0.982969463834728     
          23          28  0.990534381801475     
          28          29  0.983755066308793     
          28          30  0.983835779064041     
          28          31  0.985006588888405     
          23          32  0.940689680023969     
          21          33   1.11943414109461     
          32          33  0.936791621198119     
          32          34  0.991187905163561     
          34          35  0.980925849050254     
          34          36  0.983311788333308     
          34          37  0.981831864415711     
          32          38  0.997118481741345     
          38          39  0.982956247686729     
          38          40  0.982666473596645     
          38          41  0.983489681119701     
          19          42  0.853888857636882     
          42          43   1.11752872729687     
          43          44  0.934567629810280     
          44          45  0.997307897810754     
          45          46  0.981796754984110     
          45          47  0.981289488411147     
          45          48  0.982839907455509     
          44          49  0.991182731882854     
          49          50  0.983086390749882     
          49          51  0.981511996433085     
          49          52  0.980051314312162     
          44          53  0.939147614041333     
          42          54   1.11512725031287     
          53          54  0.933096612965382     
          53          55  0.996458960935096     
          55          56  0.982051378208905     
          55          57  0.982589495071209     
          55          58  0.982885995773223     
          53          59  0.991678657860938     
          59          60  0.982251872840332     
          59          61  0.982713702073841     
          59          62  0.982839465980492     
          19          63  0.847929887771320     
          63          64   1.11406894816715     
          64          65  0.935476836059889     
          65          66  0.991407785963696     
          66          67  0.978455691316936     
          66          68  0.982494411360138     
          66          69  0.982754923917923     
          65          70  0.996825011016076     
          70          71  0.981762034288095     
          70          72  0.983138912689570     
          70          73  0.982117738069370     
          65          74  0.938340739115072     
          63          75   1.12661191965270     
          74          75  0.933180604796592     
          74          76  0.996254929401815     
          76          77  0.982605249341709     
          76          78  0.981838762990632     
          76          79  0.980821871103434     
          74          80  0.991453849435929     
          80          81  0.983924874767252     
          80          82  0.982990246983522     
          80          83  0.982996494755513     
           4          84  0.968236908801530     
          14          85  0.968408015875895     
          19          86  0.564709680048743     
          20          86  0.315036137099441     
          86          87   1.49665391019546     
          86          88   1.26363482747014     
          87          89   1.13993165229289     
          88          89  0.110526953314693     
          87          90  0.984779959773842     
          88          91   1.50779989021672     
          89          91   1.10559392624810     
          88          92  0.948577713158048     
          91          93   1.10534059013654     
          93          94   1.74374472692276     
          93          95  0.980352717459213     
          95          96  0.991958083625501     
          95          97  0.972820254355523     
          95          98  0.962156885636982     
          96          99  0.987916812034898     
          96         100  0.982221721867419     
          96         101  0.986170861676399     
