   -0.13241184
    0.07353744
   -0.04541951
   -0.02265015
   -0.04396613
    0.04625238
    0.07013635
    0.05301118
    0.04451242
    0.06897553
   -0.12846666
    0.04137380
   -0.04427670
   -0.02629900
   -0.04714501
    0.04363669
    0.05031614
    0.07745110
   -0.16285547
    0.10485630
    0.40412747
   -0.41716295
    0.13152484
   -0.12093462
    0.05231431
    0.04437516
    0.05160622
   -0.10809902
    0.04673398
    0.04081963
    0.02620745
    0.13232973
   -0.41320297
   -0.11785038
    0.04452497
    0.04612351
    0.04947613
   -0.11867594
    0.04436665
    0.05313104
    0.04542813
    0.40729483
   -0.37684076
    0.12964777
   -0.12242515
    0.05177794
    0.05474623
    0.04839696
   -0.11912939
    0.04801225
    0.04934165
    0.04655602
    0.12731032
   -0.38823600
   -0.12326592
    0.04870865
    0.05474000
    0.04857500
   -0.12102734
    0.04092705
    0.05224384
    0.05125721
    0.41192716
   -0.39051548
    0.12639679
   -0.12550515
    0.04702629
    0.05674570
    0.05036793
   -0.12563666
    0.05768116
    0.04870216
    0.04856656
    0.12962352
   -0.38029566
   -0.12304904
    0.05099145
    0.05467031
    0.05270625
   -0.11728568
    0.04182888
    0.04486388
    0.05259801
    0.04952911
    0.04718270
   -0.07247284
    0.05311869
   -0.03745892
   -0.13595572
   -0.11708423
    0.09385429
    0.13103115
    0.21695561
    0.05942656
    0.05679721
    0.05004654
   -0.16831450
   -0.07394317
   -0.27436708
    0.04418484
    0.06435536
    0.05436266
