           1           2   1.31179174120442     
           2           3   1.35128925114194     
           3           4   1.47940431999744     
           4           5   1.38780762116053     
           1           6   1.39604707487235     
           3           6  0.105721343351480     
           5           6   1.45340284871406     
           6           7  0.952228666643985     
           5           8  0.968856268105268     
           3           9  0.962168261206143     
           2          10   1.09109798001667     
          10          11   1.30328398146150     
          11          12   1.38165553180959     
          12          13   1.45898446350149     
          13          14   1.38464748239198     
          10          15   1.35425312510314     
          12          15  0.104373369461761     
          14          15   1.47524185925341     
          15          16  0.962049952587954     
          13          17  0.969011555518131     
          12          18  0.946274417585618     
           1          19  0.412871155587146     
          11          19  0.427272034993045     
          19          20  0.549181269098295     
          19          21  0.726349482672249     
          21          22   1.08396857333533     
          22          23  0.942324232422528     
          23          24  0.996712597379515     
          24          25  0.981113932540246     
          24          26  0.983564009207171     
          24          27  0.983132269169442     
          23          28  0.989862690901596     
          28          29  0.984106791491442     
          28          30  0.984058775337198     
          28          31  0.982470968723647     
          23          32  0.941860018867054     
          21          33   1.10206986475133     
          32          33  0.939744339720331     
          32          34  0.991024724916776     
          34          35  0.982314367446062     
          34          36  0.983516786263843     
          34          37  0.981007812585796     
          32          38  0.996874536642624     
          38          39  0.983310809016196     
          38          40  0.982870934466247     
          38          41  0.983737634848287     
          19          42  0.879536078592506     
          42          43   1.13692972428016     
          43          44  0.941633805254272     
          44          45  0.994667588881331     
          45          46  0.981461607135434     
          45          47  0.982521011975507     
          45          48  0.983648548939016     
          44          49  0.990501933167114     
          49          50  0.983367264751691     
          49          51  0.982247273084604     
          49          52  0.981497528328395     
          44          53  0.935469277679139     
          42          54   1.09193551990140     
          53          54  0.937639832419574     
          53          55  0.994804273279099     
          55          56  0.982840884096918     
          55          57  0.982653677072555     
          55          58  0.983002798345253     
          53          59  0.992694454078521     
          59          60  0.979629738580232     
          59          61  0.982788466013326     
          59          62  0.982753140062961     
          19          63  0.866027585341364     
          63          64   1.07384744913738     
          64          65  0.942239660331407     
          65          66  0.991672391919836     
          66          67  0.980974107925193     
          66          68  0.982194846854825     
          66          69  0.983239680799092     
          65          70  0.994247958126621     
          70          71  0.982274085848341     
          70          72  0.983302755189798     
          70          73  0.982767857736893     
          65          74  0.936272940645324     
          63          75   1.12947493708806     
          74          75  0.938008998413811     
          74          76  0.995943440446547     
          76          77  0.983087421864518     
          76          78  0.982583172511033     
          76          79  0.982115752414600     
          74          80  0.990477551188522     
          80          81  0.982508122270707     
          80          82  0.981702797599301     
          80          83  0.982732561943374     
           4          84  0.969031523146985     
          14          85  0.969223245976170     
          19          86  0.593681490320681     
          20          86  0.340392232202678     
          86          87   1.52334293586345     
          86          88   1.19793923362781     
          87          89   1.14860997660663     
          87          90   1.02984691782051     
          88          91   1.33753379011950     
          88          92   1.17563222239827     
          89          92   1.21206524728599     
          89          93  0.921728233399188     
          90          94  0.973409113822537     
          90          95  0.974885346896606     
          90          96  0.967298061682972     
          91          97  0.959973668452853     
          91          98   1.42026476047695     
          92          99   1.35485049453333     
          98         100   1.39203034544270     
          99         100   1.44160813761381     
          98         101  0.966027691060495     
         100         102  0.962590976389416     
