   -0.11628443
    0.08068083
   -0.04183780
   -0.01977569
   -0.04201119
    0.05001552
    0.05397515
    0.06175685
    0.05273921
    0.07825294
   -0.12831993
    0.04354161
   -0.04365911
   -0.02248114
   -0.04308151
    0.05193917
    0.05405458
    0.06921403
   -0.14180638
    0.07604763
    0.40881632
   -0.40394204
    0.12999582
   -0.12305641
    0.05565903
    0.04685379
    0.05359879
   -0.10999261
    0.05000405
    0.04357445
    0.02574295
    0.13145885
   -0.40745575
   -0.12233464
    0.05211610
    0.04880421
    0.05127864
   -0.12024199
    0.04555518
    0.05466489
    0.04784724
    0.40853137
   -0.37739254
    0.12945056
   -0.13098690
    0.06173360
    0.05830821
    0.05447684
   -0.12179787
    0.05054231
    0.05077591
    0.05030060
    0.12953999
   -0.39893808
   -0.12176407
    0.04808220
    0.05045511
    0.05090449
   -0.12507892
    0.05421120
    0.05452578
    0.04878962
    0.40777415
   -0.37417084
    0.12629964
   -0.13360538
    0.05712451
    0.06238462
    0.05465314
   -0.13100110
    0.06507952
    0.05314066
    0.05237080
    0.12732210
   -0.38048723
   -0.12623767
    0.05377545
    0.05405478
    0.05769899
   -0.12299132
    0.03894638
    0.05240335
    0.05682876
    0.05938698
    0.05583764
    0.04805373
   -0.23469957
    0.06651399
    0.09322020
   -0.13317026
   -0.02431752
   -0.04452429
    0.11619981
    0.08008736
    0.05931656
   -0.24984450
