           1           2   1.32346749171623     
           2           3   1.35196178433970     
           3           4   1.47958734466862     
           4           5   1.39020686088358     
           1           6   1.39276206238512     
           3           6  0.106382210901159     
           5           6   1.45544253838717     
           6           7  0.956254351409951     
           5           8  0.967726401046257     
           3           9  0.961546643131861     
           2          10   1.08480759943390     
          10          11   1.31398171716970     
          11          12   1.38794447394681     
          12          13   1.45535095654703     
          13          14   1.39099204727954     
          10          15   1.35715530994791     
          12          15  0.105382089451132     
          14          15   1.47423100707725     
          15          16  0.961491183690861     
          13          17  0.968598485294350     
          12          18  0.948647075730628     
           1          19  0.431462189995016     
          11          19  0.401921783464802     
          19          20  0.540239282940379     
          19          21  0.724973913034736     
          21          22   1.10550033224851     
          22          23  0.938354364244422     
          23          24  0.996868778868391     
          24          25  0.982280997523622     
          24          26  0.983333823987134     
          24          27  0.982901810080127     
          23          28  0.990597012639437     
          28          29  0.983668822970336     
          28          30  0.983875478456487     
          28          31  0.984787934603760     
          23          32  0.941324374778616     
          21          33   1.10975774619439     
          32          33  0.934875408444450     
          32          34  0.991471319259046     
          34          35  0.981688042125474     
          34          36  0.983329099524304     
          34          37  0.981602118711241     
          32          38  0.997568724766787     
          38          39  0.983147740015824     
          38          40  0.982291001837836     
          38          41  0.983314609679582     
          19          42  0.846424902199405     
          42          43   1.14168036309405     
          43          44  0.932848688572743     
          44          45  0.995590625509497     
          45          46  0.979147652305507     
          45          47  0.981013982641219     
          45          48  0.982161928798768     
          44          49  0.992197137722371     
          49          50  0.982733489081455     
          49          51  0.982445889647156     
          49          52  0.979961255419192     
          44          53  0.936274429885069     
          42          54   1.09292296959960     
          53          54  0.931011359433069     
          53          55  0.994777807430286     
          55          56  0.982708267413771     
          55          57  0.982934961026435     
          55          58  0.982489370874100     
          53          59  0.993863944606699     
          59          60  0.978766752439512     
          59          61  0.982169934026355     
          59          62  0.983002115915876     
          19          63  0.856165546926316     
          63          64   1.11884589240421     
          64          65  0.930927735676940     
          65          66  0.992119840218725     
          66          67  0.979280707487947     
          66          68  0.979713680543056     
          66          69  0.982325703242078     
          65          70  0.997249590644386     
          70          71  0.981322456103048     
          70          72  0.982913248889986     
          70          73  0.982182500668037     
          65          74  0.938932930689584     
          63          75   1.12423217808735     
          74          75  0.930810191072958     
          74          76  0.996655774079359     
          76          77  0.982395730287663     
          76          78  0.982368810238646     
          76          79  0.981896874000597     
          74          80  0.991681628377126     
          80          81  0.983709243665664     
          80          82  0.982929535427841     
          80          83  0.982904347006663     
           4          84  0.967951980029173     
          14          85  0.968253964581425     
          19          86  0.609066677355118     
          20          86  0.334975097833065     
          86          87   1.40642402236837     
          86          88   1.29616114392314     
          87          89   1.33997446302943     
          88          90  0.981112533925012     
          88          91   1.44215478112724     
          89          92   1.36054213099724     
          91          92   1.41259846065845     
          89          93   1.07989213666368     
          91          94  0.960840897259008     
          92          95  0.966412064853043     
          93          96   2.79984665891349     
