   -0.11811089
    0.07932678
   -0.04127117
   -0.01925570
   -0.04054669
    0.04833611
    0.05921375
    0.06371033
    0.05386744
    0.07534456
   -0.12611898
    0.04167335
   -0.04185754
   -0.02112547
   -0.04440725
    0.05461443
    0.05787799
    0.07875528
   -0.14179775
    0.10303962
    0.40252412
   -0.40057819
    0.12887384
   -0.12411562
    0.05593678
    0.04746116
    0.05334535
   -0.11283726
    0.05048823
    0.04447699
    0.02944071
    0.12966885
   -0.39655050
   -0.12444077
    0.05434905
    0.04874383
    0.05131051
   -0.12224887
    0.04850064
    0.05481232
    0.04768451
    0.40037593
   -0.37808324
    0.12803820
   -0.12736009
    0.05533860
    0.05858915
    0.05161273
   -0.12411620
    0.05149263
    0.04922029
    0.05434314
    0.12731748
   -0.38049687
   -0.12604532
    0.05709598
    0.05509943
    0.05071683
   -0.12192361
    0.04150510
    0.05510612
    0.04857806
    0.39979293
   -0.37683428
    0.12456016
   -0.13225369
    0.06021772
    0.05432555
    0.05233284
   -0.13059621
    0.06078081
    0.05260928
    0.05331551
    0.12623332
   -0.37198781
   -0.12657177
    0.05285387
    0.05639688
    0.05656698
   -0.12477507
    0.04219814
    0.05245642
    0.05673543
    0.06058635
    0.05788116
   -0.01802970
   -0.06681892
   -0.06266265
    0.24563769
    0.06186415
    0.17299801
    0.07866124
   -0.23970017
   -0.28037006
   -0.16292238
