           1           2   1.32380391040996     
           2           3   1.35671233271949     
           3           4   1.47473928835797     
           4           5   1.39504446772058     
           1           6   1.39495936720481     
           3           6  0.105537318431219     
           5           6   1.45167696263065     
           6           7  0.956186770361283     
           5           8  0.967469504690791     
           3           9  0.961100031283311     
           2          10   1.08004437664519     
          10          11   1.31637368048254     
          11          12   1.39565961458093     
          12          13   1.44802977236486     
          13          14   1.39815752202378     
          10          15   1.36151184440240     
          12          15  0.104817776525070     
          14          15   1.47025042285588     
          15          16  0.960882843613231     
          13          17  0.968152449827885     
          12          18  0.946796525893670     
           1          19  0.421853553030315     
          11          19  0.414759399313463     
          19          20  0.530540587381083     
          19          21  0.749630874141985     
          21          22   1.10149888751450     
          22          23  0.939192555246001     
          23          24  0.996836053246189     
          24          25  0.982321626998927     
          24          26  0.983238382808936     
          24          27  0.982908280191811     
          23          28  0.990591444188998     
          28          29  0.983661196406997     
          28          30  0.983779390262113     
          28          31  0.985295262993193     
          23          32  0.940955403617744     
          21          33   1.12160597845790     
          32          33  0.935719770180649     
          32          34  0.991161078634975     
          34          35  0.980822345986889     
          34          36  0.983244979069291     
          34          37  0.981800629927842     
          32          38  0.997329318950278     
          38          39  0.982939242612640     
          38          40  0.982543330247849     
          38          41  0.983384384141619     
          19          42  0.846822376269125     
          42          43   1.12941821794614     
          43          44  0.932019541638629     
          44          45  0.997453791517677     
          45          46  0.981889716901246     
          45          47  0.981345694850395     
          45          48  0.982687868445756     
          44          49  0.991350920848787     
          49          50  0.982973489053213     
          49          51  0.982157417250765     
          49          52  0.979717637905775     
          44          53  0.939094606920433     
          42          54   1.11587699976253     
          53          54  0.930580919924956     
          53          55  0.996431195209624     
          55          56  0.982036506032002     
          55          57  0.982631344554996     
          55          58  0.982721946981434     
          53          59  0.992320619068260     
          59          60  0.982138041344754     
          59          61  0.982560331858466     
          59          62  0.982957806741605     
          19          63  0.850128302115352     
          63          64   1.11565595953639     
          64          65  0.934705713171799     
          65          66  0.991644518721999     
          66          67  0.978308179513860     
          66          68  0.982387521338147     
          66          69  0.982663742628025     
          65          70  0.996724898412441     
          70          71  0.981850060814731     
          70          72  0.983088839654813     
          70          73  0.982027916866072     
          65          74  0.937905143874865     
          63          75   1.13223941720185     
          74          75  0.932084875971922     
          74          76  0.996356127322898     
          76          77  0.982505327039336     
          76          78  0.981812872631668     
          76          79  0.981338764338368     
          74          80  0.991794216843132     
          80          81  0.983726484120300     
          80          82  0.982791587611900     
          80          83  0.982907500833548     
           4          84  0.967876331019676     
          14          85  0.968031138775802     
          19          86  0.595236420152150     
          20          86  0.351958889487953     
          86          87   1.35784419730274     
          86          88   1.35055262517224     
          87          89   1.40683454727706     
          87          90  0.960940034416234     
          88          91   1.43288490283205     
          88          92  0.956946886234574     
          89          93  0.939143171790890     
          89          94   1.38266526380298     
          91          94   1.36822806158260     
          91          95  0.966698353459759     
