           1           2   1.18798457592564     
           2           3   1.65665894035531     
           3           4   1.20282926626373     
           4           5   1.10902254173860     
           5           6   2.78086489544392     
           1           7   1.24504599630921     
           2           7  0.102766502917108     
           4           7   1.51142791159374     
           2           8  0.966415363261565     
           3           9  0.962985357305163     
           7          10  0.968716912133625     
