   -0.12502121
    0.07499095
   -0.04416297
   -0.02245388
   -0.04449303
    0.04845397
    0.05241923
    0.05532294
    0.04685132
    0.07103036
   -0.13137025
    0.04027872
   -0.04574272
   -0.02597659
   -0.04495664
    0.04495466
    0.05049934
    0.07585428
   -0.15258201
    0.08348270
    0.40505610
   -0.40724257
    0.13006370
   -0.12149206
    0.05355667
    0.04486452
    0.05144009
   -0.10900478
    0.04758151
    0.04149230
    0.02738042
    0.13079094
   -0.40380243
   -0.12115287
    0.05062984
    0.04626573
    0.05059799
   -0.12014089
    0.04656606
    0.05391579
    0.04545306
    0.40670451
   -0.37498875
    0.12795288
   -0.12642486
    0.05601960
    0.05659717
    0.05012740
   -0.12279086
    0.04898203
    0.04708973
    0.05309533
    0.12763912
   -0.38235072
   -0.12502837
    0.05421871
    0.05425952
    0.04927742
   -0.12480050
    0.04612102
    0.05366340
    0.04944940
    0.40515491
   -0.37394600
    0.12528403
   -0.13059428
    0.06104818
    0.05397432
    0.05057173
   -0.12809349
    0.05989194
    0.05070201
    0.05161636
    0.12664132
   -0.37826296
   -0.12466350
    0.05096394
    0.05331333
    0.05651450
   -0.12201548
    0.03999957
    0.04934721
    0.05453017
    0.05252418
    0.04861615
    0.06089959
   -0.04070987
   -0.23924474
   -0.02237381
    0.02893203
    0.08954791
   -0.06039744
    0.03737800
   -0.01854901
    0.04077392
    0.00083937
    0.06700759
    0.07045322
   -0.03226279
   -0.02842063
   -0.07568406
    0.02366059
   -0.07438541
    0.03946588
    0.01229483
    0.01264522
