           1           2   1.30902887766987     
           2           3   1.34396020131925     
           3           4   1.48755260371600     
           4           5   1.37845194216761     
           1           6   1.38881070172939     
           3           6  0.106325529897793     
           5           6   1.46203149230636     
           6           7  0.957003939366791     
           5           8  0.968546118913349     
           3           9  0.962002295480559     
           2          10   1.09662200653968     
          10          11   1.29591250041835     
          11          12   1.37734422618794     
          12          13   1.46484771612504     
          13          14   1.37726007325386     
          10          15   1.35059138919127     
          12          15  0.105062834903854     
          14          15   1.48145198499598     
          15          16  0.961961720177484     
          13          17  0.968975303531506     
          12          18  0.947101568896886     
           1          19  0.441190307813379     
          11          19  0.437276064244174     
          19          20  0.530962917285031     
          19          21  0.710552243516495     
          21          22   1.09460404737992     
          22          23  0.941718223257612     
          23          24  0.996578097897695     
          24          25  0.982673274553998     
          24          26  0.983553602561974     
          24          27  0.983181724195658     
          23          28  0.990103054697949     
          28          29  0.983993846862932     
          28          30  0.984022027482216     
          28          31  0.984847395893311     
          23          32  0.941134804945052     
          21          33   1.11016581387049     
          32          33  0.938491248265629     
          32          34  0.990930105927177     
          34          35  0.981989568104185     
          34          36  0.983573374377803     
          34          37  0.981875722192332     
          32          38  0.996930580897447     
          38          39  0.983120581931961     
          38          40  0.982657684950664     
          38          41  0.983692009377257     
          19          42  0.848887451805864     
          42          43   1.12964173407561     
          43          44  0.935368981966329     
          44          45  0.996594181187195     
          45          46  0.982190098189268     
          45          47  0.981833328110562     
          45          48  0.983029334440712     
          44          49  0.990766631008576     
          49          50  0.983422607023729     
          49          51  0.982639429633653     
          49          52  0.979195309687408     
          44          53  0.939026986965628     
          42          54   1.10528219792227     
          53          54  0.933722713009295     
          53          55  0.996460016868338     
          55          56  0.982449755348884     
          55          57  0.982793645340533     
          55          58  0.983081384907815     
          53          59  0.991610018656528     
          59          60  0.979725812636793     
          59          61  0.982877439070950     
          59          62  0.983164940741179     
          19          63  0.862223410780858     
          63          64   1.12033123602938     
          64          65  0.936388303743359     
          65          66  0.991363196263942     
          66          67  0.978511998456681     
          66          68  0.982341208651640     
          66          69  0.982991754310835     
          65          70  0.996722415714635     
          70          71  0.982062066402036     
          70          72  0.983280441199672     
          70          73  0.982342223922346     
          65          74  0.937799734151703     
          63          75   1.11798578568638     
          74          75  0.935578680242939     
          74          76  0.995887606904963     
          76          77  0.982938627429066     
          76          78  0.982304803004835     
          76          79  0.981701427617396     
          74          80  0.991139449473670     
          80          81  0.984075187619484     
          80          82  0.983234227290161     
          80          83  0.983281738774536     
           4          84  0.968795720380751     
          14          85  0.969102446156412     
          19          86  0.607222587416672     
          20          86  0.334669767682729     
          86          87   1.34396578165300     
          86          88   1.40041471618025     
          87          89   1.46049322459997     
          87          90  0.964140637565405     
          87          91  0.108716227612430     
          88          91   1.40673282388418     
          89          92   1.41992816681887     
          91          92   1.40315026596269     
          89          93  0.967608249173001     
          91          94  0.982701124680660     
          92          95  0.967897299907618     
          94          96  0.984326876815941     
          94          97  0.968358581953156     
          94          98  0.958699670710030     
          96          99   1.22623965444164     
          96         100   1.23055372022825     
          99         100  0.130132458591568     
          99         101   1.54249001081120     
          99         102  0.969871406707414     
         100         103   1.54898351725951     
         101         103   1.33179804733931     
         100         104  0.968885578713848     
         101         105  0.975388217752102     
         103         106  0.975551448471590     
