   -0.12095017
    0.07611956
   -0.04296198
   -0.02374087
   -0.04495793
    0.04733845
    0.05021884
    0.05316227
    0.04342414
    0.07210686
   -0.12404442
    0.04286528
   -0.04598770
   -0.02548522
   -0.04569718
    0.04156897
    0.04840932
    0.07613770
   -0.16888348
    0.09430313
    0.40340691
   -0.41185403
    0.13071472
   -0.12003294
    0.05265346
    0.04388215
    0.04953009
   -0.10791900
    0.04622080
    0.04020483
    0.02760323
    0.13107375
   -0.40496245
   -0.12005241
    0.05153261
    0.04461076
    0.04874042
   -0.11887837
    0.04615944
    0.05250434
    0.04399742
    0.40085468
   -0.38701424
    0.12828260
   -0.12830323
    0.05656550
    0.05744450
    0.04932175
   -0.12132740
    0.04722127
    0.04446315
    0.05259897
    0.12780978
   -0.38100747
   -0.12344613
    0.05258127
    0.05341665
    0.04763052
   -0.12425623
    0.04603759
    0.05207929
    0.05150632
    0.40110738
   -0.37592022
    0.12451682
   -0.13184058
    0.05750648
    0.05614056
    0.05069918
   -0.12984106
    0.06096607
    0.05029809
    0.05285701
    0.12751284
   -0.38373547
   -0.12409870
    0.05073234
    0.05246653
    0.05494689
   -0.12160154
    0.03955336
    0.04857209
    0.05425944
    0.04963544
    0.04591620
   -0.02132761
   -0.07233544
    0.00057421
   -0.07975986
   -0.00392183
   -0.03742719
   -0.08041027
    0.00448799
    0.02316576
    0.09105901
    0.06645775
    0.06424787
