           1           2   1.30500176842222     
           2           3   1.34580133464212     
           3           4   1.48697262165744     
           4           5   1.37557651967782     
           1           6   1.38278862421709     
           3           6  0.106009281980385     
           5           6   1.46596898066432     
           6           7  0.956502289975917     
           5           8  0.968748430116873     
           3           9  0.961851900817427     
           2          10   1.09662522573701     
          10          11   1.30205333116226     
          11          12   1.38507686544355     
          12          13   1.45935901870074     
          13          14   1.38142395306096     
          10          15   1.35004248016469     
          12          15  0.105285088741483     
          14          15   1.48130474232122     
          15          16  0.961902642902602     
          13          17  0.969260919023451     
          12          18  0.948426820788892     
           1          19  0.455722542035298     
          11          19  0.434441055108833     
          19          20  0.547146053763783     
          19          21  0.716120542015707     
          21          22   1.08946130232688     
          22          23  0.943728362723494     
          23          24  0.996363168433171     
          24          25  0.982768208455827     
          24          26  0.983758916678183     
          24          27  0.983413879806591     
          23          28  0.989963099239256     
          28          29  0.984144218410014     
          28          30  0.984101768917112     
          28          31  0.985359899146574     
          23          32  0.941022208324480     
          21          33   1.10753400862589     
          32          33  0.940375775501312     
          32          34  0.990692096645577     
          34          35  0.981172525885344     
          34          36  0.983852701723298     
          34          37  0.982428036740266     
          32          38  0.996705488972027     
          38          39  0.983281741514267     
          38          40  0.982749552960733     
          38          41  0.983856721256154     
          19          42  0.869995554117303     
          42          43   1.10062943158275     
          43          44  0.937238599800363     
          44          45  0.996536357351292     
          45          46  0.981765534821050     
          45          47  0.981624805466779     
          45          48  0.983294724695702     
          44          49  0.990961327842103     
          49          50  0.983435120248589     
          49          51  0.982904419431271     
          49          52  0.979224819656017     
          44          53  0.938759515912823     
          42          54   1.11216250956042     
          53          54  0.935833594041401     
          53          55  0.996176944422142     
          55          56  0.982579914869605     
          55          57  0.982856773328684     
          55          58  0.983235421867301     
          53          59  0.991339742666905     
          59          60  0.983504304080610     
          59          61  0.983194461595330     
          59          62  0.982915859730168     
          19          63  0.877071974759607     
          63          64   1.10738750401990     
          64          65  0.939192193906900     
          65          66  0.990950583448518     
          66          67  0.979007843433484     
          66          68  0.982171760365341     
          66          69  0.982976316817464     
          65          70  0.996422257080521     
          70          71  0.981936757326589     
          70          72  0.983399477013249     
          70          73  0.982257328912726     
          65          74  0.938494643039578     
          63          75   1.11422988850232     
          74          75  0.935654075169952     
          74          76  0.996230383106844     
          76          77  0.982787017353112     
          76          78  0.982221875208871     
          76          79  0.982141314800667     
          74          80  0.991129083835381     
          80          81  0.983604683745909     
          80          82  0.983347556569479     
          80          83  0.983256183488037     
           4          84  0.969154610850470     
          14          85  0.969322347155791     
          19          86  0.594693011926433     
          20          86  0.334302446052135     
          86          87   1.46751950969321     
          86          88   1.21802912580742     
          87          89   1.33334548671552     
          87          90  0.970190885262326     
          86          91  0.114279627008605     
          88          91   1.22111943931704     
          89          91   1.52757241004699     
          88          92   1.00226647006430     
          89          93  0.974357793584219     
          91          94  0.969182258795649     
          92          95  0.961128334630041     
          92          96  0.970428508911270     
          92          97  0.979272965317818     
