   -0.11838170
    0.08694566
   -0.03671965
   -0.01865572
   -0.04134987
    0.04917871
    0.05363360
    0.06182657
    0.05520559
    0.08281913
   -0.13046403
    0.04175325
   -0.04464163
   -0.02211406
   -0.04086528
    0.05399711
    0.05567925
    0.07333842
   -0.14903714
    0.08654759
    0.40578776
   -0.40658279
    0.13012160
   -0.12354062
    0.05533361
    0.04742265
    0.05315529
   -0.11128608
    0.05050911
    0.04329361
    0.02846450
    0.13053909
   -0.39927502
   -0.12133473
    0.04983153
    0.04931246
    0.05064816
   -0.12072144
    0.04819366
    0.05380205
    0.04771838
    0.40366519
   -0.37620086
    0.12820028
   -0.12645666
    0.05978157
    0.05602936
    0.04900512
   -0.12251237
    0.05002987
    0.04772873
    0.05355126
    0.12747768
   -0.38392082
   -0.12393236
    0.05416409
    0.05332028
    0.04948296
   -0.12129456
    0.04611854
    0.05154762
    0.04721050
    0.40233062
   -0.37719452
    0.12543242
   -0.12930632
    0.05816488
    0.05387157
    0.05101567
   -0.12975699
    0.06009166
    0.05224634
    0.05312277
    0.12638921
   -0.37863321
   -0.12547480
    0.05224516
    0.05516296
    0.05572287
   -0.12421591
    0.04015320
    0.05345031
    0.05614242
    0.06075238
    0.05719226
   -0.02001569
    0.01424962
   -0.02173021
   -0.02709312
    0.12388028
   -0.02084747
    0.06771625
   -0.03615582
    0.04924534
   -0.29931004
    0.35016274
    0.06181370
   -0.45842690
   -0.26625292
    0.01435183
    0.09082793
    0.07306181
    0.07253372
