           1           2   1.32135121046567     
           2           3   1.35415495023305     
           3           4   1.47774329447799     
           4           5   1.39222557223016     
           1           6   1.39278911890235     
           3           6  0.105958958056209     
           5           6   1.45426567304063     
           6           7  0.956154112293846     
           5           8  0.967697775639329     
           3           9  0.960735521025163     
           2          10   1.08138383202153     
          10          11   1.31228688622442     
          11          12   1.38767756230324     
          12          13   1.45356653876444     
          13          14   1.39273531778845     
          10          15   1.36004226779850     
          12          15  0.104844829696441     
          14          15   1.47270645313061     
          15          16  0.960672575234913     
          13          17  0.968373012094635     
          12          18  0.948729777812684     
           1          19  0.432959595287760     
          11          19  0.425903535463984     
          19          20  0.528978327534950     
          19          21  0.730855195089106     
          21          22   1.09721341126651     
          22          23  0.939265623979995     
          23          24  0.996855685500629     
          24          25  0.982491717417617     
          24          26  0.983271637605163     
          24          27  0.982965025531523     
          23          28  0.990351859478669     
          28          29  0.983598527100209     
          28          30  0.983610284907531     
          28          31  0.985129575338935     
          23          32  0.941190240942137     
          21          33   1.12012618896020     
          32          33  0.935816835774205     
          32          34  0.991149719068283     
          34          35  0.982624468690242     
          34          36  0.983308967945746     
          34          37  0.982093871150149     
          32          38  0.997032807317011     
          38          39  0.982957628143481     
          38          40  0.982295872024883     
          38          41  0.983347145276278     
          19          42  0.833066286592911     
          42          43   1.13307303514361     
          43          44  0.934012426023347     
          44          45  0.996143356357924     
          45          46  0.980227656612370     
          45          47  0.981267123793337     
          45          48  0.983094821220622     
          44          49  0.991408648824499     
          49          50  0.982993535497838     
          49          51  0.982723918388264     
          49          52  0.979486982079941     
          44          53  0.937031886479591     
          42          54   1.11036777335342     
          53          54  0.932960272037551     
          53          55  0.995225641807908     
          55          56  0.982082338584796     
          55          57  0.982848010646910     
          55          58  0.982864791068195     
          53          59  0.992886721027975     
          59          60  0.979684237812306     
          59          61  0.982965019463911     
          59          62  0.983227620335813     
          19          63  0.853960602513448     
          63          64   1.11852694560543     
          64          65  0.935518406938832     
          65          66  0.991624892356526     
          66          67  0.978292637359179     
          66          68  0.982419995516899     
          66          69  0.982868415089757     
          65          70  0.996515911147234     
          70          71  0.982015015068544     
          70          72  0.983187549767773     
          70          73  0.982084277487695     
          65          74  0.937972298523264     
          63          75   1.12295462729557     
          74          75  0.933057874114549     
          74          76  0.996292363751730     
          76          77  0.982662757683392     
          76          78  0.982163485872640     
          76          79  0.982059502676959     
          74          80  0.991610375252211     
          80          81  0.983367520789407     
          80          82  0.982827496507516     
          80          83  0.982989881758971     
           4          84  0.967843874262779     
          14          85  0.968135439178011     
          19          86  0.613781331405762     
          20          86  0.350903711884748     
          86          87   1.30032401259539     
          86          88   1.37041864676325     
          87          89   1.31682926326177     
          87          90   1.11429025872073     
          88          91   1.41283074990666     
          88          92  0.953882178392371     
          89          93   1.49574017051527     
          91          93   1.33078608270181     
          89          94  0.967069894696264     
          90          95   2.75018161775551     
          91          96   1.01146448644324     
          93          97  0.964434429414623     
          96          98   1.68541330730286     
          96          99   1.13524838003090     
          98          99  0.166343635332177     
          99         100  0.947532624750338     
         100         101  0.978632562826455     
         100         102  0.975613934644416     
         100         103  0.975812046183619     
