   -0.12534585
    0.07694307
   -0.04422458
   -0.02230919
   -0.04446540
    0.04951091
    0.05270470
    0.05460037
    0.04435237
    0.07369737
   -0.13013963
    0.04032297
   -0.04533164
   -0.02490759
   -0.04540764
    0.04246175
    0.05043326
    0.07910015
   -0.14358345
    0.07981524
    0.40433997
   -0.41311368
    0.13113157
   -0.12058461
    0.05300761
    0.04354905
    0.04991920
   -0.10683920
    0.04569460
    0.03911721
    0.02601008
    0.13156971
   -0.40730318
   -0.11871697
    0.04556534
    0.04586348
    0.05078501
   -0.11821256
    0.04488417
    0.05250528
    0.04419316
    0.40346936
   -0.38405366
    0.12860432
   -0.12678057
    0.05524660
    0.05537635
    0.04956632
   -0.12205178
    0.04664852
    0.04627484
    0.05372711
    0.12707456
   -0.38105603
   -0.12308862
    0.05035691
    0.05291570
    0.04755343
   -0.12684835
    0.05118301
    0.05096265
    0.05326522
    0.39897894
   -0.37344042
    0.12542967
   -0.13136444
    0.06079502
    0.05408654
    0.05035057
   -0.12953967
    0.06154306
    0.05035288
    0.05325524
    0.12632036
   -0.37901774
   -0.12440738
    0.05017909
    0.05084879
    0.05656072
   -0.12278658
    0.03974959
    0.05047079
    0.05366531
    0.05115408
    0.04912125
   -0.03226179
   -0.05063644
    0.00113163
    0.02107289
    0.01957472
   -0.08588622
   -0.05049388
    0.06847392
   -0.03442168
   -0.10428508
    0.06028530
    0.07212035
    0.04587460
    0.02602262
   -0.34253633
   -0.02472995
    0.03546101
    0.03744910
    0.04037134
   -0.05613595
    0.56082755
   -0.03945844
   -0.04205776
    0.03033019
   -0.21727886
   -0.20882191
   -0.21284002
   -0.04903872
    0.03425884
    0.02946066
    0.04544138
    0.04372052
    0.04614281
    0.03811503
    0.04164168
    0.03432335
    0.04839184
    0.03541974
    0.03456306
    0.02816488
