           1           2   1.31424350191003     
           2           3   1.34537723868070     
           3           4   1.48555745177403     
           4           5   1.38211821144655     
           1           6   1.39379414120093     
           3           6  0.106331659457419     
           5           6   1.45867388137035     
           6           7  0.956919533743209     
           5           8  0.968649706492026     
           3           9  0.961758248679718     
           2          10   1.09341282137859     
          10          11   1.30274790159630     
          11          12   1.38457256673425     
          12          13   1.45722009363897     
          13          14   1.38143015222841     
          10          15   1.34861428090682     
          12          15  0.105146158879196     
          14          15   1.47842888898643     
          15          16  0.961011108499580     
          13          17  0.968930560205258     
          12          18  0.945631229389604     
           1          19  0.419323379223210     
          11          19  0.412594855861214     
          19          20  0.541475740109613     
          19          21  0.689508526497406     
          21          22   1.08754408488438     
          22          23  0.943884927052419     
          23          24  0.996445296229771     
          24          25  0.982726674209325     
          24          26  0.983702675322994     
          24          27  0.983335503751886     
          23          28  0.989690078568999     
          28          29  0.984072260300430     
          28          30  0.983906362847840     
          28          31  0.984108614537936     
          23          32  0.941324341417461     
          21          33   1.10491496941310     
          32          33  0.940688873358468     
          32          34  0.990846291784459     
          34          35  0.983800025774823     
          34          36  0.983714661009998     
          34          37  0.981515247103670     
          32          38  0.996445661325115     
          38          39  0.983190477541837     
          38          40  0.982377991683765     
          38          41  0.983800295167574     
          19          42  0.850823884838564     
          42          43   1.10996692199773     
          43          44  0.938939893222248     
          44          45  0.995381323829682     
          45          46  0.981396836812229     
          45          47  0.981719111392712     
          45          48  0.983070097665719     
          44          49  0.991433861989103     
          49          50  0.983332395056640     
          49          51  0.983090433944362     
          49          52  0.977546283944094     
          44          53  0.936546850525640     
          42          54   1.10237795001900     
          53          54  0.936133070866199     
          53          55  0.995120170877759     
          55          56  0.982582865990259     
          55          57  0.982799023520065     
          55          58  0.983152125264030     
          53          59  0.992064226696711     
          59          60  0.979062602262326     
          59          61  0.982933900703755     
          59          62  0.982600214354806     
          19          63  0.885151979132416     
          63          64   1.11771082251797     
          64          65  0.934672061839636     
          65          66  0.991604044168107     
          66          67  0.978279356954155     
          66          68  0.982283639945624     
          66          69  0.983049669706799     
          65          70  0.997385540584974     
          70          71  0.981844914908114     
          70          72  0.983189025090660     
          70          73  0.982154638492022     
          65          74  0.938398658053469     
          63          75   1.11000779099754     
          74          75  0.937605945831098     
          74          76  0.995459457959729     
          76          77  0.983204764470564     
          76          78  0.982885521973278     
          76          79  0.982209593032002     
          74          80  0.990718312229699     
          80          81  0.983664724705945     
          80          82  0.983244102935482     
          80          83  0.983430071843031     
           4          84  0.968926910288199     
          14          85  0.968995191220124     
          19          86  0.617034655588490     
          20          86  0.330857317797596     
          86          87   1.42348764578995     
          86          88   1.29763583453808     
          87          89   1.34781588024378     
          87          90  0.958125694987190     
          88          91   1.01057332386568     
          88          92   1.46802675516502     
          89          93   1.11970791174184     
          89          94   1.25628387717467     
          92          94   1.33968096246983     
          91          95   1.01891193001254     
          91          96  0.938357833928878     
          91          97  0.943982082420122     
          92          98  0.960026901068347     
          93          99   1.14732946915465     
          93         100  0.981445484550104     
          94         101   1.15335124023846     
          99         101   1.23724670456733     
          95         102  0.984936697044496     
          95         103  0.985842468175494     
          95         104  0.985307728475877     
          99         105   1.35615684646960     
         100         106  0.994513020262702     
         101         107   1.36691916024211     
         105         107  0.103769459795983     
         105         108   1.46545987340706     
         105         109  0.967501329393228     
         106         110  0.897485066647473     
         106         111  0.897765162338404     
         106         112  0.883056787571294     
         107         113   1.46914113743989     
         108         113   1.39522738941829     
         107         114  0.968661110973445     
         108         115  0.971862946437019     
         110         116  0.982769604350520     
         110         117  0.989123150715136     
         110         118  0.982480229386152     
         111         119  0.984875990841670     
         111         120  0.990761318396911     
         111         121  0.981752461549531     
         112         122  0.985121381406778     
         112         123  0.983660099879416     
         112         124  0.996039467478693     
         113         125  0.971679284963209     
