   -0.00193021
   -0.06101967
   -0.02897144
   -0.07258330
   -0.06612094
   -0.01393207
    0.26259400
   -0.51056473
   -0.08793205
   -0.00464398
   -0.06627601
   -0.05648797
   -0.06121649
   -0.05639279
   -0.10587534
   -0.00701870
   -0.06972304
   -0.05888324
   -0.06221999
   -0.05111111
   -0.10611254
    0.07578361
    0.06502261
    0.06511379
    0.03730228
    0.02158804
    0.01863719
    0.04730204
    0.06796889
    0.04643219
    0.04565168
    0.02913284
    0.03430244
    0.03015333
    0.03297523
    0.03395092
    0.02953744
    0.03350469
    0.03448336
    0.03590526
    0.05444749
    0.06112423
    0.04687620
    0.05125028
    0.02852683
    0.03522650
    0.03309071
    0.03385317
    0.02399820
    0.02772675
    0.03538327
    0.03433153
    0.03583859
