           1           2   1.00291282430950     
           1           3   1.23154987552234     
           3           4   1.53883125094868     
           4           5   1.33982429565899     
           1           6   1.20231909204378     
           3           6  0.126449778038461     
           5           6   1.49597052062636     
           6           7  0.970731639379812     
           7           8   1.60508590064419     
           7           9   1.28110722312176     
           8           9  0.200132979894192     
           9          10  0.979192908628987     
          10          11  0.997970125816783     
          11          12   1.00854878753666     
          12          13   1.00682547820384     
          13          14   1.00752661180360     
          14          15   1.02007686783345     
           9          16  0.986117182833058     
          16          17  0.995135018624001     
          17          18   1.00762424032925     
          18          19   1.00845756582284     
          19          20   1.00766922690779     
          20          21   1.01914809915041     
           2          22  0.977363665331999     
           2          23  0.970606572869670     
           2          24  0.976849290742710     
           3          25  0.968850047163835     
           4          26  0.974513929040023     
           5          27  0.974224447336730     
          10          28  0.962473081975963     
          10          29  0.963721537536570     
          11          30  0.972489443592669     
          11          31  0.972925172697240     
          12          32  0.976406705390627     
          12          33  0.973150181017328     
          13          34  0.977334487524097     
          13          35  0.977009267667151     
          14          36  0.976738969958628     
          14          37  0.978349682888841     
          15          38  0.985606209230552     
          15          39  0.987335153333599     
          15          40  0.987587562944874     
          16          41  0.962311879034968     
          16          42  0.961019968903206     
          17          43  0.973251151564003     
          17          44  0.972585579228642     
          18          45  0.975948969939250     
          18          46  0.976751816301362     
          19          47  0.977112382217931     
          19          48  0.971809237229203     
          20          49  0.978235983292742     
          20          50  0.978719760082978     
          21          51  0.987707244803170     
          21          52  0.987451524817808     
          21          53  0.987903146938259     
