   -0.11076440
    0.08306697
   -0.04267804
   -0.02164701
   -0.04298703
    0.04960675
    0.05178762
    0.05830205
    0.04808531
    0.07928445
   -0.12369870
    0.04062331
   -0.04588378
   -0.02599081
   -0.04564970
    0.04887206
    0.05014305
    0.06994197
   -0.14274246
    0.09387758
    0.41028136
   -0.40474305
    0.12999939
   -0.12238146
    0.05507237
    0.04616903
    0.05307539
   -0.10961365
    0.04923010
    0.04333205
    0.02564140
    0.13174545
   -0.40841130
   -0.12237976
    0.05327932
    0.04752716
    0.05092571
   -0.11963157
    0.04489349
    0.05395981
    0.04711684
    0.40929821
   -0.37767901
    0.12938598
   -0.13183129
    0.06401296
    0.05712419
    0.05352431
   -0.12079529
    0.04903258
    0.04966617
    0.04931063
    0.12921079
   -0.39581431
   -0.12110146
    0.04686596
    0.04966752
    0.04962134
   -0.12654212
    0.05748229
    0.05308507
    0.04895181
    0.40762801
   -0.37339684
    0.12608079
   -0.13528139
    0.05805289
    0.06421825
    0.05385873
   -0.13099286
    0.06536938
    0.05211328
    0.05143770
    0.12741312
   -0.38248931
   -0.12546725
    0.05282856
    0.05276829
    0.05755743
   -0.12213320
    0.03869349
    0.05045097
    0.05584241
    0.05599715
    0.05173915
   -0.05372116
    0.05950777
    0.05831069
    0.10458580
   -0.31512492
   -0.15690071
   -0.04866473
   -0.06988636
   -0.25547143
    0.22499991
    0.07714005
    0.06053355
   -0.13909615
    0.09013428
    0.07695000
    0.08530102
