           1           2   1.32021109349003     
           2           3   1.35112285479857     
           3           4   1.48050431309979     
           4           5   1.38842952340150     
           1           6   1.39419422912713     
           3           6  0.106299459889003     
           5           6   1.45544354436833     
           6           7  0.957058748816332     
           5           8  0.968199156302260     
           3           9  0.961661618978390     
           2          10   1.08753531654532     
          10          11   1.30524400740782     
          11          12   1.38562186860289     
          12          13   1.45632180898787     
          13          14   1.38809596718590     
          10          15   1.35798014940588     
          12          15  0.104507703658462     
          14          15   1.47373792812882     
          15          16  0.961442527793591     
          13          17  0.969021772460560     
          12          18  0.947874201005624     
           1          19  0.433683299129480     
          11          19  0.421653333482708     
          19          20  0.547720466379735     
          19          21  0.725537632826609     
          21          22   1.10276487042756     
          22          23  0.939358291465328     
          23          24  0.996690063298661     
          24          25  0.982394588692575     
          24          26  0.983432361880106     
          24          27  0.982983085473238     
          23          28  0.990457956211783     
          28          29  0.983826027874510     
          28          30  0.983931901753852     
          28          31  0.984755627848351     
          23          32  0.941177090308419     
          21          33   1.10753528587168     
          32          33  0.935851796160028     
          32          34  0.991406175279683     
          34          35  0.981064405421667     
          34          36  0.983410522921407     
          34          37  0.981241630102303     
          32          38  0.997372053127990     
          38          39  0.983241414451847     
          38          40  0.982427154300582     
          38          41  0.983475970665046     
          19          42  0.848269546079531     
          42          43   1.13783875305559     
          43          44  0.934804685824830     
          44          45  0.995308095882467     
          45          46  0.978817691599005     
          45          47  0.981016836383176     
          45          48  0.982256223003083     
          44          49  0.991825779085367     
          49          50  0.982990042789563     
          49          51  0.982508663619716     
          49          52  0.979848332299442     
          44          53  0.936140514537573     
          42          54   1.09594165772449     
          53          54  0.932261142333908     
          53          55  0.994475436520069     
          55          56  0.982919231849154     
          55          57  0.983115803890414     
          55          58  0.982742512922924     
          53          59  0.993813878060439     
          59          60  0.978248681985546     
          59          61  0.982259659238861     
          59          62  0.982969462903540     
          19          63  0.851825784548896     
          63          64   1.11845904023440     
          64          65  0.932446454997092     
          65          66  0.991979944928576     
          66          67  0.978868116922413     
          66          68  0.979448753772946     
          66          69  0.982457619547247     
          65          70  0.996915424291752     
          70          71  0.981358190125979     
          70          72  0.983178250490426     
          70          73  0.982323713184834     
          65          74  0.938904788827700     
          63          75   1.11772061537404     
          74          75  0.932514800530618     
          74          76  0.996538961736662     
          76          77  0.982589942212912     
          76          78  0.982423919157844     
          76          79  0.981938484519321     
          74          80  0.991320891015628     
          80          81  0.983914021056839     
          80          82  0.983167226908272     
          80          83  0.983151567842786     
           4          84  0.968386048590424     
          14          85  0.968742386389422     
          19          86  0.594988911801318     
          20          86  0.337805708216937     
          86          87   1.28125105251773     
          86          88   1.40083301848215     
          87          89   1.28473862849179     
          87          90   1.16371855885145     
          88          91  0.955357293523114     
          88          92   1.38305021158877     
          89          93   1.35567424350038     
          92          93   1.45450701586186     
          89          94   1.05258711984009     
          90          94  0.104493193363393     
          90          95   1.62990077286343     
          94          95   1.07983023292383     
          92          96  0.963629437049982     
          93          97  0.964514840877024     
          95          98   1.03326427083891     
          98          99  0.958132098148670     
          98         100  0.979986112253648     
          98         101  0.962584165845200     
