   -0.12692537
    0.07731685
   -0.04492993
   -0.02103406
   -0.04270961
    0.04135037
    0.08481356
    0.05498350
    0.04238912
    0.07561229
   -0.13743996
    0.04448217
   -0.04452309
   -0.02256781
   -0.04760397
    0.04434923
    0.04938183
    0.07981317
   -0.14268540
    0.09832806
    0.39272515
   -0.41570431
    0.13050607
   -0.12089251
    0.05031912
    0.04398909
    0.05077449
   -0.10710065
    0.04467479
    0.04007153
    0.02614629
    0.12989777
   -0.39788898
   -0.11917186
    0.04233930
    0.04726957
    0.05004988
   -0.11746411
    0.04397273
    0.05217526
    0.04330343
    0.39665450
   -0.37225981
    0.12694624
   -0.13018412
    0.05702258
    0.05713891
    0.04903200
   -0.12580252
    0.04605864
    0.05347732
    0.05283715
    0.12711806
   -0.37808127
   -0.12278291
    0.05461103
    0.05174181
    0.04556032
   -0.12484343
    0.04570048
    0.04981160
    0.04723126
    0.39074106
   -0.38316664
    0.12423124
   -0.13323749
    0.04861276
    0.05942660
    0.05447407
   -0.12859309
    0.05873001
    0.04952797
    0.05160976
    0.12657216
   -0.37113214
   -0.12772170
    0.05103954
    0.05630721
    0.05678252
   -0.12077358
    0.03787343
    0.04961551
    0.05299885
    0.04889863
    0.04767166
   -0.05019467
   -0.03223317
    0.05374255
   -0.04849425
    0.02264522
   -0.01241155
   -0.07361228
   -0.04822348
    0.01890774
   -0.03410136
    0.21642297
   -0.09102141
    0.02995318
   -0.12107872
    0.02911691
   -0.04907782
    0.07518851
    0.08664012
    0.06578686
    0.02202368
   -0.03429114
   -0.03509659
   -0.03282892
    0.05113251
   -0.02916072
    0.08217094
   -0.03892483
    0.04819441
    0.04403600
    0.48373043
   -0.22188444
   -0.22692951
   -0.22999639
