           1           2   1.33158867513965     
           2           3   1.35545301307467     
           3           4   1.47402500990518     
           4           5   1.39896802691928     
           1           6   1.40580003952071     
           3           6  0.106420430069851     
           5           6   1.44484079454090     
           6           7  0.946168447406810     
           5           8  0.968627600971798     
           3           9  0.962001011089953     
           2          10   1.07922022200667     
          10          11   1.32515764557233     
          11          12   1.40411446117070     
          12          13   1.44530921562132     
          13          14   1.39763224004381     
          10          15   1.35641053696065     
          12          15  0.106039369151555     
          14          15   1.47276906485097     
          15          16  0.961821509767805     
          13          17  0.969169977292692     
          12          18  0.944352955337723     
           1          19  0.380676563751562     
          11          19  0.363667657553173     
          19          20  0.498088696776263     
          19          21  0.752301284335349     
          21          22   1.07409219264286     
          22          23  0.947623038897256     
          23          24  0.995961316982010     
          24          25  0.982493199831563     
          24          26  0.983767746979354     
          24          27  0.983139701984837     
          23          28  0.989765673109684     
          28          29  0.984035163992373     
          28          30  0.983879492258445     
          28          31  0.983467933520451     
          23          32  0.938647209219198     
          21          33   1.11430635894194     
          32          33  0.945214906577332     
          32          34  0.990959859757753     
          34          35  0.982414409058885     
          34          36  0.983522232444955     
          34          37  0.981984068282194     
          32          38  0.995108881721573     
          38          39  0.983128294686577     
          38          40  0.982380243406561     
          38          41  0.983942080530432     
          19          42  0.887231302067626     
          42          43   1.12226299116238     
          43          44  0.938553490612173     
          44          45  0.997470702487312     
          45          46  0.978954893173524     
          45          47  0.980706985900988     
          45          48  0.982573876264958     
          44          49  0.990485776572120     
          49          50  0.983904143589838     
          49          51  0.982514044652664     
          49          52  0.979626791802517     
          44          53  0.939048255450487     
          42          54   1.10890461021969     
          53          54  0.935759356676686     
          53          55  0.995544394658307     
          55          56  0.981627483503416     
          55          57  0.983244785960555     
          55          58  0.983413427780885     
          53          59  0.991619024599738     
          59          60  0.978006282031737     
          59          61  0.983298533176129     
          59          62  0.983246726130435     
          19          63  0.897570392953366     
          63          64   1.07783011810792     
          64          65  0.940558449211266     
          65          66  0.991942554812141     
          66          67  0.981173792335465     
          66          68  0.981909934267695     
          66          69  0.982906168025566     
          65          70  0.995365068417970     
          70          71  0.982179724647518     
          70          72  0.983042157172263     
          70          73  0.982496727914378     
          65          74  0.936979824407346     
          63          75   1.11488049175405     
          74          75  0.941877676933345     
          74          76  0.996491656463959     
          76          77  0.983222883966913     
          76          78  0.982300577562726     
          76          79  0.979723778025441     
          74          80  0.989327930152804     
          80          81  0.983408740143879     
          80          82  0.982000442489341     
          80          83  0.983037949494043     
           4          84  0.968939617531106     
          14          85  0.969003412499807     
          19          86  0.551104141231481     
          20          86  0.381211079119840     
          86          87   1.44899077343607     
          86          88   1.26746866169521     
          87          89   1.35597104535537     
          87          90  0.962488846259850     
          88          91   1.26750051140105     
          88          92   1.18243639591367     
          89          93   1.50409751422131     
          91          93   1.31401305973335     
          89          94  0.969809951950617     
          91          95   1.20036080975615     
          92          96   1.23200607627399     
          92          97   1.00466922839331     
          93          98  0.967487894891871     
          95          99   1.68009222590754     
          96          99   1.12551494591162     
          95         100  0.963963495195155     
          96         101  0.967455127996090     
          97         102  0.972559289048254     
          97         103  0.936012858940811     
          97         104  0.972087498855255     
          99         105  0.973100188265261     
         101         106   1.41294747890092     
         101         107   1.38609702420357     
         106         108   1.44406227501042     
         107         108  0.105382088606547     
         106         109  0.968648853332635     
         106         110  0.102525126499775     
         107         110   1.46423447973443     
         107         111  0.958300681362315     
         101         112  0.106106406760774     
         108         112   1.40852803041296     
         110         112   1.38856995107156     
         108         113  0.967735367654008     
         110         114  0.966896133688235     
         112         115  0.952559053991228     
         115         116  0.942402472049993     
         115         117  0.931219188768844     
         115         118  0.926386801423685     
