   -0.12348668
    0.07915893
   -0.04247357
   -0.02302591
   -0.04399443
    0.04711056
    0.05688522
    0.05288942
    0.04490642
    0.07645238
   -0.12431641
    0.04467579
   -0.04550414
   -0.02386503
   -0.04526851
    0.04331998
    0.04930963
    0.07311868
   -0.15453739
    0.07817290
    0.39986786
   -0.41320672
    0.13159752
   -0.12021536
    0.05227291
    0.04464906
    0.04907196
   -0.10872691
    0.04651482
    0.03948727
    0.03070896
    0.13110063
   -0.40456921
   -0.11783751
    0.04486598
    0.04727329
    0.04807615
   -0.11926181
    0.04635716
    0.05404784
    0.04476966
    0.40204725
   -0.37513949
    0.12785359
   -0.13270566
    0.06098223
    0.05997605
    0.04893624
   -0.12713187
    0.04745457
    0.04988787
    0.05441589
    0.12829098
   -0.38829117
   -0.12322812
    0.05228218
    0.05252513
    0.04865963
   -0.12023182
    0.03793883
    0.05280387
    0.04842037
    0.40024433
   -0.36684936
    0.12600700
   -0.12689629
    0.04613688
    0.06199949
    0.05111812
   -0.12947426
    0.06095238
    0.05061970
    0.05512457
    0.12687458
   -0.39113400
   -0.12499902
    0.05087614
    0.05293694
    0.05368191
   -0.12357678
    0.04109009
    0.05035239
    0.05425702
    0.05057239
    0.04794236
   -0.02316434
   -0.04308452
   -0.06703340
   -0.04199879
    0.02253570
    0.02771395
    0.05393184
   -0.03212273
    0.02809874
    0.08083524
   -0.02700985
   -0.33787119
    0.02809485
   -0.04692856
    0.55515784
   -0.05400999
   -0.00270717
    0.02922829
   -0.21950158
   -0.21266878
   -0.21631631
   -0.04735834
    0.03267724
   -0.06043450
    0.06875985
    0.04676187
    0.03864663
    0.03171694
    0.04463146
    0.04320976
    0.04411297
    0.04105319
    0.03452724
    0.03179140
   -0.10417257
    0.03659905
    0.03462606
    0.03734194
    0.03832888
    0.03602713
