           1           2   1.31136649701511     
           2           3   1.34874923916301     
           3           4   1.48322602252948     
           4           5   1.38223754711339     
           1           6   1.38810886533156     
           3           6  0.106164623776378     
           5           6   1.46052249811712     
           6           7  0.955601730760155     
           5           8  0.968783547341465     
           3           9  0.961477072140020     
           2          10   1.09092629180180     
          10          11   1.30768499554322     
          11          12   1.38971734577738     
          12          13   1.45599552536662     
          13          14   1.38532408820705     
          10          15   1.35243417932640     
          12          15  0.105401347573135     
          14          15   1.47949115623702     
          15          16  0.961478202772293     
          13          17  0.969151341131353     
          12          18  0.948942679822809     
           1          19  0.436926804462362     
          11          19  0.431074224772737     
          19          20  0.539342264949386     
          19          21  0.709778605287590     
          21          22   1.08465795502378     
          22          23  0.944439294387226     
          23          24  0.996376597397092     
          24          25  0.982678122230516     
          24          26  0.983740562423775     
          24          27  0.983435506460154     
          23          28  0.989625467987095     
          28          29  0.984075782703798     
          28          30  0.983822692137104     
          28          31  0.985148742874322     
          23          32  0.940740361562921     
          21          33   1.10922907432861     
          32          33  0.940779531505399     
          32          34  0.990714633449545     
          34          35  0.983376306218834     
          34          36  0.983754608940225     
          34          37  0.983110174654942     
          32          38  0.996293804532904     
          38          39  0.982754719534777     
          38          40  0.982259931008815     
          38          41  0.983672739672448     
          19          42  0.865337426232479     
          42          43   1.12741543999843     
          43          44  0.936070600613503     
          44          45  0.997360671582675     
          45          46  0.977461128268746     
          45          47  0.981444542462421     
          45          48  0.982716459341884     
          44          49  0.990445048110140     
          49          50  0.983381522875402     
          49          51  0.981848626767016     
          49          52  0.977578487278402     
          44          53  0.940069083446222     
          42          54   1.09565845641221     
          53          54  0.937166577397462     
          53          55  0.996614859663122     
          55          56  0.982243494888067     
          55          57  0.983040491840443     
          55          58  0.983189471991089     
          53          59  0.990524729202358     
          59          60  0.982346893871219     
          59          61  0.983215174672703     
          59          62  0.983214149411701     
          19          63  0.871392288754565     
          63          64   1.12540622453689     
          64          65  0.937776942102219     
          65          66  0.990799571397169     
          66          67  0.982175805254978     
          66          68  0.980451323445593     
          66          69  0.983541223644347     
          65          70  0.996817637094100     
          70          71  0.980373061311765     
          70          72  0.983114101471579     
          70          73  0.982314744221757     
          65          74  0.939369151196952     
          63          75   1.09829721286605     
          74          75  0.936103473122031     
          74          76  0.996739868606964     
          76          77  0.982987184008074     
          76          78  0.982994642865156     
          76          79  0.981425383870939     
          74          80  0.990919231138385     
          80          81  0.983708693947913     
          80          82  0.983205486412505     
          80          83  0.983088802077576     
           4          84  0.968972813304723     
          14          85  0.969093424395958     
          19          86  0.613113786132245     
          20          86  0.327658559393367     
          86          87   1.33879995025196     
          86          88   1.40540849962764     
          87          89   1.47376464996537     
          88          89  0.100819113133655     
          87          90  0.962186249165638     
          88          91   1.36606648320506     
          88          92  0.955543888889561     
          89          93   1.35731694991474     
          91          93   1.23437072030971     
          89          94  0.967341592203315     
          91          95   1.13543697737390     
          93          96   1.15431365920671     
          95          97  0.981732028454070     
          95          98   1.14257064339468     
          96          98   1.24017333924357     
          96          99   1.36500711780194     
          97         100  0.992772766077312     
          98         101   1.35084681033534     
          99         101  0.102714936288206     
          99         102   1.44656265089069     
          99         103  0.967005526443850     
         100         104  0.904083891269468     
         100         105  0.895574225449429     
         100         106  0.883581459482628     
         101         107   1.47344919116067     
         102         107   1.36669542305285     
         101         108  0.967856320372533     
         102         109   1.01033663510953     
         104         110  0.969828424046700     
         104         111  0.978360290116514     
         104         112  0.989278054120183     
         105         113  0.983668440272837     
         105         114  0.990062803647197     
         105         115  0.982693754039512     
         106         116  0.985930767833270     
         106         117  0.986112925348736     
         106         118  0.994651802517168     
         107         119  0.969692347680240     
         109         120   1.00307238494236     
         109         121  0.973017401981814     
         109         122  0.976120889442052     
         120         123  0.988046775105957     
         120         124  0.986500168832081     
         120         125  0.988675489272339     
