           1           2   1.45861921267536     
           2           3   1.35572860067918     
           3           4   1.09860682212321     
           4           5   2.79597929390099     
           1           6  0.103159762284307     
           3           6   1.35600864534188     
           2           7  0.103168873208653     
           6           7   1.45842683610121     
           1           8   1.39502466007175     
           7           8   1.39517975155653     
           8           9  0.973498242876659     
           1          10  0.963194625871262     
           2          11  0.966146686827199     
           6          12  0.966166014631387     
           7          13  0.963207260036402     
