   -0.05856535
   -0.03531987
   -0.04278050
   -0.03819133
   -0.00858909
   -0.03102243
   -0.11607827
    0.21958444
   -0.04955246
   -0.03278993
   -0.02997987
   -0.03694005
    0.48422410
   -0.22082890
   -0.23009746
   -0.22407135
   -0.02985749
   -0.03399548
   -0.07760012
   -0.07233310
    0.05737728
    0.04620745
    0.03647686
    0.03323158
    0.03610827
    0.03091603
    0.02234711
    0.05353414
    0.05075583
    0.04818124
    0.05439662
    0.06791337
    0.06311953
    0.06421920
