           1           2   1.49723462695446     
           2           3   1.37265124747959     
           1           4  0.109746613023595     
           3           4   1.50336179317790     
           4           5   1.32977707660399     
           5           6   1.19537925491522     
           6           7   1.69723452865131     
           7           8   1.11683175357623     
           8           9  0.960231780811777     
           9          10   1.40489304833904     
          10          11   1.45112506792637     
           9          12  0.106763103981176     
          11          12   1.40358780131948     
          12          13  0.951672350092315     
          13          14  0.942332026894787     
          13          15  0.924392440177407     
          13          16  0.936389856800708     
          10          17  0.105830450041110     
          12          17   1.39819370814285     
           9          18   1.39859363830111     
          11          18  0.104934862792199     
          17          18   1.45519512213440     
           8          19   1.25004432050370     
          19          20   1.00449531084331     
           1          21   1.32587392195089     
           5          21   1.27227552710914     
          19          21   1.17643135942798     
           1          22  0.963895119306386     
           2          23  0.970944488757883     
           3          24  0.970718747998621     
           4          25  0.968000763824718     
           6          26  0.964428370160480     
           7          27  0.973556017420547     
          10          28  0.968837044983879     
          11          29  0.967414866559438     
          17          30  0.967879154366690     
          18          31  0.968609117454266     
          20          32  0.975438475768178     
          20          33  0.972929643070676     
          20          34  0.973037841546393     
