   -0.11766639
    0.07923824
   -0.04153560
   -0.02120192
   -0.04210305
    0.04917958
    0.05229603
    0.05747658
    0.04939944
    0.07584108
   -0.11741503
    0.04450109
   -0.04302784
   -0.02204833
   -0.04412221
    0.04962691
    0.05396161
    0.07798258
   -0.16255631
    0.09589918
    0.40226273
   -0.40861266
    0.13009013
   -0.12159338
    0.05337573
    0.04510982
    0.05127404
   -0.10979123
    0.04786842
    0.04198225
    0.02835528
    0.13066273
   -0.40221435
   -0.12023670
    0.04948789
    0.04624138
    0.04952677
   -0.12035060
    0.04777021
    0.05324509
    0.04532959
    0.40381826
   -0.38597404
    0.12903513
   -0.12464433
    0.05351882
    0.05525498
    0.04938191
   -0.12179031
    0.04863397
    0.04530208
    0.05333405
    0.12788657
   -0.38177046
   -0.12456061
    0.05468645
    0.05496231
    0.04795927
   -0.12110365
    0.04221355
    0.05120103
    0.05080977
    0.40110670
   -0.38055575
    0.12522469
   -0.12979352
    0.05857903
    0.05257478
    0.05004585
   -0.12863592
    0.05967646
    0.05069551
    0.05190691
    0.12684726
   -0.38007361
   -0.12389361
    0.05064569
    0.05402851
    0.05419241
   -0.12226030
    0.04035857
    0.05002745
    0.05462576
    0.05527400
    0.05319973
   -0.02050613
   -0.10579916
   -0.05884161
    0.01570551
   -0.06318877
    0.01838712
   -0.11531432
    0.02245703
    0.05445211
    0.05178368
    0.05540439
