           1           2   1.31656314645362     
           2           3   1.35348707104893     
           3           4   1.47856686049570     
           4           5   1.38782741229690     
           1           6   1.39017109864551     
           3           6  0.105794969120152     
           5           6   1.45714449477050     
           6           7  0.957113500657899     
           5           8  0.968256357471118     
           3           9  0.961719098753315     
           2          10   1.08495299484779     
          10          11   1.31232129843205     
          11          12   1.39161683676910     
          12          13   1.45143199967137     
          13          14   1.39281667633898     
          10          15   1.35739909826216     
          12          15  0.105259805161617     
          14          15   1.47410702459920     
          15          16  0.961597639060401     
          13          17  0.968633377697465     
          12          18  0.946856033610525     
           1          19  0.436589044342547     
          11          19  0.434918376931757     
          19          20  0.550941076538624     
          19          21  0.743013818803240     
          21          22   1.09053588430963     
          22          23  0.942673486578952     
          23          24  0.996570766095065     
          24          25  0.982766862540530     
          24          26  0.983589666421851     
          24          27  0.983240467416391     
          23          28  0.989927384324484     
          28          29  0.984064948575013     
          28          30  0.984061292323980     
          28          31  0.985449696925059     
          23          32  0.941333644095813     
          21          33   1.11138210102448     
          32          33  0.939084749092739     
          32          34  0.990712000382468     
          34          35  0.982191629621783     
          34          36  0.983700348825279     
          34          37  0.982384210221483     
          32          38  0.996905143122742     
          38          39  0.983105407928845     
          38          40  0.982825161147912     
          38          41  0.983720615119883     
          19          42  0.865446647094775     
          42          43   1.11450403653675     
          43          44  0.935776519857828     
          44          45  0.996893373529069     
          45          46  0.982493503694835     
          45          47  0.981941136535343     
          45          48  0.983142621780658     
          44          49  0.990693242568422     
          49          50  0.983455484094725     
          49          51  0.982422934655434     
          49          52  0.979536400766218     
          44          53  0.939596583360767     
          42          54   1.10753888936133     
          53          54  0.934751195588383     
          53          55  0.996364150402984     
          55          56  0.982431484914951     
          55          57  0.982748008561471     
          55          58  0.983215057081269     
          53          59  0.991324827188089     
          59          60  0.982826155682671     
          59          61  0.983247086335387     
          59          62  0.983043389374546     
          19          63  0.862529381726420     
          63          64   1.10872006398608     
          64          65  0.938100606806612     
          65          66  0.991152560547305     
          66          67  0.978506486995095     
          66          68  0.982713242416939     
          66          69  0.983106389939924     
          65          70  0.996315787526930     
          70          71  0.982096634481602     
          70          72  0.983442002894716     
          70          73  0.982303594632265     
          65          74  0.937640966756036     
          63          75   1.11767613532942     
          74          75  0.936434211141379     
          74          76  0.995727347247052     
          76          77  0.983028681581540     
          76          78  0.982291891342934     
          76          79  0.981473343553560     
          74          80  0.991161319542320     
          80          81  0.983996047380740     
          80          82  0.983157868918993     
          80          83  0.983269838863992     
           4          84  0.968515955130212     
          14          85  0.968549050868792     
          19          86  0.589951702489614     
          20          86  0.337799630822372     
          86          87   1.13302509638806     
          86          88   1.57458108006230     
          86          89  0.105340424657859     
          87          89   1.12938946509082     
          88          90   1.25727842760515     
          89          90   1.60405650454876     
          88          91  0.959914911347356     
          89          92   1.03646538459784     
          90          93  0.963884454056479     
          92          94  0.970998041286712     
          92          95  0.979908761088760     
          92          96  0.971799356706813     
