           1           2   1.49542041092375     
           2           3   1.38406439172151     
           1           4  0.110990345619538     
           3           4   1.47385832271856     
           4           5   1.38045602922644     
           5           6   1.10174342501606     
           6           7   1.14516554343955     
           6           8  0.101026306309003     
           7           8   1.69411497406672     
           1           9   1.33267765830675     
           5           9   1.29096942669573     
           8           9   1.18456719640703     
           1          10  0.967707628703202     
           2          11  0.970428306302615     
           3          12  0.969783770527483     
           4          13  0.968402237303149     
           7          14  0.968823152934177     
           8          15  0.961921926678530     
