   -0.12134923
    0.07702091
   -0.04285184
   -0.02154648
   -0.04313427
    0.04817169
    0.05359569
    0.05728621
    0.04837659
    0.07320593
   -0.12838313
    0.04180064
   -0.04418513
   -0.02392065
   -0.04480768
    0.04741818
    0.05247878
    0.07570231
   -0.15263841
    0.09027196
    0.40268993
   -0.40735797
    0.12999523
   -0.12175136
    0.05383147
    0.04522466
    0.05146372
   -0.10955364
    0.04800563
    0.04202208
    0.02777391
    0.13072557
   -0.40324758
   -0.12117736
    0.05131259
    0.04632829
    0.04976745
   -0.12024203
    0.04707699
    0.05342512
    0.04563533
    0.40173066
   -0.38411368
    0.12872266
   -0.12560599
    0.05440900
    0.05616589
    0.04988329
   -0.12190294
    0.04885431
    0.04603776
    0.05305751
    0.12772994
   -0.38353122
   -0.12443348
    0.05440699
    0.05446218
    0.04864820
   -0.12167594
    0.04221933
    0.05290965
    0.04984138
    0.40141129
   -0.37891449
    0.12500409
   -0.13046037
    0.05898557
    0.05365485
    0.05048011
   -0.12918799
    0.06033974
    0.05099528
    0.05196456
    0.12693427
   -0.37862760
   -0.12437737
    0.05117269
    0.05402607
    0.05487560
   -0.12255123
    0.04079728
    0.05020244
    0.05493429
    0.05447598
    0.05130707
   -0.02280011
   -0.02895550
   -0.03451615
   -0.04178699
    0.03402524
   -0.03779121
    0.05044986
    0.04594523
    0.04220123
    0.04714050
   -0.17362988
