           1           2   1.31316065415375     
           2           3   1.34925049965189     
           3           4   1.48257646922325     
           4           5   1.38394777260876     
           1           6   1.38960463289652     
           3           6  0.105938135622772     
           5           6   1.45917175458465     
           6           7  0.956923085836296     
           5           8  0.968288788709801     
           3           9  0.961549422658028     
           2          10   1.09032939915190     
          10          11   1.30476499497459     
          11          12   1.38634561162736     
          12          13   1.45701670366069     
          13          14   1.38638962721608     
          10          15   1.35474220874312     
          12          15  0.104975294124551     
          14          15   1.47709821415357     
          15          16  0.961486172191976     
          13          17  0.968793063219281     
          12          18  0.947859450303099     
           1          19  0.438798853281735     
          11          19  0.428069942237628     
          19          20  0.531868148694863     
          19          21  0.727001678440392     
          21          22   1.09342334148335     
          22          23  0.941846083810326     
          23          24  0.996600625882154     
          24          25  0.982650488375819     
          24          26  0.983526167256667     
          24          27  0.983187883475432     
          23          28  0.990166503137776     
          28          29  0.983989540749770     
          28          30  0.983992774006077     
          28          31  0.985208349243521     
          23          32  0.941256946896923     
          21          33   1.11177071064588     
          32          33  0.938369426730317     
          32          34  0.990898034092223     
          34          35  0.981548117132313     
          34          36  0.983604213692521     
          34          37  0.982149539721525     
          32          38  0.997031000363806     
          38          39  0.983101151611004     
          38          40  0.982733688483212     
          38          41  0.983649786100815     
          19          42  0.857998755149207     
          42          43   1.11700492773244     
          43          44  0.935282477222371     
          44          45  0.996929038123187     
          45          46  0.982274303833560     
          45          47  0.981751723587917     
          45          48  0.983015503591494     
          44          49  0.991036283386623     
          49          50  0.983365908103328     
          49          51  0.982486336041988     
          49          52  0.979415469844208     
          44          53  0.939315186854892     
          42          54   1.10841183647628     
          53          54  0.933868575632578     
          53          55  0.996477189822595     
          55          56  0.982388668091202     
          55          57  0.982740870226608     
          55          58  0.983069646400264     
          53          59  0.991556306297201     
          59          60  0.982416043367420     
          59          61  0.983000712962093     
          59          62  0.983099044355871     
          19          63  0.864679221949414     
          63          64   1.11063184106430     
          64          65  0.937454644731805     
          65          66  0.991354186040661     
          66          67  0.978612883571484     
          66          68  0.982560803215209     
          66          69  0.982963154937297     
          65          70  0.996471617318687     
          70          71  0.981953010414690     
          70          72  0.983339394901740     
          70          73  0.982224152451644     
          65          74  0.937582741085973     
          63          75   1.12250383428258     
          74          75  0.935069422057898     
          74          76  0.995941685784757     
          76          77  0.982814030459368     
          76          78  0.982143894828449     
          76          79  0.981577496901199     
          74          80  0.991489475551674     
          80          81  0.983892265048314     
          80          82  0.983085393473096     
          80          83  0.983165966834849     
           4          84  0.968612474509283     
          14          85  0.968805030353591     
          19          86  0.589238647245766     
          20          86  0.351440289740516     
          86          87   1.38514760013035     
          86          88   1.37481577267306     
          87          89   1.42953677622848     
          88          89  0.104542194016985     
          87          90  0.961662885171916     
          87          91  0.101730057951529     
          88          91   1.44484006147693     
          88          92  0.958361724016412     
          89          93   1.42469376126778     
          91          93   1.41221373809978     
          89          94  0.968523825030598     
          91          95  0.967813679504809     
          93          96  0.941239657580780     
