   -0.12601908
    0.07348251
   -0.04370568
   -0.02305698
   -0.04424545
    0.04780961
    0.05298440
    0.05389721
    0.04522536
    0.06871187
   -0.13120744
    0.04211647
   -0.04528691
   -0.02534666
   -0.04620378
    0.04425204
    0.05072114
    0.07882202
   -0.16736502
    0.09554931
    0.40115780
   -0.40989893
    0.13005867
   -0.12016128
    0.05203098
    0.04362917
    0.05026777
   -0.10855817
    0.04619407
    0.04123326
    0.02760529
    0.13087295
   -0.40532626
   -0.11978842
    0.05089393
    0.04440702
    0.04810731
   -0.11925487
    0.04640362
    0.05223173
    0.04405500
    0.40332266
   -0.38366973
    0.12858720
   -0.12519394
    0.05492802
    0.05490165
    0.04894135
   -0.12105393
    0.04786090
    0.04538322
    0.05184443
    0.12725472
   -0.37844499
   -0.12432680
    0.05382027
    0.05462477
    0.04740941
   -0.12354077
    0.04611800
    0.05092098
    0.05162613
    0.40286139
   -0.37861416
    0.12509006
   -0.13060274
    0.05843791
    0.05446308
    0.04975245
   -0.12905027
    0.06090039
    0.05005058
    0.05210751
    0.12740586
   -0.38093220
   -0.12341282
    0.05015281
    0.05307299
    0.05447739
   -0.12091959
    0.04030450
    0.04739603
    0.05407225
    0.05066664
    0.04771732
   -0.00898475
   -0.08675250
   -0.07455217
   -0.02689417
    0.16957587
   -0.07170963
    0.01203672
    0.02028643
    0.01298768
