           1           2   1.30515668807820     
           2           3   1.34688739350315     
           3           4   1.48526277282195     
           4           5   1.37797982521911     
           1           6   1.38596062659164     
           3           6  0.105679779390519     
           5           6   1.46312905238863     
           6           7  0.957015451725413     
           5           8  0.968697833579048     
           3           9  0.961947771124521     
           2          10   1.09574107106328     
          10          11   1.29877770588403     
          11          12   1.38390391110819     
          12          13   1.45932096222783     
          13          14   1.38191462967013     
          10          15   1.35184456525302     
          12          15  0.104790548513769     
          14          15   1.47958659268378     
          15          16  0.961921602802585     
          13          17  0.969016668670453     
          12          18  0.947842467467308     
           1          19  0.446426859273649     
          11          19  0.438226437098758     
          19          20  0.545449364052406     
          19          21  0.725359932369029     
          21          22   1.08810782976736     
          22          23  0.944376333562022     
          23          24  0.996202071666216     
          24          25  0.982846061497082     
          24          26  0.983749571140898     
          24          27  0.983310937467866     
          23          28  0.989893321126271     
          28          29  0.984248074006686     
          28          30  0.984105784985513     
          28          31  0.985186970850846     
          23          32  0.940739671777830     
          21          33   1.10811003244086     
          32          33  0.941024488241842     
          32          34  0.990668215144068     
          34          35  0.981316585651379     
          34          36  0.983722183330674     
          34          37  0.982083301231450     
          32          38  0.996663058174828     
          38          39  0.983162209671543     
          38          40  0.982982971508222     
          38          41  0.983925689248535     
          19          42  0.864073885809717     
          42          43   1.11441570688890     
          43          44  0.936683224196489     
          44          45  0.996867909757883     
          45          46  0.982313098782840     
          45          47  0.982114024768196     
          45          48  0.983245838813605     
          44          49  0.990613546148095     
          49          50  0.983530067620195     
          49          51  0.981987588569517     
          49          52  0.979785304224628     
          44          53  0.939043782871200     
          42          54   1.11085573764699     
          53          54  0.935668273603209     
          53          55  0.996076801785923     
          55          56  0.982504988155606     
          55          57  0.982806647234598     
          55          58  0.983299446862692     
          53          59  0.991456127565806     
          59          60  0.982470588717434     
          59          61  0.983265210298052     
          59          62  0.982892510614795     
          19          63  0.867817526118317     
          63          64   1.10991686861046     
          64          65  0.937910916111144     
          65          66  0.991082913908885     
          66          67  0.978968325722337     
          66          68  0.982490261373471     
          66          69  0.983174938264626     
          65          70  0.996580258607243     
          70          71  0.981973571007499     
          70          72  0.983494233897448     
          70          73  0.982327862133571     
          65          74  0.938048226395041     
          63          75   1.11609902375763     
          74          75  0.936801212364386     
          74          76  0.995992413941721     
          76          77  0.983077845557274     
          76          78  0.982289695252069     
          76          79  0.980983443338890     
          74          80  0.990849797772101     
          80          81  0.984209653100243     
          80          82  0.983296099358960     
          80          83  0.983406859145810     
           4          84  0.969054578157143     
          14          85  0.969187313080760     
          19          86  0.591919906945535     
          20          86  0.340289163934019     
          86          87   1.21158404515994     
          86          88   1.49001487111766     
          86          89  0.126354011577086     
          87          89   1.21579286343027     
          87          90  0.940565512100907     
          88          91   1.32785957010044     
          89          91   1.54420033492027     
          88          92  0.971097857329690     
          89          93  0.970783698341567     
          91          94  0.974593742445908     
