   -0.12013000
    0.07813686
   -0.04244270
   -0.02046138
   -0.04224671
    0.04800643
    0.05652923
    0.06049004
    0.05090054
    0.07429901
   -0.12887785
    0.04168033
   -0.04309702
   -0.02267908
   -0.04445403
    0.05040076
    0.05510869
    0.07717343
   -0.14620739
    0.09450231
    0.40292817
   -0.40398422
    0.12942761
   -0.12299821
    0.05500127
    0.04639538
    0.05242961
   -0.11099189
    0.04928152
    0.04295709
    0.02837961
    0.13017410
   -0.39996862
   -0.12309967
    0.05314267
    0.04756449
    0.05087424
   -0.12142596
    0.04778221
    0.05449642
    0.04673502
    0.40045594
   -0.38073895
    0.12805237
   -0.12746922
    0.05534509
    0.05789811
    0.05131943
   -0.12350269
    0.05049649
    0.04797064
    0.05383649
    0.12736691
   -0.38215062
   -0.12571768
    0.05599060
    0.05497304
    0.05015989
   -0.12434616
    0.04220383
    0.05532153
    0.05046289
    0.40110025
   -0.37766544
    0.12463562
   -0.13215360
    0.06002500
    0.05447970
    0.05191051
   -0.13016233
    0.06092209
    0.05203432
    0.05262142
    0.12658458
   -0.37483612
   -0.12584402
    0.05231044
    0.05550511
    0.05610494
   -0.12367327
    0.04143178
    0.05115679
    0.05604038
    0.05741789
    0.05430410
   -0.01294435
   -0.06100106
   -0.05155563
    0.24221130
    0.04793232
    0.05034308
    0.05994452
   -0.25645932
   -0.26940232
    0.05702110
