           1           2   1.31912986318143     
           2           3   1.35187266075491     
           3           4   1.47971261345475     
           4           5   1.38876075562002     
           1           6   1.39248614702371     
           3           6  0.105944404577865     
           5           6   1.45592313989358     
           6           7  0.956590754456743     
           5           8  0.967886539218213     
           3           9  0.961313758876331     
           2          10   1.08592611977967     
          10          11   1.30987360830675     
          11          12   1.39014925959889     
          12          13   1.45323469371199     
          13          14   1.39163903365013     
          10          15   1.35778799647182     
          12          15  0.104892490988657     
          14          15   1.47399036595055     
          15          16  0.961202639350601     
          13          17  0.968485159042762     
          12          18  0.947401098420600     
           1          19  0.430048486239258     
          11          19  0.419094029307146     
          19          20  0.529116167942942     
          19          21  0.736473433770517     
          21          22   1.09810238709633     
          22          23  0.940184344955172     
          23          24  0.996754378653478     
          24          25  0.982465247643617     
          24          26  0.983385316732096     
          24          27  0.983058443496237     
          23          28  0.990407810280667     
          28          29  0.983829594113225     
          28          30  0.983912784984002     
          28          31  0.985207848860477     
          23          32  0.941238452116154     
          21          33   1.11670782919180     
          32          33  0.936799246937273     
          32          34  0.991039398590497     
          34          35  0.981043818563528     
          34          36  0.983445947935710     
          34          37  0.981959118700879     
          32          38  0.997254027671593     
          38          39  0.983016019830694     
          38          40  0.982626795548558     
          38          41  0.983496571074967     
          19          42  0.853370547287529     
          42          43   1.12288991814594     
          43          44  0.933453928124088     
          44          45  0.997187529379017     
          45          46  0.982108304840146     
          45          47  0.981546357023701     
          45          48  0.982823661378989     
          44          49  0.991206726261090     
          49          50  0.983146609597395     
          49          51  0.982206546432969     
          49          52  0.979556609259704     
          44          53  0.939301636442962     
          42          54   1.11290050658111     
          53          54  0.931860619685130     
          53          55  0.996552811240510     
          55          56  0.982189559735803     
          55          57  0.982663850180215     
          55          58  0.982853722666764     
          53          59  0.991911982383804     
          59          60  0.982474890443247     
          59          61  0.982679784554376     
          59          62  0.982918393021738     
          19          63  0.859472258786691     
          63          64   1.11330907093380     
          64          65  0.935688356101588     
          65          66  0.991457151017416     
          66          67  0.978463484330549     
          66          68  0.982433845339998     
          66          69  0.982798809939482     
          65          70  0.996674760756111     
          70          71  0.981854789306254     
          70          72  0.983184217775076     
          70          73  0.982141011945266     
          65          74  0.937847672531340     
          63          75   1.12833278399805     
          74          75  0.933189752103104     
          74          76  0.996191565090029     
          76          77  0.982648111655606     
          76          78  0.981975049223286     
          76          79  0.981315144378586     
          74          80  0.991656171869323     
          80          81  0.983864353076126     
          80          82  0.982936060845661     
          80          83  0.983004296826161     
           4          84  0.968259478308931     
          14          85  0.968454384003741     
          19          86  0.596738133488364     
          20          86  0.352822464295041     
          86          87   1.37885095695046     
          86          88   1.35296878243306     
          87          89   1.38991005067027     
          87          90  0.961735992160659     
          88          91   1.47251109400135     
          88          92  0.960123131259007     
          89          93  0.925124529888634     
          89          94   1.41721739595619     
          91          94   1.37683457597119     
          91          95  0.960864920983499     
