           1           2   1.40363033997699     
           2           3   1.45551712363259     
           3           4  0.974388966272398     
           1           5  0.117416103043010     
           3           5   1.29885141448214     
           5           6   1.03704378842455     
           5           7   1.43229725710393     
           1           8   1.42298043864685     
           3           8  0.109666808643266     
           7           8   1.42232210445927     
           1           9  0.959495840040797     
           6          10  0.956714206754806     
           6          11  0.978908718183987     
           6          12  0.957255906520603     
           8          13  0.959126448001663     
