   -0.12309204
    0.07740335
   -0.04248741
   -0.02253731
   -0.04383996
    0.04897460
    0.05174516
    0.05436979
    0.04335126
    0.07275625
   -0.12322852
    0.04170016
   -0.04535606
   -0.02454713
   -0.04575083
    0.04375546
    0.05073655
    0.07818415
   -0.15566387
    0.08312529
    0.39972472
   -0.41240748
    0.13089404
   -0.12027815
    0.05296790
    0.04362277
    0.04930318
   -0.10738547
    0.04585657
    0.03962055
    0.02716982
    0.13109125
   -0.40592504
   -0.11865401
    0.04683744
    0.04543940
    0.04933072
   -0.11905699
    0.04655813
    0.05252558
    0.04377107
    0.40359712
   -0.38305892
    0.12838149
   -0.12647163
    0.05502977
    0.05605890
    0.04956517
   -0.12190214
    0.04763356
    0.04425988
    0.05315434
    0.12739786
   -0.38149954
   -0.12441953
    0.05274310
    0.05464447
    0.04780332
   -0.12519164
    0.04478007
    0.05265110
    0.05241032
    0.39845955
   -0.37614802
    0.12470856
   -0.13078860
    0.05970078
    0.05412795
    0.04899378
   -0.12932829
    0.06031241
    0.04988881
    0.05188310
    0.12643264
   -0.38295115
   -0.12343524
    0.04994243
    0.05156211
    0.05410474
   -0.12251585
    0.04018373
    0.05050102
    0.05344690
    0.05034628
    0.04795952
   -0.02381144
   -0.04025386
   -0.06158357
   -0.05023467
    0.01771120
    0.04483956
    0.04098336
   -0.03137760
    0.02191240
   -0.11247255
   -0.03707319
   -0.01300271
    0.19769185
   -0.06759971
    0.04623439
    0.02745387
    0.06245648
    0.05952566
   -0.20192161
    0.36498917
    0.06952335
    0.41060888
    0.22455769
   -0.44657747
   -0.25315992
   -0.53060094
   -0.31945743
    0.01080071
    0.15817795
    0.09717694
    0.07660381
    0.07621044
   -0.12358058
   -0.13313005
   -0.12626183
    0.04711812
    0.05566952
    0.05688289
    0.05868090
    0.06353158
    0.06236428
    0.05631242
    0.05072498
    0.05779761
