           1           2   1.31031465479005     
           2           3   1.34862093456361     
           3           4   1.48320520005118     
           4           5   1.38173838817324     
           1           6   1.38842976168648     
           3           6  0.105874635063364     
           5           6   1.46044637073444     
           6           7  0.957077278741279     
           5           8  0.968656293762764     
           3           9  0.962263605777736     
           2          10   1.09161702845653     
          10          11   1.30402790292843     
          11          12   1.38588277249739     
          12          13   1.45835290785153     
          13          14   1.38352298832750     
          10          15   1.35232846711702     
          12          15  0.105430909705734     
          14          15   1.47965370110266     
          15          16  0.962121957353361     
          13          17  0.968984600165160     
          12          18  0.947247512428876     
           1          19  0.433811070970954     
          11          19  0.436965319597199     
          19          20  0.537765941009052     
          19          21  0.715898676506684     
          21          22   1.08564455865393     
          22          23  0.944747843284158     
          23          24  0.996425731853877     
          24          25  0.982762156361523     
          24          26  0.983784059302815     
          24          27  0.983440964399784     
          23          28  0.989519483651779     
          28          29  0.984203979039176     
          28          30  0.984117234820685     
          28          31  0.985381176874409     
          23          32  0.941347267167469     
          21          33   1.10566828398674     
          32          33  0.941161197747872     
          32          34  0.990650292268849     
          34          35  0.983352973972155     
          34          36  0.983869395589203     
          34          37  0.982463682123448     
          32          38  0.996596367182331     
          38          39  0.983275790793495     
          38          40  0.982789163718288     
          38          41  0.983839910539478     
          19          42  0.864742696052588     
          42          43   1.11543670861787     
          43          44  0.936761492554767     
          44          45  0.996533715211470     
          45          46  0.982305530602732     
          45          47  0.981788291388571     
          45          48  0.983160012261614     
          44          49  0.990988759957353     
          49          50  0.983481009838237     
          49          51  0.983147844992852     
          49          52  0.978905136796530     
          44          53  0.938895228955691     
          42          54   1.10547888001847     
          53          54  0.936032837228156     
          53          55  0.996395962054564     
          55          56  0.982589597886219     
          55          57  0.982729522001153     
          55          58  0.983226906995428     
          53          59  0.991029811521534     
          59          60  0.981768517146831     
          59          61  0.983196182406424     
          59          62  0.982930541306499     
          19          63  0.874969864651938     
          63          64   1.11271965507289     
          64          65  0.939974776982228     
          65          66  0.991088045954480     
          66          67  0.978300350759506     
          66          68  0.982590709560718     
          66          69  0.983156646626832     
          65          70  0.996156463043785     
          70          71  0.981980462110615     
          70          72  0.983534313754230     
          70          73  0.982219766448095     
          65          74  0.937057909928932     
          63          75   1.11351001787160     
          74          75  0.937785600323334     
          74          76  0.995546290545233     
          76          77  0.983071480803103     
          76          78  0.982639045331822     
          76          79  0.982265845934337     
          74          80  0.991306860546300     
          80          81  0.983613393630100     
          80          82  0.983181174970483     
          80          83  0.983355432662147     
           4          84  0.969048433179848     
          14          85  0.969137850509483     
          19          86  0.601256508653067     
          20          86  0.339829324316726     
          86          87   1.32139638209522     
          86          88   1.43400661243073     
          87          89   1.50716548001073     
          88          89  0.107804592561971     
          87          90  0.963991426140526     
          88          91   1.33874634470996     
          88          92  0.956097616875303     
          89          93   1.31383270280720     
          91          93   1.24363575983194     
          89          94  0.965459185255498     
          91          95   1.17747629245717     
          93          96   1.20218746406117     
          95          97   1.20721378204245     
          96          97   1.57097605383626     
          95          98  0.933296249924424     
          96          99   1.01379426386130     
          97         100  0.968567716144155     
          99         101  0.956254083310545     
          99         102  0.970313379382807     
          99         103  0.969969882723330     
         101         104  0.984034307486861     
         101         105  0.936981424076612     
         101         106  0.954373346300750     
         104         107   1.23676435868686     
         104         108  0.900738678949383     
         105         109   1.71975691434901     
         105         110   1.16650757337309     
         109         110  0.173094784557316     
         104         111  0.160798362756020     
         107         111   1.56360270305295     
         107         112   1.09236799643144     
         111         112  0.126205774160930     
         110         113  0.939280971370778     
         112         114  0.887194399156150     
         113         115  0.977844083232434     
         113         116  0.975616373094901     
         113         117  0.976434041694661     
         114         118  0.996508113214512     
         114         119  0.994874448142662     
         114         120  0.996033613066603     
         118         121  0.984874692911554     
         118         122  0.981538143992712     
         118         123  0.982595666058203     
         119         124  0.983943904970429     
         119         125  0.982463026856746     
         119         126  0.983408212818806     
         120         127  0.981623475928506     
         120         128  0.984705905763678     
         120         129  0.982566505722907     
