   -0.12158220
    0.07689757
   -0.04272223
   -0.02311073
   -0.04420348
    0.04784134
    0.05208885
    0.05368978
    0.04507226
    0.07380276
   -0.12097890
    0.04070101
   -0.04567327
   -0.02452441
   -0.04516238
    0.04400642
    0.05047799
    0.07686894
   -0.15716969
    0.08021404
    0.40059820
   -0.41303300
    0.13105706
   -0.12049205
    0.05275261
    0.04383266
    0.04967292
   -0.10789352
    0.04604494
    0.03973552
    0.02874547
    0.13105008
   -0.40455694
   -0.11784142
    0.04575684
    0.04588557
    0.04881205
   -0.11883367
    0.04695166
    0.05234302
    0.04406347
    0.40414307
   -0.37865106
    0.12811301
   -0.12565132
    0.05403366
    0.05713047
    0.04889261
   -0.12175743
    0.04803045
    0.04465183
    0.05225016
    0.12752989
   -0.38403492
   -0.12383419
    0.05210119
    0.05424840
    0.04789722
   -0.12447467
    0.04600163
    0.05214495
    0.05091666
    0.39951932
   -0.37380375
    0.12525376
   -0.12774216
    0.05592242
    0.05458445
    0.04847473
   -0.12944777
    0.06078944
    0.04961080
    0.05269323
    0.12644107
   -0.38597454
   -0.12343847
    0.04969498
    0.05184670
    0.05355950
   -0.12260757
    0.03953957
    0.05103582
    0.05341778
    0.05051802
    0.04848779
   -0.02673834
   -0.03080591
   -0.04606673
   -0.06371259
    0.02488720
   -0.00898006
    0.04785968
    0.05057802
    0.04098167
   -0.03037729
   -0.07900059
   -0.11847856
    0.02857016
    0.21551959
   -0.07131246
    0.02141699
   -0.04892129
    0.06758923
    0.06007057
    0.06219138
   -0.03311292
   -0.03449225
   -0.02957547
    0.05423679
   -0.03140151
    0.05387288
   -0.03814938
    0.04690396
    0.04989028
    0.48400464
   -0.22444152
   -0.23091603
   -0.22133196
