           1           2   1.30657633020475     
           2           3   1.34752216428776     
           3           4   1.48483303179870     
           4           5   1.37927652034281     
           1           6   1.38627767802184     
           3           6  0.105902537860529     
           5           6   1.46267644489437     
           6           7  0.956292516834104     
           5           8  0.968724623566516     
           3           9  0.961802022959207     
           2          10   1.09432501418083     
          10          11   1.30175914049332     
          11          12   1.38329521060939     
          12          13   1.46050612577630     
          13          14   1.38071619891929     
          10          15   1.34985913222396     
          12          15  0.105470251371722     
          14          15   1.48209433363288     
          15          16  0.961776006172233     
          13          17  0.969001067715796     
          12          18  0.947088237895786     
           1          19  0.447600124837776     
          11          19  0.448766096699918     
          19          20  0.544076653765136     
          19          21  0.709049337320128     
          21          22   1.08511042982180     
          22          23  0.944137526658982     
          23          24  0.996652761669495     
          24          25  0.982762334634616     
          24          26  0.983713664962659     
          24          27  0.983393201875770     
          23          28  0.989668822331326     
          28          29  0.984139274860049     
          28          30  0.984026174498498     
          28          31  0.985227753175105     
          23          32  0.941375613782505     
          21          33   1.10962159526573     
          32          33  0.940718067884251     
          32          34  0.990719170255703     
          34          35  0.983736185528291     
          34          36  0.983852091474249     
          34          37  0.982927208730267     
          32          38  0.996458327595431     
          38          39  0.983209522563147     
          38          40  0.982620710772489     
          38          41  0.983788417575709     
          19          42  0.852739629730484     
          42          43   1.12234404149347     
          43          44  0.937444650508786     
          44          45  0.996372694625605     
          45          46  0.982153815987861     
          45          47  0.981720857490068     
          45          48  0.983330549256554     
          44          49  0.990802254915380     
          49          50  0.983392972757653     
          49          51  0.983001207556879     
          49          52  0.979783007737866     
          44          53  0.938392865076358     
          42          54   1.10309699327755     
          53          54  0.935720568296244     
          53          55  0.996301665531187     
          55          56  0.982603101877806     
          55          57  0.982732550802644     
          55          58  0.983200918657798     
          53          59  0.991552151506259     
          59          60  0.981745471107970     
          59          61  0.983051572950356     
          59          62  0.982928225184132     
          19          63  0.866532452007274     
          63          64   1.11738083219031     
          64          65  0.939922726535403     
          65          66  0.991128709686349     
          66          67  0.979418283600248     
          66          68  0.982448199609815     
          66          69  0.983259732650891     
          65          70  0.996229385360149     
          70          71  0.981951534410273     
          70          72  0.983551828180361     
          70          73  0.982153524577637     
          65          74  0.937652608604375     
          63          75   1.10786349707403     
          74          75  0.937758642905994     
          74          76  0.995936934502090     
          76          77  0.983093076496051     
          76          78  0.982764017311442     
          76          79  0.982527270884016     
          74          80  0.991072362356405     
          80          81  0.983124253188531     
          80          82  0.983177887504245     
          80          83  0.983376008965636     
           4          84  0.969042505334198     
          14          85  0.969095533720430     
          19          86  0.607322908514057     
          20          86  0.329429930653372     
          86          87   1.33372008622572     
          86          88   1.43182115622099     
          87          89   1.48294463269329     
          88          89  0.105622315154461     
          87          90  0.964526524910182     
          88          91   1.33717407481520     
          88          92  0.956611912282458     
          89          93   1.33002803805356     
          91          93   1.26360286505983     
          89          94  0.963040349150956     
          91          95   1.19082482864821     
          93          96   1.16730284627286     
          95          97   1.69740357237764     
          95          98  0.963729663366057     
          96          99   1.25427553363212     
          97          99   1.11631579566537     
          96         100   1.00565209383334     
          97         101  0.973235579939347     
          99         102  0.961323437023614     
         100         103  0.976531984923798     
         100         104  0.973266893813838     
         100         105  0.973527383257215     
         102         106   1.40093595039118     
         102         107   1.39870208080015     
         106         108   1.45610071192370     
         107         108  0.104874377603965     
         106         109  0.968730119396899     
         106         110  0.104336359735263     
         107         110   1.45299477997456     
         107         111  0.968519791911708     
         102         112  0.106344664058080     
         108         112   1.39797152546220     
         110         112   1.40114821031622     
         108         113  0.968079835379952     
         110         114  0.967419793053478     
         112         115  0.952223925409014     
         115         116  0.936248029889428     
         115         117  0.923694141410474     
         115         118  0.941757379780745     
