   -0.12306568
    0.08654122
   -0.03674892
   -0.01783951
   -0.04065986
    0.05232181
    0.05150804
    0.06151281
    0.05413734
    0.07972851
   -0.13586512
    0.04224345
   -0.04414657
   -0.02315557
   -0.04211367
    0.05419688
    0.05757476
    0.07441635
   -0.14660516
    0.07996429
    0.40948920
   -0.40330321
    0.12986672
   -0.12291825
    0.05543209
    0.04750020
    0.05348660
   -0.11152831
    0.05128218
    0.04435325
    0.02715265
    0.13133355
   -0.40597429
   -0.12300124
    0.05266603
    0.04892974
    0.05110618
   -0.12104877
    0.04694441
    0.05470940
    0.04840296
    0.40467674
   -0.37708467
    0.12843391
   -0.12921589
    0.06334054
    0.05601084
    0.05187430
   -0.12140660
    0.05113627
    0.05003168
    0.05166009
    0.12676387
   -0.38950234
   -0.12407602
    0.05061824
    0.05402816
    0.05167542
   -0.12365249
    0.04516595
    0.05435707
    0.05180488
    0.40709091
   -0.38415130
    0.12668066
   -0.13161794
    0.05572056
    0.06489194
    0.05162475
   -0.12936172
    0.06200681
    0.05254832
    0.05232407
    0.12714881
   -0.38013129
   -0.12555594
    0.05315515
    0.05435929
    0.05737397
   -0.12278197
    0.03860359
    0.05258116
    0.05652323
    0.06052862
    0.05725289
   -0.01686124
    0.01348017
    0.01688737
   -0.02241827
    0.12430341
    0.12029678
   -0.01862537
   -0.03776247
    0.04564750
   -0.30144714
   -0.26455694
    0.05326281
    0.05551239
