           1           2   1.32137125925033     
           2           3   1.35476847477091     
           3           4   1.47660978761836     
           4           5   1.39438938495206     
           1           6   1.39671690437281     
           3           6  0.105610679461745     
           5           6   1.45140665187735     
           6           7  0.956903845489632     
           5           8  0.967778502275114     
           3           9  0.960930202448015     
           2          10   1.08220139598994     
          10          11   1.30977289878191     
          11          12   1.38158147661178     
          12          13   1.45671123333127     
          13          14   1.39121258887841     
          10          15   1.36110079743431     
          12          15  0.104468575208041     
          14          15   1.47177025353871     
          15          16  0.960746055348938     
          13          17  0.968123320851844     
          12          18  0.948284995034453     
           1          19  0.419377711175628     
          11          19  0.421806319238655     
          19          20  0.533537097193559     
          19          21  0.724083057911005     
          21          22   1.10656367248952     
          22          23  0.937594925853184     
          23          24  0.996738503782795     
          24          25  0.982348196527227     
          24          26  0.983243812167696     
          24          27  0.982921397170751     
          23          28  0.990616311552165     
          28          29  0.983577221389607     
          28          30  0.983713800198642     
          28          31  0.984673157344971     
          23          32  0.941355814689838     
          21          33   1.11323749942602     
          32          33  0.934147347786482     
          32          34  0.991479162664890     
          34          35  0.981287913103179     
          34          36  0.983222396046988     
          34          37  0.981023030405027     
          32          38  0.997570612282383     
          38          39  0.983076865860424     
          38          40  0.982256148791586     
          38          41  0.983268049333758     
          19          42  0.838649693163045     
          42          43   1.14520445079095     
          43          44  0.932443775820193     
          44          45  0.995090089450856     
          45          46  0.975958268813262     
          45          47  0.981274470525944     
          45          48  0.982295523814513     
          44          49  0.992156299543172     
          49          50  0.982714327411974     
          49          51  0.982294159142532     
          49          52  0.979569971750962     
          44          53  0.936181766530942     
          42          54   1.09981336337666     
          53          54  0.931900286399770     
          53          55  0.994739727057868     
          55          56  0.982585617470526     
          55          57  0.982684922068103     
          55          58  0.982485918007299     
          53          59  0.993482694232279     
          59          60  0.980824375271904     
          59          61  0.982240871673808     
          59          62  0.982823788136258     
          19          63  0.843849925134230     
          63          64   1.11826506091583     
          64          65  0.930306097099119     
          65          66  0.992068430484857     
          66          67  0.978995498078142     
          66          68  0.978748824955699     
          66          69  0.982884528170455     
          65          70  0.997110001219800     
          70          71  0.981906917459028     
          70          72  0.983082651656006     
          70          73  0.982348750222008     
          65          74  0.939627628442221     
          63          75   1.12373077960825     
          74          75  0.930500150346689     
          74          76  0.996928129700211     
          76          77  0.982554095365842     
          76          78  0.982498030934546     
          76          79  0.981822448488230     
          74          80  0.991454455476339     
          80          81  0.983708048938129     
          80          82  0.982987525739538     
          80          83  0.983035060435399     
           4          84  0.967855122009374     
          14          85  0.968168199028558     
          19          86  0.627082778278065     
          20          86  0.354471601350278     
          86          87   1.30162565462964     
          86          88   1.30237031291995     
          87          89   1.34167236513711     
          87          90   1.10653278156389     
          88          91   1.09286632825190     
          88          92   1.36544516478378     
          89          93   1.44708898211938     
          92          93   1.42335272839541     
          89          94  0.967870914330522     
          90          95   2.75313647548912     
          91          96   2.76975626846384     
          92          97  0.967024226298454     
          93          98  0.966024438112459     
