           1           2   1.49904202607119     
           2           3   1.38439628209982     
           1           4  0.115780499308616     
           3           4   1.48084086351452     
           4           5   1.35654776564326     
           5           6   1.07800959816308     
           6           7   1.09801975915274     
           7           8   1.67367462820997     
           1           9   1.33431953444759     
           5           9   1.27893424884229     
           8           9   1.19574229622994     
           1          10  0.968866395153764     
           2          11  0.970410021261764     
           3          12  0.970611576038627     
           4          13  0.967164842619064     
           7          14  0.964739532522682     
           8          15  0.971996089350620     
