   -0.11770370
    0.07993895
   -0.04181724
   -0.02125942
   -0.04303622
    0.04890632
    0.05171358
    0.05668673
    0.04868774
    0.07604268
   -0.12513811
    0.04276912
   -0.04442673
   -0.02441703
   -0.04425247
    0.04746173
    0.05115729
    0.07308495
   -0.15586696
    0.09136034
    0.40450443
   -0.40700738
    0.12993931
   -0.12150395
    0.05333518
    0.04545326
    0.05181760
   -0.10997291
    0.04844384
    0.04275334
    0.02776142
    0.13084345
   -0.40414451
   -0.12154220
    0.05265000
    0.04624349
    0.04910826
   -0.12001805
    0.04689588
    0.05306618
    0.04598471
    0.40271459
   -0.38600282
    0.12879573
   -0.12568054
    0.05450940
    0.05593043
    0.04986169
   -0.12142394
    0.04872453
    0.04581266
    0.05245799
    0.12761912
   -0.38258808
   -0.12432126
    0.05427450
    0.05434872
    0.04870321
   -0.12320866
    0.04355097
    0.05314555
    0.05043411
    0.40386126
   -0.38004983
    0.12523076
   -0.13007507
    0.05814730
    0.05387732
    0.05040078
   -0.12906099
    0.06037837
    0.05084433
    0.05204067
    0.12749081
   -0.38049479
   -0.12408770
    0.05122158
    0.05412130
    0.05464855
   -0.12179536
    0.04042701
    0.04910706
    0.05500890
    0.05476291
    0.05067374
   -0.03515031
    0.02033506
   -0.04347575
    0.06524374
   -0.13270691
   -0.03985350
    0.04698068
   -0.27022236
   -0.05632054
    0.12818200
    0.03906143
    0.04857058
   -0.13285804
    0.07500912
    0.08193286
    0.07643225
