           1           2   1.31281183292653     
           2           3   1.35043909527155     
           3           4   1.48146007810687     
           4           5   1.38535488947956     
           1           6   1.39094732717541     
           3           6  0.105814461655200     
           5           6   1.45778401360053     
           6           7  0.957518027425379     
           5           8  0.968370496772147     
           3           9  0.961559254406894     
           2          10   1.08866648215609     
          10          11   1.30206930700909     
          11          12   1.38586102646615     
          12          13   1.45591527405721     
          13          14   1.38756937946284     
          10          15   1.35735033051631     
          12          15  0.104323961036049     
          14          15   1.47455434513412     
          15          16  0.961506104651412     
          13          17  0.968930525874565     
          12          18  0.948885252815550     
           1          19  0.438064359548886     
          11          19  0.435566496838973     
          19          20  0.536720902726858     
          19          21  0.727252033275153     
          21          22   1.09486700005038     
          22          23  0.941533835547402     
          23          24  0.996376746791695     
          24          25  0.982700184749222     
          24          26  0.983520446524112     
          24          27  0.983124963561834     
          23          28  0.990248621164617     
          28          29  0.983942445485460     
          28          30  0.983897137532821     
          28          31  0.985022159728055     
          23          32  0.940930683485355     
          21          33   1.11161476466537     
          32          33  0.938033383221310     
          32          34  0.990951459504291     
          34          35  0.980692452536245     
          34          36  0.983485186995815     
          34          37  0.981880142837143     
          32          38  0.996991806414825     
          38          39  0.983088719686384     
          38          40  0.982800347816745     
          38          41  0.983653589372540     
          19          42  0.859218382517941     
          42          43   1.11185049673569     
          43          44  0.935895078838910     
          44          45  0.996753081574828     
          45          46  0.982270074637630     
          45          47  0.981741734877301     
          45          48  0.983092000179985     
          44          49  0.990927000702095     
          49          50  0.983362438433436     
          49          51  0.982195606933033     
          49          52  0.979334542293973     
          44          53  0.938897291197357     
          42          54   1.11167133296282     
          53          54  0.933968827828128     
          53          55  0.996216675403231     
          55          56  0.982372112616009     
          55          57  0.982776600960154     
          55          58  0.983094887146307     
          53          59  0.991654821236181     
          59          60  0.982446428980521     
          59          61  0.982984413283647     
          59          62  0.983008258322948     
          19          63  0.861443647138392     
          63          64   1.10854661898294     
          64          65  0.937377029839741     
          65          66  0.991179157161972     
          66          67  0.978775611353494     
          66          68  0.982561143759426     
          66          69  0.983070133217354     
          65          70  0.996441244662705     
          70          71  0.982001574025352     
          70          72  0.983385359365892     
          70          73  0.982317425062263     
          65          74  0.938141169943469     
          63          75   1.11925803634561     
          74          75  0.934914719607898     
          74          76  0.996148674157479     
          76          77  0.982821868270344     
          76          78  0.982070054312618     
          76          79  0.981307875228042     
          74          80  0.991233815271266     
          80          81  0.984085218138091     
          80          82  0.983157385806434     
          80          83  0.983176403948656     
           4          84  0.968569704939121     
          14          85  0.968856832446666     
          19          86  0.588775595265713     
          20          86  0.346102857090443     
          86          87   1.34950493503155     
          86          88   1.38979327892822     
          87          89   1.26772816413028     
          87          90   1.08711029348228     
          88          91   1.41039647667463     
          88          92  0.958440250696627     
          89          93   1.17235455329798     
          90          93  0.163232543385544     
          89          94   1.33902564938634     
          91          94   1.46292137262975     
          90          95   1.08323749095576     
          93          95   1.67493226736647     
          91          96  0.968507395897060     
          94          97  0.966232058885299     
          95          98   1.04080535069368     
          98          99  0.961573116344844     
          98         100  0.975133237194937     
          98         101  0.963486619768731     
