   -0.12148320
    0.07684374
   -0.04338208
   -0.02210091
   -0.04390338
    0.04821847
    0.05143828
    0.05638579
    0.04801436
    0.07341945
   -0.12642491
    0.04151282
   -0.04484732
   -0.02430820
   -0.04463011
    0.04600495
    0.05174452
    0.07543582
   -0.15304078
    0.08226565
    0.40393569
   -0.40923474
    0.13029869
   -0.12125758
    0.05322443
    0.04496928
    0.05100516
   -0.10892597
    0.04757958
    0.04119579
    0.02806976
    0.13084899
   -0.40268908
   -0.12004540
    0.04964337
    0.04639256
    0.04957405
   -0.11981883
    0.04735098
    0.05317565
    0.04533906
    0.40252234
   -0.38201993
    0.12863033
   -0.12331946
    0.05143785
    0.05711662
    0.04983418
   -0.12190016
    0.04914923
    0.04503873
    0.05301385
    0.12822980
   -0.38349965
   -0.12440010
    0.05459860
    0.05447590
    0.04884141
   -0.11920322
    0.04013752
    0.05216534
    0.05021680
    0.40352786
   -0.37671376
    0.12531939
   -0.12940117
    0.05835229
    0.05406722
    0.05007214
   -0.12923844
    0.06071804
    0.05097882
    0.05194693
    0.12700975
   -0.38163536
   -0.12405822
    0.05113934
    0.05368421
    0.05452574
   -0.12219027
    0.03961600
    0.05021580
    0.05483431
    0.05386105
    0.05056233
   -0.00891425
   -0.04595791
   -0.05911425
    0.04932918
    0.02194833
    0.09248593
    0.04434313
   -0.26834983
    0.02678962
   -0.06734806
   -0.05990814
    0.04209884
    0.05732816
    0.01354979
    0.04981377
    0.03692208
   -0.04060431
   -0.04124451
   -0.03550988
    0.03111488
   -0.03496932
    0.03449632
   -0.03835436
    0.03262927
    0.03124859
    0.03012253
