           1           2   1.31089459624572     
           2           3   1.34629049976188     
           3           4   1.48559491012914     
           4           5   1.38031958476226     
           1           6   1.38781106866662     
           3           6  0.106191483455548     
           5           6   1.46182001728164     
           6           7  0.956812071473587     
           5           8  0.968392981008939     
           3           9  0.961617407298200     
           2          10   1.09340513678995     
          10          11   1.30140465404221     
          11          12   1.38338672732556     
          12          13   1.45989189213102     
          13          14   1.38252900867067     
          10          15   1.35190968498397     
          12          15  0.105183915531261     
          14          15   1.47991842254993     
          15          16  0.961628504391559     
          13          17  0.968864184176937     
          12          18  0.947645202559239     
           1          19  0.445097518784167     
          11          19  0.434855861473152     
          19          20  0.541114612233630     
          19          21  0.712295251510683     
          21          22   1.09206650087588     
          22          23  0.942113255227764     
          23          24  0.996582623061527     
          24          25  0.982747554086679     
          24          26  0.983545886789609     
          24          27  0.983226922215540     
          23          28  0.990122751334880     
          28          29  0.983978628011395     
          28          30  0.983951309793716     
          28          31  0.985111904446339     
          23          32  0.941074136350778     
          21          33   1.11316931669919     
          32          33  0.938843174025267     
          32          34  0.990904995937352     
          34          35  0.982164523561183     
          34          36  0.983614441572923     
          34          37  0.982359833896779     
          32          38  0.996836076742141     
          38          39  0.983065734315650     
          38          40  0.982747836208113     
          38          41  0.983682839735709     
          19          42  0.856041040600700     
          42          43   1.11682125962557     
          43          44  0.936034957189435     
          44          45  0.996721913380331     
          45          46  0.982374193937978     
          45          47  0.981590136944527     
          45          48  0.983150692959057     
          44          49  0.990944312622792     
          49          50  0.983315369271993     
          49          51  0.982449702078433     
          49          52  0.979559275523497     
          44          53  0.938978048758936     
          42          54   1.10772238193921     
          53          54  0.934395374958232     
          53          55  0.996388346584517     
          55          56  0.982336144145967     
          55          57  0.982767016587096     
          55          58  0.983059435378349     
          53          59  0.991515477957032     
          59          60  0.978748102374148     
          59          61  0.983122456929396     
          59          62  0.983020108854375     
          19          63  0.863027542209289     
          63          64   1.11478978370275     
          64          65  0.937462200221438     
          65          66  0.991300178739932     
          66          67  0.978565283585746     
          66          68  0.982521174037182     
          66          69  0.982977338374154     
          65          70  0.996454572039531     
          70          71  0.981917653758088     
          70          72  0.983326767933858     
          70          73  0.982249915283544     
          65          74  0.937821472632936     
          63          75   1.11739294551836     
          74          75  0.935175628999177     
          74          76  0.996070441716373     
          76          77  0.982799774121172     
          76          78  0.982175438495078     
          76          79  0.981722789432467     
          74          80  0.991330536332478     
          80          81  0.983735699334833     
          80          82  0.983151997123907     
          80          83  0.983183078395215     
           4          84  0.968664274858916     
          14          85  0.968863837654846     
          19          86  0.606081735062044     
          20          86  0.334092659038344     
          86          87   1.37750027826282     
          86          88   1.37870891855473     
          87          89   1.42673833826194     
          88          89  0.103832242920352     
          87          90  0.963538520343054     
          88          91   1.41582519168922     
          88          92  0.960425853156704     
          89          93   1.43517872989932     
          91          93   1.38345937957666     
          89          94  0.961867507813597     
          91          95   1.00537667967219     
          95          96  0.968874627217028     
          95          97  0.974767727155351     
          95          98  0.967278469249475     
          96          99   1.01250011064608     
          96         100  0.973062018802810     
          96         101  0.968544087352895     
          99         102   1.41033511632335     
          99         103   1.41132675188581     
         102         104   1.44695139044846     
         103         104  0.110641496143350     
         102         105  0.969090681511461     
         102         106  0.110747211060150     
         103         106   1.44596981503206     
         103         107  0.969137903429307     
          99         108  0.109598761698005     
         104         108   1.43735681792063     
         106         108   1.43815877914959     
         104         109  0.970965329596862     
         106         110  0.971068008344313     
         108         111  0.971496143759084     
