   -0.11786015
    0.08051293
   -0.04114441
   -0.02096828
   -0.04193610
    0.04927621
    0.05387971
    0.05854105
    0.04939435
    0.07745558
   -0.11496065
    0.04388158
   -0.04285478
   -0.02141409
   -0.04381242
    0.05024802
    0.05432351
    0.07834749
   -0.16051383
    0.08966320
    0.40247854
   -0.40951735
    0.13056737
   -0.12193518
    0.05417953
    0.04526334
    0.05116515
   -0.10871954
    0.04769037
    0.04085509
    0.02777962
    0.13080422
   -0.40282278
   -0.11927610
    0.04640446
    0.04763399
    0.04989001
   -0.12012382
    0.04750775
    0.05355790
    0.04556779
    0.40545360
   -0.37948836
    0.12842177
   -0.12553168
    0.05396223
    0.05751882
    0.04956353
   -0.12215079
    0.04957340
    0.04592269
    0.05254549
    0.12822631
   -0.38329668
   -0.12436404
    0.05403945
    0.05493544
    0.04869452
   -0.11950613
    0.04134630
    0.05137236
    0.04944942
    0.40077500
   -0.37546104
    0.12552733
   -0.12822569
    0.05712373
    0.05320553
    0.05020101
   -0.12911165
    0.05974688
    0.05110862
    0.05299070
    0.12595660
   -0.38197909
   -0.12461876
    0.05106911
    0.05364135
    0.05431568
   -0.12389072
    0.03966073
    0.05298414
    0.05489529
    0.05574722
    0.05420833
   -0.02001437
   -0.08589694
   -0.06281093
   -0.03772970
   -0.01041356
    0.02625480
    0.03213894
    0.00300473
   -0.04163157
   -0.04018517
   -0.04466084
    0.02520838
   -0.04527569
    0.03312303
    0.01246514
    0.02948950
    0.03193024
   -0.11879917
    0.04540553
    0.04947443
    0.05335597
