           1           2   1.31736757561357     
           2           3   1.35462556720024     
           3           4   1.47735242150584     
           4           5   1.38949965690072     
           1           6   1.39098140724807     
           3           6  0.105746632489428     
           5           6   1.45600622198665     
           6           7  0.956304984420205     
           5           8  0.968144511601936     
           3           9  0.961873417637029     
           2          10   1.08363220334254     
          10          11   1.31404097742374     
          11          12   1.39013332817808     
          12          13   1.45166993784478     
          13          14   1.39289969731052     
          10          15   1.35674825001235     
          12          15  0.105450864556392     
          14          15   1.47452655837722     
          15          16  0.961695587256960     
          13          17  0.968573778915155     
          12          18  0.946001153574187     
           1          19  0.434091966426368     
          11          19  0.437586487494224     
          19          20  0.561708864547720     
          19          21  0.738682984445861     
          21          22   1.08893337857110     
          22          23  0.942777125006799     
          23          24  0.996750763439559     
          24          25  0.982623022134479     
          24          26  0.983598871956034     
          24          27  0.983247743161967     
          23          28  0.989699845299372     
          28          29  0.984027104185658     
          28          30  0.984020687358254     
          28          31  0.985277230240876     
          23          32  0.941551290060259     
          21          33   1.11234650856464     
          32          33  0.938880924754199     
          32          34  0.990831980008601     
          34          35  0.983683180380424     
          34          36  0.983721723302820     
          34          37  0.982845011468325     
          32          38  0.996814542373282     
          38          39  0.983147805620680     
          38          40  0.982646479482677     
          38          41  0.983638380581099     
          19          42  0.855563254141317     
          42          43   1.12615105497637     
          43          44  0.935397305633982     
          44          45  0.996711990335580     
          45          46  0.982316026628521     
          45          47  0.981462938082005     
          45          48  0.983175306425582     
          44          49  0.990662705522700     
          49          50  0.983352566270116     
          49          51  0.983170306252770     
          49          52  0.980273909796787     
          44          53  0.939340610894689     
          42          54   1.10403668319046     
          53          54  0.934161492902766     
          53          55  0.996531035200238     
          55          56  0.982519976890679     
          55          57  0.982725363861301     
          55          58  0.983105763865400     
          53          59  0.991484070780708     
          59          60  0.982564528903697     
          59          61  0.983121594784622     
          59          62  0.983050277873768     
          19          63  0.858605708313765     
          63          64   1.11822023403119     
          64          65  0.937785191904934     
          65          66  0.991386789519898     
          66          67  0.978964550504079     
          66          68  0.982623711108408     
          66          69  0.983027863215144     
          65          70  0.996279765041617     
          70          71  0.982105273128178     
          70          72  0.983362891900419     
          70          73  0.982172386168442     
          65          74  0.937827522146543     
          63          75   1.11090361803320     
          74          75  0.936457604906299     
          74          76  0.995924720000684     
          76          77  0.982994792619609     
          76          78  0.982570966319528     
          76          79  0.982443014474644     
          74          80  0.991013312327429     
          80          81  0.983267460448819     
          80          82  0.982979227911941     
          80          83  0.983208926734971     
           4          84  0.968435120957492     
          14          85  0.968422760335489     
          19          86  0.600143584710713     
          20          86  0.322498919816230     
          86          87   1.13531417874368     
          86          88   1.57977244978831     
          86          89  0.102376726499278     
          87          89   1.17149837408279     
          88          90   1.22437778696373     
          89          90   1.55040470031043     
          88          91  0.956647242341592     
          89          92  0.970123629864887     
          90          93   1.05700773511349     
          93          94   1.38359526259469     
          93          95   1.37490672689815     
          94          96   1.45509571150896     
          95          96  0.104087278354387     
          94          97  0.969385784613102     
          94          98  0.105031171704380     
          95          98   1.46442011685833     
          95          99  0.967595200866511     
          93         100  0.100181083455226     
          96         100   1.40732674934061     
          98         100   1.39929834542455     
          96         101  0.968905024445659     
          98         102  0.969219412026912     
         100         103   1.02609204935755     
         103         104  0.984173544391644     
         103         105  0.978234813420828     
         103         106  0.967423113186159     
