           1           2   1.49527229187253     
           2           3   1.36835546511590     
           1           4  0.111068254922857     
           3           4   1.47898999762797     
           4           5   1.33784791632407     
           5           6   1.18394151521298     
           6           7   1.22249661390080     
           7           8   1.59624214850043     
           1           9   1.32731004653244     
           5           9   1.23093731935640     
           8           9   1.24143784090219     
           1          10  0.968798156875718     
           2          11  0.965167747526540     
           4          12  0.961108508030204     
           6          13  0.930061137490364     
           7          14  0.968500481558320     
           8          15  0.973218215139639     
