   -0.12181345
    0.07615150
   -0.04361481
   -0.02247320
   -0.04427035
    0.04837763
    0.05194366
    0.05505883
    0.04619739
    0.07326363
   -0.12979445
    0.04198355
   -0.04554185
   -0.02493560
   -0.04528948
    0.04437327
    0.04908303
    0.07477768
   -0.15151336
    0.08411585
    0.40462854
   -0.40869959
    0.13037866
   -0.12136200
    0.05347592
    0.04451829
    0.05126328
   -0.10802952
    0.04690376
    0.04092219
    0.02672897
    0.13110062
   -0.40568986
   -0.11983116
    0.04867759
    0.04641819
    0.04980930
   -0.11937088
    0.04616615
    0.05290598
    0.04516217
    0.40290282
   -0.38408100
    0.12833603
   -0.12421607
    0.05194687
    0.05607145
    0.04929832
   -0.12151285
    0.04834157
    0.04665022
    0.05262799
    0.12774024
   -0.38423983
   -0.12359831
    0.05307139
    0.05381634
    0.04835358
   -0.11829473
    0.03719231
    0.05077939
    0.04997925
    0.40280336
   -0.38011956
    0.12630374
   -0.12801920
    0.05788742
    0.05181543
    0.05023575
   -0.12901256
    0.06040416
    0.05080102
    0.05274813
    0.12704942
   -0.38036965
   -0.12424914
    0.05073138
    0.05289561
    0.05533122
   -0.12262268
    0.04021261
    0.05043664
    0.05452182
    0.05205757
    0.04813456
   -0.02729332
   -0.04431286
   -0.01160702
    0.01245192
    0.02716834
    0.08158469
   -0.03133789
   -0.11576753
   -0.06729331
   -0.27937220
   -0.06013032
    0.06679392
    0.04574286
    0.04859627
    0.05092270
    0.04445665
    0.10163140
    0.03197466
   -0.13052005
    0.06597033
    0.05756768
    0.05947503
