           1           2   1.30952037451575     
           2           3   1.34616480128429     
           3           4   1.48573764973977     
           4           5   1.37974913593059     
           1           6   1.38803484462441     
           3           6  0.106089619700535     
           5           6   1.46171954850967     
           6           7  0.956662278501599     
           5           8  0.968567624366727     
           3           9  0.961729096028246     
           2          10   1.09431098443430     
          10          11   1.30231693966149     
          11          12   1.38496209785383     
          12          13   1.45958838763070     
          13          14   1.38174271140693     
          10          15   1.35020812956521     
          12          15  0.105455136946852     
          14          15   1.48085931590455     
          15          16  0.961747248844838     
          13          17  0.969158125582599     
          12          18  0.947368017723929     
           1          19  0.444342781587438     
          11          19  0.417924250266299     
          19          20  0.523743848794457     
          19          21  0.715406804629424     
          21          22   1.09167058006989     
          22          23  0.942770010505810     
          23          24  0.996563502176338     
          24          25  0.982740657821906     
          24          26  0.983594199746840     
          24          27  0.983230171226336     
          23          28  0.989908774852183     
          28          29  0.984065189921544     
          28          30  0.983987143199722     
          28          31  0.984878076172564     
          23          32  0.941265966555225     
          21          33   1.10779428168279     
          32          33  0.939360467126100     
          32          34  0.990866201451948     
          34          35  0.982758257103689     
          34          36  0.983662289318457     
          34          37  0.982171123581526     
          32          38  0.996814704676918     
          38          39  0.983183577245230     
          38          40  0.982742961337188     
          38          41  0.983696660036835     
          19          42  0.854555332629823     
          42          43   1.11530107290768     
          43          44  0.937561948102127     
          44          45  0.996155954221701     
          45          46  0.981416604522318     
          45          47  0.981574762508157     
          45          48  0.983218094628513     
          44          49  0.991017824032206     
          49          50  0.983382197899943     
          49          51  0.982981932534661     
          49          52  0.979505215644864     
          44          53  0.938046635362305     
          42          54   1.10594908160137     
          53          54  0.935391236430696     
          53          55  0.995620538427355     
          55          56  0.982558249232174     
          55          57  0.982809369257286     
          55          58  0.983183495036197     
          53          59  0.991805992070830     
          59          60  0.980560749766194     
          59          61  0.983114163622082     
          59          62  0.982921395599753     
          19          63  0.876587917224678     
          63          64   1.10744725391973     
          64          65  0.936193953515141     
          65          66  0.991501902519139     
          66          67  0.978770590577950     
          66          68  0.982426595003488     
          66          69  0.982931200673509     
          65          70  0.996838587009773     
          70          71  0.981962456947968     
          70          72  0.983242206905089     
          70          73  0.982179068204783     
          65          74  0.938161095465725     
          63          75   1.11405992986395     
          74          75  0.936667850469797     
          74          76  0.995721567246899     
          76          77  0.982994618178595     
          76          78  0.982364956058720     
          76          79  0.982102534639541     
          74          80  0.990910386044893     
          80          81  0.983791617619474     
          80          82  0.983174195063489     
          80          83  0.983289306310319     
           4          84  0.968860920713142     
          14          85  0.969109472412448     
          19          86  0.584432205907787     
          20          86  0.352377379883843     
          86          87   1.49266256143616     
          86          88   1.23592987488150     
          87          89   1.29518227837174     
          87          90  0.959691102043280     
          88          91   1.22881908751607     
          88          92   1.28460889028328     
          89          93   1.02313886924471     
          89          94   1.51301612941663     
          91          94   1.27362623684372     
          91          95   1.27838679177054     
          92          96   1.55330073382769     
          92          97  0.948369963276842     
          93          98  0.972856226803355     
          93          99  0.985112669491790     
          93         100  0.972458529573638     
          94         101  0.965179374619356     
          95         102   1.51132997490015     
          96         102   1.28123892876894     
          96         103  0.968223366126738     
         102         104   1.02229197851993     
         104         105  0.983967716769530     
         104         106  0.970270278621485     
         104         107  0.967527202971636     
