   -0.12143588
    0.07571872
   -0.04308282
   -0.02223489
   -0.04349806
    0.04810632
    0.05326084
    0.05649569
    0.04768087
    0.07156309
   -0.12630718
    0.04269792
   -0.04422479
   -0.02436888
   -0.04522374
    0.04646545
    0.05293002
    0.07740113
   -0.16341665
    0.09612720
    0.40429978
   -0.40784692
    0.12993009
   -0.12104276
    0.05286319
    0.04492343
    0.05134529
   -0.10937530
    0.04772679
    0.04206086
    0.02772559
    0.13073236
   -0.40349752
   -0.12080771
    0.05188493
    0.04569066
    0.04888410
   -0.11995259
    0.04696842
    0.05308693
    0.04532139
    0.40347739
   -0.38615178
    0.12888765
   -0.12516188
    0.05402249
    0.05554590
    0.04940260
   -0.12109885
    0.04845831
    0.04574778
    0.05174141
    0.12785406
   -0.38202866
   -0.12437523
    0.05426302
    0.05473420
    0.04801176
   -0.12238341
    0.04227901
    0.05214566
    0.05131895
    0.40378154
   -0.38000093
    0.12525295
   -0.12981049
    0.05808960
    0.05345937
    0.05002720
   -0.12887861
    0.06049924
    0.05045720
    0.05200851
    0.12751689
   -0.38060025
   -0.12374424
    0.05076102
    0.05376340
    0.05450494
   -0.12121317
    0.04026328
    0.04817267
    0.05464741
    0.05368157
    0.05064156
   -0.03333163
   -0.02339993
   -0.04718042
   -0.08540880
    0.02419833
   -0.02457359
    0.03980533
    0.04434429
