           1           2   1.31047811022476     
           2           3   1.34834471235935     
           3           4   1.48371987542041     
           4           5   1.38150003622343     
           1           6   1.38710365317980     
           3           6  0.106018067805648     
           5           6   1.46128239108532     
           6           7  0.956917415633914     
           5           8  0.968370830597233     
           3           9  0.961646973506168     
           2          10   1.09227584430604     
          10          11   1.30305016832575     
          11          12   1.38518163412819     
          12          13   1.45755564799410     
          13          14   1.38530124142958     
          10          15   1.35383811899195     
          12          15  0.104962953366824     
          14          15   1.47781290216355     
          15          16  0.961630651414407     
          13          17  0.968750988054824     
          12          18  0.947413820097501     
           1          19  0.448514286226086     
          11          19  0.438808821310322     
          19          20  0.552174226446743     
          19          21  0.728512966198668     
          21          22   1.09314865085584     
          22          23  0.942338903131461     
          23          24  0.996384966816622     
          24          25  0.982744487864247     
          24          26  0.983570341214294     
          24          27  0.983186749188144     
          23          28  0.990209688707989     
          28          29  0.984043566188151     
          28          30  0.984027511660995     
          28          31  0.985206317375939     
          23          32  0.940804844601014     
          21          33   1.11163576371284     
          32          33  0.938961026885498     
          32          34  0.990895125657233     
          34          35  0.980969238352353     
          34          36  0.983566701648965     
          34          37  0.982041162933426     
          32          38  0.996900179561732     
          38          39  0.983094694209359     
          38          40  0.982868211399198     
          38          41  0.983731795180645     
          19          42  0.865008775192605     
          42          43   1.11098437618836     
          43          44  0.936520129478616     
          44          45  0.996898330215200     
          45          46  0.982361422536840     
          45          47  0.981961174177304     
          45          48  0.983158906189636     
          44          49  0.990772983557120     
          49          50  0.983432383377859     
          49          51  0.981949471818735     
          49          52  0.979921940730557     
          44          53  0.939264009187885     
          42          54   1.10923878233586     
          53          54  0.934828440437704     
          53          55  0.996225734367461     
          55          56  0.982436707265593     
          55          57  0.982759794302519     
          55          58  0.983161565225405     
          53          59  0.991478925350399     
          59          60  0.983009710565134     
          59          61  0.983133739384627     
          59          62  0.982947119765154     
          19          63  0.863894482830364     
          63          64   1.10716254980240     
          64          65  0.937789316830885     
          65          66  0.991075236261419     
          66          67  0.978924266652202     
          66          68  0.982625455186288     
          66          69  0.983133202293966     
          65          70  0.996601527750324     
          70          71  0.981991935963191     
          70          72  0.983424677211518     
          70          73  0.982313259640864     
          65          74  0.938211778098367     
          63          75   1.11880754035904     
          74          75  0.935680371041464     
          74          76  0.996053497552034     
          76          77  0.982937621425201     
          76          78  0.982157617313509     
          76          79  0.981035641194748     
          74          80  0.991086834289160     
          80          81  0.984141186416196     
          80          82  0.983195180252067     
          80          83  0.983274771619297     
           4          84  0.968707489299168     
          14          85  0.968860691844570     
          19          86  0.573868128456736     
          20          86  0.331983239622750     
          86          87   1.60675592790009     
          86          88   1.21446255628165     
          87          89   1.13100051337415     
          88          89  0.100716212736597     
          87          90  0.969034304977012     
          87          91  0.113219078484253     
          88          91   1.65504414158366     
          89          91   1.17133324947998     
          88          92  0.957564831808044     
          91          93  0.969833229047169     
