   -0.12128570
    0.08172350
   -0.04233367
   -0.02094514
   -0.04300371
    0.05096161
    0.05117511
    0.05821093
    0.04656322
    0.07842084
   -0.13301583
    0.04183805
   -0.04515503
   -0.02470310
   -0.04458919
    0.04600868
    0.05122445
    0.07112008
   -0.13860735
    0.08799712
    0.41239488
   -0.40903125
    0.13106954
   -0.12146053
    0.05510380
    0.04610442
    0.05180629
   -0.10816199
    0.04905697
    0.04172666
    0.02465846
    0.13246072
   -0.41114132
   -0.12179354
    0.05214965
    0.04775470
    0.05110136
   -0.11900976
    0.04401645
    0.05448902
    0.04690153
    0.40908600
   -0.37839933
    0.12992830
   -0.13205643
    0.06410845
    0.05840148
    0.05387297
   -0.12068608
    0.04855053
    0.04884470
    0.04988612
    0.12952367
   -0.39504454
   -0.12042074
    0.04552777
    0.04982647
    0.04981098
   -0.12590316
    0.05667122
    0.05404188
    0.04999342
    0.40581070
   -0.36221577
    0.12594477
   -0.13411578
    0.05612104
    0.06553802
    0.05563662
   -0.13241074
    0.06800514
    0.05344310
    0.05302187
    0.12822688
   -0.38594840
   -0.12507782
    0.05359562
    0.05187371
    0.05708702
   -0.12210549
    0.03816031
    0.05066602
    0.05664559
    0.05472355
    0.05067748
   -0.05574880
    0.15903667
    0.04291397
   -0.06043636
   -0.25995386
   -0.11326158
   -0.04590542
   -0.04369525
    0.05466001
    0.07255593
    0.05916666
