           1           2   1.31905978542908     
           2           3   1.35000522383839     
           3           4   1.48179745663172     
           4           5   1.38724914687953     
           1           6   1.39319181990619     
           3           6  0.106282257334306     
           5           6   1.45656477713122     
           6           7  0.956756489883731     
           5           8  0.968205163340917     
           3           9  0.961579815800072     
           2          10   1.09042915403005     
          10          11   1.30568811029922     
          11          12   1.38164692591629     
          12          13   1.45961780799278     
          13          14   1.38538263987833     
          10          15   1.35575416286224     
          12          15  0.104866967826281     
          14          15   1.47628951071533     
          15          16  0.961448548125405     
          13          17  0.968877112461547     
          12          18  0.947328753598895     
           1          19  0.422540373490689     
          11          19  0.413717025080733     
          19          20  0.558204886611555     
          19          21  0.712577640289335     
          21          22   1.10113160806076     
          22          23  0.939387037205787     
          23          24  0.996657021042635     
          24          25  0.982373656523814     
          24          26  0.983357332450457     
          24          27  0.983130714066831     
          23          28  0.990530862274963     
          28          29  0.983765071549900     
          28          30  0.984001123339163     
          28          31  0.984599124447921     
          23          32  0.941293263197007     
          21          33   1.10491379741410     
          32          33  0.935629926403788     
          32          34  0.991462078478753     
          34          35  0.981193526994901     
          34          36  0.983354063126139     
          34          37  0.981015164869449     
          32          38  0.997405279788364     
          38          39  0.983347240265452     
          38          40  0.982008265691763     
          38          41  0.983364901304932     
          19          42  0.850128912851476     
          42          43   1.13784208859644     
          43          44  0.934027512401071     
          44          45  0.995723405160129     
          45          46  0.975686737069011     
          45          47  0.981099730901517     
          45          48  0.982198636353811     
          44          49  0.991816997424964     
          49          50  0.982870173450282     
          49          51  0.982377903808653     
          49          52  0.978803124843260     
          44          53  0.936218127459210     
          42          54   1.09845225352508     
          53          54  0.931327027424280     
          53          55  0.994229200209686     
          55          56  0.982956619965400     
          55          57  0.982985790595001     
          55          58  0.982644579345916     
          53          59  0.994154492965607     
          59          60  0.976113961893337     
          59          61  0.982105478554833     
          59          62  0.982734213163730     
          19          63  0.852681656153900     
          63          64   1.12160167403201     
          64          65  0.929764009316560     
          65          66  0.992129097871573     
          66          67  0.980277318291650     
          66          68  0.976730315161033     
          66          69  0.981960871762302     
          65          70  0.997253074917074     
          70          71  0.980782298442650     
          70          72  0.982870083965773     
          70          73  0.982082937508515     
          65          74  0.939247350938940     
          63          75   1.11384284024763     
          74          75  0.931755930114875     
          74          76  0.996816785375216     
          76          77  0.982321694084132     
          76          78  0.982531220034147     
          76          79  0.981851555631793     
          74          80  0.991348568366073     
          80          81  0.983448604194361     
          80          82  0.983158749281210     
          80          83  0.982979977040075     
           4          84  0.968507224995203     
          14          85  0.968843362643994     
          19          86  0.594752750421839     
          20          86  0.332251049387483     
          86          87   1.33523073226461     
          86          88   1.37617182789336     
          87          89   1.41142708198564     
          87          90  0.914004911722513     
          88          91  0.949281367453239     
          88          92   1.42612401802087     
          89          93   1.42178875433116     
          92          93   1.43108083742476     
          89          94  0.965305355690980     
          92          95  0.963699118971179     
          93          96  0.966455798804290     
