   -0.12688605
    0.07971026
   -0.04176866
   -0.02264567
   -0.04442230
    0.04843187
    0.04870114
    0.05261546
    0.04368652
    0.07310880
   -0.12116402
    0.04396474
   -0.04584356
   -0.02591717
   -0.04596196
    0.04401797
    0.04904561
    0.06994298
   -0.15572300
    0.08420459
    0.40180249
   -0.41004175
    0.13064112
   -0.12037491
    0.05285185
    0.04457420
    0.04985982
   -0.10957917
    0.04709471
    0.04161815
    0.02929668
    0.13135947
   -0.40547080
   -0.11956473
    0.05096889
    0.04540142
    0.04757157
   -0.11871999
    0.04675508
    0.05168113
    0.04469328
    0.40621077
   -0.38242166
    0.12831302
   -0.12562968
    0.05364788
    0.05652797
    0.04883995
   -0.12097222
    0.04736663
    0.04407548
    0.05318198
    0.12754465
   -0.38371479
   -0.12312493
    0.05258048
    0.05319453
    0.04773073
   -0.12331128
    0.04530148
    0.05174313
    0.05049931
    0.40014674
   -0.37722055
    0.12536222
   -0.12778371
    0.05573093
    0.05412907
    0.04812354
   -0.12911540
    0.06041765
    0.04928878
    0.05227989
    0.12737479
   -0.38764579
   -0.12314289
    0.04982692
    0.05227574
    0.05346955
   -0.12179825
    0.03945045
    0.04979555
    0.05365288
    0.04962988
    0.04737856
   -0.02706885
    0.01448318
   -0.04008566
   -0.10766719
   -0.04840986
   -0.04019980
    0.04424796
    0.04231835
    0.04866665
    0.03224331
   -0.04431153
    0.02573106
    0.02487969
    0.02644670
