           1           2   1.30418522050928     
           2           3   1.35053057752246     
           3           4   1.48204606113867     
           4           5   1.38180623886065     
           1           6   1.38874480427403     
           3           6  0.105180711845860     
           5           6   1.45962523119832     
           6           7  0.957358241986987     
           5           8  0.968867547210300     
           3           9  0.962084061999966     
           2          10   1.09279099334708     
          10          11   1.29810041735542     
          11          12   1.38508349747008     
          12          13   1.45813478111934     
          13          14   1.38311542848817     
          10          15   1.35466915561477     
          12          15  0.104446988183747     
          14          15   1.47762266732799     
          15          16  0.961934085641650     
          13          17  0.969178676571155     
          12          18  0.951273837520328     
           1          19  0.426760942502160     
          11          19  0.451145514990452     
          19          20  0.519879620218867     
          19          21  0.717415553105838     
          21          22   1.08922521492340     
          22          23  0.943032235815209     
          23          24  0.996369507661022     
          24          25  0.982731502778744     
          24          26  0.983674464999026     
          24          27  0.983363937069438     
          23          28  0.989880534574800     
          28          29  0.984085841697190     
          28          30  0.983956774994899     
          28          31  0.985449952397428     
          23          32  0.941118672310426     
          21          33   1.10845954122634     
          32          33  0.939864313274784     
          32          34  0.990703599607440     
          34          35  0.981440747578561     
          34          36  0.983717972660339     
          34          37  0.982317917686401     
          32          38  0.996621657842891     
          38          39  0.983190708250647     
          38          40  0.982577689834357     
          38          41  0.983744268470698     
          19          42  0.852795394300950     
          42          43   1.11500840617985     
          43          44  0.937881815780543     
          44          45  0.996005854766710     
          45          46  0.982178631296716     
          45          47  0.981652174763584     
          45          48  0.983330969510567     
          44          49  0.991018371151021     
          49          50  0.983353500368982     
          49          51  0.982814783604172     
          49          52  0.978505149084317     
          44          53  0.937045599799764     
          42          54   1.10870430221561     
          53          54  0.936774339973867     
          53          55  0.995729046278152     
          55          56  0.982271571214844     
          55          57  0.982829236715986     
          55          58  0.983190332799764     
          53          59  0.991759594338996     
          59          60  0.982063360799948     
          59          61  0.983106493274041     
          59          62  0.982984670741692     
          19          63  0.868524740220393     
          63          64   1.11034023122526     
          64          65  0.940835396259624     
          65          66  0.990836951083928     
          66          67  0.979067871697132     
          66          68  0.982539162414374     
          66          69  0.983333530296016     
          65          70  0.995872415467371     
          70          71  0.982007189216083     
          70          72  0.983670590471783     
          70          73  0.982267777002769     
          65          74  0.937854204808800     
          63          75   1.10839383685373     
          74          75  0.936884451537221     
          74          76  0.996209469719877     
          76          77  0.982910574393209     
          76          78  0.982297067330519     
          76          79  0.982364931923269     
          74          80  0.991191866537613     
          80          81  0.983476239935441     
          80          82  0.983291798293276     
          80          83  0.983317921827855     
           4          84  0.969150694124045     
          14          85  0.969245944797115     
          19          86  0.583752010254729     
          20          86  0.357344072122568     
          86          87   1.37598375009528     
          86          88   1.37576675346453     
          87          89   1.01952452244301     
          87          90   1.39708994264072     
          88          90  0.106225921012966     
          87          91  0.102309691595371     
          88          91   1.45031930686856     
          88          92  0.956724169597834     
          89          93  0.978263062467384     
          89          94  0.971964509251458     
          89          95  0.970544506335715     
          90          96   1.45112951586348     
          91          96   1.41737009908368     
          90          97  0.968039739329464     
          91          98  0.969427870931190     
          96          99  0.970631162909021     
