   -0.13166889
    0.07908129
   -0.04266556
   -0.02232633
   -0.04545112
    0.04794110
    0.05100255
    0.05464369
    0.04510730
    0.07305039
   -0.12605814
    0.04163427
   -0.04214777
   -0.02291277
   -0.04115760
    0.04324311
    0.04881225
    0.07631962
   -0.14945448
    0.08419312
    0.40607139
   -0.40605113
    0.13005437
   -0.12046821
    0.05306682
    0.04433029
    0.05106811
   -0.10984583
    0.04740835
    0.04201549
    0.02788206
    0.13136443
   -0.40912705
   -0.12241830
    0.05571684
    0.04512269
    0.04778451
   -0.11916463
    0.04543350
    0.05238847
    0.04534079
    0.40369291
   -0.38364682
    0.12867710
   -0.12597593
    0.05544789
    0.05607904
    0.04955238
   -0.12064992
    0.04786315
    0.04431206
    0.05229759
    0.12746552
   -0.38020548
   -0.12441769
    0.05317506
    0.05486823
    0.04872400
   -0.12462074
    0.04593900
    0.05303636
    0.05242292
    0.40791432
   -0.37545186
    0.12538605
   -0.12856834
    0.05634800
    0.05507626
    0.04969984
   -0.13056081
    0.06171650
    0.05050807
    0.05335614
    0.12789956
   -0.38391722
   -0.12360544
    0.05125733
    0.05286500
    0.05437140
   -0.12227293
    0.04015482
    0.04933235
    0.05499536
    0.05079789
    0.04630035
   -0.03159052
    0.00438908
   -0.03945409
   -0.04162883
   -0.00958257
   -0.03655809
    0.04709284
   -0.04325392
    0.03166466
   -0.00622324
    0.05260366
    0.05973001
    0.03201181
    0.03260540
   -0.02212942
   -0.03243254
   -0.07780826
    0.02555350
   -0.07569368
    0.01591879
    0.00793295
    0.01005424
