           1           2   1.30631267009171     
           2           3   1.34907660640104     
           3           4   1.48328756428150     
           4           5   1.38132240430933     
           1           6   1.38947225706888     
           3           6  0.105465113588972     
           5           6   1.46018134151053     
           6           7  0.957538668269268     
           5           8  0.968642281227723     
           3           9  0.962223170753157     
           2          10   1.09368414628728     
          10          11   1.29978537240420     
          11          12   1.37511832372015     
          12          13   1.46201582049360     
          13          14   1.38339426298333     
          10          15   1.35501205422637     
          12          15  0.104465958098039     
          14          15   1.47541666516525     
          15          16  0.962234025293909     
          13          17  0.969095971049793     
          12          18  0.947449455098587     
           1          19  0.415082385121514     
          11          19  0.430844945272663     
          19          20  0.548351879087847     
          19          21  0.698829429042193     
          21          22   1.09752668800546     
          22          23  0.942010891875261     
          23          24  0.996072252599572     
          24          25  0.982693702254102     
          24          26  0.983583594545283     
          24          27  0.983173490587128     
          23          28  0.990413329453991     
          28          29  0.983946216127882     
          28          30  0.983803660214489     
          28          31  0.983937636555315     
          23          32  0.940520113746445     
          21          33   1.10626054507731     
          32          33  0.938051617554521     
          32          34  0.991184797023937     
          34          35  0.979200396121151     
          34          36  0.983392024243242     
          34          37  0.981695520998414     
          32          38  0.997008362036168     
          38          39  0.983084475603342     
          38          40  0.982756676500640     
          38          41  0.983689352021419     
          19          42  0.852930608659987     
          42          43   1.11279232278084     
          43          44  0.935860658733324     
          44          45  0.996365860252189     
          45          46  0.982145743832570     
          45          47  0.981095455562796     
          45          48  0.983063538078611     
          44          49  0.990863882014768     
          49          50  0.983424085048890     
          49          51  0.982832876069267     
          49          52  0.978677121507021     
          44          53  0.938486905527661     
          42          54   1.11457104935033     
          53          54  0.932794812485265     
          53          55  0.996239866663249     
          55          56  0.982441251762041     
          55          57  0.982715078240452     
          55          58  0.982968338825329     
          53          59  0.991923786737056     
          59          60  0.982344246520598     
          59          61  0.982881659404967     
          59          62  0.982787724252582     
          19          63  0.846212467841322     
          63          64   1.11197529637509     
          64          65  0.938076610420316     
          65          66  0.991296335387369     
          66          67  0.978971030454462     
          66          68  0.982444078370247     
          66          69  0.983147436977933     
          65          70  0.996006631695826     
          70          71  0.981902530501697     
          70          72  0.983455211335016     
          70          73  0.982201371318410     
          65          74  0.938615826288174     
          63          75   1.11092230629824     
          74          75  0.934531063380755     
          74          76  0.996827543648842     
          76          77  0.982591091562485     
          76          78  0.982031016846574     
          76          79  0.982207526898216     
          74          80  0.990918064618759     
          80          81  0.983501035925525     
          80          82  0.983208563925905     
          80          83  0.983227870470944     
           4          84  0.968964921932650     
          14          85  0.969276950631132     
          19          86  0.599234823184032     
          20          86  0.334478524660511     
          86          87   1.38206720812557     
          86          88   1.36361288115742     
          87          89   1.39111688812688     
          88          89  0.108303456697414     
          87          90   1.00041046280325     
          87          91  0.100500051652615     
          88          91   1.46403440825989     
          88          92  0.956321783700936     
          89          93   1.45726282011629     
          91          93   1.40939226053079     
          89          94  0.967540864305772     
          90          95  0.975160676302721     
          90          96  0.958431747849021     
          90          97  0.948526273967846     
          91          98  0.969239215588669     
          93          99  0.970219085763076     
          95         100   1.24248437809136     
          95         101   1.23051728184857     
         100         101  0.127473881023905     
         100         102   1.53595020090718     
         100         103  0.967464334357440     
         101         104   1.53979289233767     
         102         104   1.33733753657788     
         101         105  0.971191307014252     
         102         106  0.975501525325187     
         104         107  0.975421076265058     
