   -0.12207841
    0.07871211
   -0.04142747
   -0.01873236
   -0.04031846
    0.05010260
    0.05712164
    0.06394277
    0.05517738
    0.07558346
   -0.13334347
    0.04354006
   -0.04135257
   -0.02102217
   -0.04348649
    0.05541418
    0.05781159
    0.07445823
   -0.13854782
    0.08637249
    0.40687157
   -0.39936800
    0.12913216
   -0.12434528
    0.05634814
    0.04789872
    0.05467988
   -0.11210363
    0.05128294
    0.04523127
    0.02756561
    0.13077968
   -0.40346078
   -0.12401848
    0.05382091
    0.04943047
    0.05125918
   -0.12152872
    0.04715761
    0.05474877
    0.04869351
    0.40300038
   -0.37488873
    0.12806304
   -0.12943727
    0.06247462
    0.05749430
    0.05268182
   -0.12212146
    0.05217575
    0.05224814
    0.05147679
    0.12734026
   -0.39136718
   -0.12352013
    0.05169448
    0.05271072
    0.05217969
   -0.12257594
    0.04520275
    0.05478254
    0.04990077
    0.40401144
   -0.38394309
    0.12592243
   -0.13328449
    0.05769470
    0.06352575
    0.05313991
   -0.12999781
    0.06157333
    0.05352347
    0.05290179
    0.12648304
   -0.37379012
   -0.12675849
    0.05389594
    0.05568178
    0.05815955
   -0.12443411
    0.04077225
    0.05363932
    0.05735505
    0.06166497
    0.05892886
   -0.03797724
   -0.01654219
    0.09505702
    0.06439972
    0.05428182
    0.12185120
   -0.22975456
    0.04429037
   -0.18401734
   -0.23674632
    0.06097387
