           1           2   1.32191199698479     
           2           3   1.35565573185501     
           3           4   1.47566694651261     
           4           5   1.39417641954755     
           1           6   1.39469434913405     
           3           6  0.105447173335188     
           5           6   1.45206995363758     
           6           7  0.956443926993399     
           5           8  0.967435363649102     
           3           9  0.960892026537511     
           2          10   1.08232910612202     
          10          11   1.31221948250419     
          11          12   1.38956830322389     
          12          13   1.45215196241269     
          13          14   1.39464620298873     
          10          15   1.36035204089563     
          12          15  0.104507091440217     
          14          15   1.47134950150648     
          15          16  0.960699823456631     
          13          17  0.968143336721397     
          12          18  0.947410946672234     
           1          19  0.423525435867813     
          11          19  0.411505845895621     
          19          20  0.536757949031705     
          19          21  0.739120273041827     
          21          22   1.10821353755834     
          22          23  0.937066480735313     
          23          24  0.997056664737624     
          24          25  0.982211942645466     
          24          26  0.983124914068143     
          24          27  0.982779403624870     
          23          28  0.990724446378255     
          28          29  0.983609930918936     
          28          30  0.983735020739593     
          28          31  0.984910844773880     
          23          32  0.941361410913976     
          21          33   1.11541703993183     
          32          33  0.934089123668892     
          32          34  0.991499234145073     
          34          35  0.981130698692317     
          34          36  0.983168888255909     
          34          37  0.981329065857400     
          32          38  0.997624805124031     
          38          39  0.983007947081121     
          38          40  0.982416225449250     
          38          41  0.983247559580925     
          19          42  0.836134541334063     
          42          43   1.15052362962015     
          43          44  0.931046627662480     
          44          45  0.995636866086531     
          45          46  0.976586190706727     
          45          47  0.981034729802597     
          45          48  0.982038061206937     
          44          49  0.992203504124219     
          49          50  0.982611159765985     
          49          51  0.982327965548973     
          49          52  0.980228651178767     
          44          53  0.936238491967789     
          42          54   1.10012155069888     
          53          54  0.930327835938728     
          53          55  0.994702662117246     
          55          56  0.982456554544970     
          55          57  0.982765994230450     
          55          58  0.982396613651888     
          53          59  0.993956064555776     
          59          60  0.980620452603140     
          59          61  0.981974287088965     
          59          62  0.982793425964567     
          19          63  0.840101087746256     
          63          64   1.11902557857309     
          64          65  0.929436014169717     
          65          66  0.992371596432781     
          66          67  0.978209449563771     
          66          68  0.978900190187086     
          66          69  0.982498514761389     
          65          70  0.997086242748294     
          70          71  0.981906914244401     
          70          72  0.982927288988171     
          70          73  0.982219053573895     
          65          74  0.938870150118463     
          63          75   1.13218666838553     
          74          75  0.929706476530857     
          74          76  0.996707965258614     
          76          77  0.982428990660357     
          76          78  0.982181694230023     
          76          79  0.981678123346923     
          74          80  0.991774236406827     
          80          81  0.983968100692048     
          80          82  0.982791098441822     
          80          83  0.982880909676226     
           4          84  0.967732396821364     
          14          85  0.967948678558869     
          19          86  0.600550899354479     
          20          86  0.350574231982550     
          86          87   1.36071273089632     
          86          88   1.29304046881068     
          87          89   1.43464126593816     
          87          90  0.959388400383747     
          88          91   1.07631573609275     
          88          92   1.35625784225280     
          89          93   1.35620525248945     
          92          93   1.45886435084028     
          89          94  0.963319155600752     
          91          95   2.79016184346586     
          93          96  0.959084843614932     
