   -0.11242000
    0.08343504
   -0.04097574
   -0.01957407
   -0.04134853
    0.04792824
    0.05702813
    0.06256913
    0.05307548
    0.08066686
   -0.12010557
    0.04075745
   -0.04257924
   -0.02152286
   -0.04319563
    0.05277604
    0.05736077
    0.07914986
   -0.14052617
    0.10653637
    0.40448404
   -0.40243218
    0.12927516
   -0.12378337
    0.05561204
    0.04737750
    0.05334177
   -0.11200166
    0.05054510
    0.04379300
    0.02843002
    0.12990337
   -0.39774866
   -0.12391429
    0.05361647
    0.04866125
    0.05156470
   -0.12199179
    0.04817205
    0.05505540
    0.04766182
    0.39890178
   -0.37970843
    0.12780279
   -0.12827432
    0.05571069
    0.05860684
    0.05208683
   -0.12390208
    0.05122365
    0.04860598
    0.05387726
    0.12709911
   -0.38126745
   -0.12613749
    0.05636833
    0.05536543
    0.05079465
   -0.12565164
    0.04252152
    0.05646452
    0.05112719
    0.39991946
   -0.37800709
    0.12452189
   -0.13283429
    0.06052662
    0.05494893
    0.05255665
   -0.13048178
    0.06108039
    0.05256790
    0.05267064
    0.12648533
   -0.37379019
   -0.12624321
    0.05282580
    0.05580769
    0.05662098
   -0.12401506
    0.04138019
    0.05167062
    0.05647985
    0.05973753
    0.05660942
   -0.04083837
    0.14241710
   -0.05171229
   -0.24202590
    0.15221527
    0.04420057
    0.07232452
   -0.17196083
   -0.25383968
    0.07190882
