           1           2   1.32681182664818     
           2           3   1.35549827782367     
           3           4   1.47618776151531     
           4           5   1.39461068863488     
           1           6   1.39553710896253     
           3           6  0.106147314395572     
           5           6   1.45232560955872     
           6           7  0.956468258380046     
           5           8  0.967604469176221     
           3           9  0.960968348547106     
           2          10   1.08022122560780     
          10          11   1.31660611289056     
          11          12   1.39348790397788     
          12          13   1.44883425219892     
          13          14   1.39783463526533     
          10          15   1.36173619185066     
          12          15  0.104906731050438     
          14          15   1.47025287456127     
          15          16  0.960834579635942     
          13          17  0.968189247727114     
          12          18  0.946276543553270     
           1          19  0.424107304845989     
          11          19  0.422515704454638     
          19          20  0.541709027099379     
          19          21  0.743159177911971     
          21          22   1.10141736899356     
          22          23  0.939086264284479     
          23          24  0.996801834926128     
          24          25  0.982388022713141     
          24          26  0.983253534192412     
          24          27  0.982929816231587     
          23          28  0.990578098718000     
          28          29  0.983686152444931     
          28          30  0.983818442967519     
          28          31  0.985132755557345     
          23          32  0.941009175892132     
          21          33   1.12013082528948     
          32          33  0.935632347179881     
          32          34  0.991202468628903     
          34          35  0.981058430617591     
          34          36  0.983247046259299     
          34          37  0.981702479263716     
          32          38  0.997329402765001     
          38          39  0.982927556565228     
          38          40  0.982532153784821     
          38          41  0.983403253090136     
          19          42  0.848237287899347     
          42          43   1.12647245991766     
          43          44  0.932474082136574     
          44          45  0.997261096642100     
          45          46  0.982011192181310     
          45          47  0.981407235358429     
          45          48  0.982711685606804     
          44          49  0.991364972957935     
          49          50  0.983040408339648     
          49          51  0.982150400869617     
          49          52  0.979519523494103     
          44          53  0.939281048657760     
          42          54   1.11516021701309     
          53          54  0.930781729692150     
          53          55  0.996598047749250     
          55          56  0.982091573418157     
          55          57  0.982592616865180     
          55          58  0.982755172616456     
          53          59  0.992036812755137     
          59          60  0.982376032272155     
          59          61  0.982541004915620     
          59          62  0.982834334867796     
          19          63  0.846764161491490     
          63          64   1.11411170999431     
          64          65  0.934699447917337     
          65          66  0.991532526327124     
          66          67  0.978373165336139     
          66          68  0.982389513692010     
          66          69  0.982708394463140     
          65          70  0.996781666953714     
          70          71  0.981825127542544     
          70          72  0.983103751094464     
          70          73  0.982118527723259     
          65          74  0.938117019561432     
          63          75   1.13179149303391     
          74          75  0.932311344702888     
          74          76  0.996295494594004     
          76          77  0.982562746979014     
          76          78  0.981885274935689     
          76          79  0.981318277054253     
          74          80  0.991723098373717     
          80          81  0.983815915494231     
          80          82  0.982870043854567     
          80          83  0.982938700001098     
           4          84  0.967956021359792     
          14          85  0.968143691067965     
          19          86  0.591823932942574     
          20          86  0.340270092941853     
          86          87   1.34455891107687     
          86          88   1.34284931460643     
          87          89  0.933022616460924     
          87          90   1.35558690845848     
          88          91   1.47045589652613     
          88          92  0.957773697216533     
          90          93  0.957374830953293     
          90          94   1.42287625589484     
          91          94   1.37567300596174     
          91          95  0.958144428385904     
