   -0.12478014
    0.07818772
   -0.04167952
   -0.02016807
   -0.04147727
    0.05022406
    0.05461186
    0.06086971
    0.04851704
    0.07413215
   -0.13328895
    0.04323819
   -0.04355680
   -0.02280892
   -0.04477887
    0.04849024
    0.05295052
    0.07551231
   -0.14707695
    0.09107905
    0.40886202
   -0.40620196
    0.13049685
   -0.12250120
    0.05592985
    0.04676213
    0.05203972
   -0.10912746
    0.04944178
    0.04242535
    0.02596938
    0.13142064
   -0.40558012
   -0.12285686
    0.05310988
    0.04850229
    0.05113132
   -0.12003672
    0.04552230
    0.05479280
    0.04712557
    0.40715166
   -0.37345974
    0.12898858
   -0.13208438
    0.06358045
    0.06081709
    0.05320139
   -0.12222342
    0.04986301
    0.04881726
    0.05119435
    0.12919119
   -0.38964748
   -0.12241725
    0.05066194
    0.05176990
    0.05016560
   -0.12239220
    0.04938381
    0.05485650
    0.04817462
    0.40492574
   -0.36091511
    0.12505867
   -0.13575633
    0.05915840
    0.06460218
    0.05590106
   -0.13295664
    0.06724327
    0.05423223
    0.05313767
    0.12717642
   -0.38048103
   -0.12620249
    0.05448573
    0.05353535
    0.05722152
   -0.12388770
    0.03975581
    0.05216970
    0.05770333
    0.05685765
    0.05245870
   -0.05174670
   -0.05175405
    0.03385740
    0.08444399
    0.05016452
   -0.08046485
   -0.02977750
   -0.18116470
