           1           2   1.31733598049469     
           2           3   1.35195278310158     
           3           4   1.47956263064504     
           4           5   1.38824687372631     
           1           6   1.39059400360587     
           3           6  0.105683983378036     
           5           6   1.45663423148417     
           6           7  0.956378839018892     
           5           8  0.967843972827922     
           3           9  0.961439091221443     
           2          10   1.08797170822689     
          10          11   1.30842420936419     
          11          12   1.38797077493893     
          12          13   1.45486643400221     
          13          14   1.38977461448245     
          10          15   1.35713576876196     
          12          15  0.104816684945545     
          14          15   1.47476230964042     
          15          16  0.961290029521939     
          13          17  0.968732439874880     
          12          18  0.947059366814025     
           1          19  0.428169693371163     
          11          19  0.414209395641885     
          19          20  0.573994538838523     
          19          21  0.727873841994892     
          21          22   1.10110865332213     
          22          23  0.939191585215069     
          23          24  0.996806631509545     
          24          25  0.982314284551028     
          24          26  0.983275231281643     
          24          27  0.983067414117808     
          23          28  0.990581353941979     
          28          29  0.983705817678741     
          28          30  0.983921109447796     
          28          31  0.985170716710725     
          23          32  0.941283911677687     
          21          33   1.11164103068765     
          32          33  0.935281402838160     
          32          34  0.991400726790024     
          34          35  0.981098208274005     
          34          36  0.983269026962699     
          34          37  0.981593087945198     
          32          38  0.997381816742317     
          38          39  0.983254687420276     
          38          40  0.982242413816203     
          38          41  0.983338277099802     
          19          42  0.853336583175168     
          42          43   1.13780820677522     
          43          44  0.932043912198184     
          44          45  0.996861459633707     
          45          46  0.977307339547508     
          45          47  0.980718811521717     
          45          48  0.982271102917222     
          44          49  0.991159424177406     
          49          50  0.982988595380707     
          49          51  0.982699373618871     
          49          52  0.979070903210657     
          44          53  0.937757430745191     
          42          54   1.10668905646753     
          53          54  0.929835959018541     
          53          55  0.995578598977196     
          55          56  0.982654945294781     
          55          57  0.982926709064387     
          55          58  0.982710164837744     
          53          59  0.993260276386702     
          59          60  0.978052853946619     
          59          61  0.982119400737688     
          59          62  0.982905570901273     
          19          63  0.851114308021221     
          63          64   1.12182616529356     
          64          65  0.930413185934985     
          65          66  0.992136781688164     
          66          67  0.978935376403778     
          66          68  0.976939410845829     
          66          69  0.981860367653019     
          65          70  0.996865964949970     
          70          71  0.980774432219830     
          70          72  0.982830398239390     
          70          73  0.982037798578648     
          65          74  0.938311474848403     
          63          75   1.12234974630425     
          74          75  0.930027007323899     
          74          76  0.996868461803226     
          76          77  0.982132648558266     
          76          78  0.982161116493537     
          76          79  0.981871469944369     
          74          80  0.991887031918875     
          80          81  0.983499389521024     
          80          82  0.982951927996949     
          80          83  0.982733788654411     
           4          84  0.968312494081617     
          14          85  0.968657414912957     
          19          86  0.575715268591279     
          20          86  0.315816214272915     
          86          87   1.20145636729895     
          86          88   1.57315837571175     
          87          89   1.58949467204380     
          87          90  0.954134484124762     
          88          91  0.980352422088596     
          87          92  0.101843473120234     
          88          92   1.11735702609622     
          89          92   1.14487449312000     
          89          93  0.973203564538956     
