           1           2   1.44725763993533     
           2           3   1.43266482210728     
           1           4  0.109038960526341     
           3           4   1.43734982993798     
           2           5  0.100208963540176     
           4           5   1.41761349952003     
           5           6  0.955764670622881     
           1           7   1.40070273457997     
           3           7  0.107389419653586     
           5           7   1.38604898204681     
           7           8   1.00196930462343     
           8           9  0.988483553495166     
           8          10   1.00380779519054     
           1          11  0.962497595119473     
           2          12  0.969128506209509     
           3          13  0.968280997638868     
           4          14  0.967734230443854     
           8          15  0.956378768621382     
           9          16  0.986679962586935     
           9          17  0.986557758273241     
           9          18  0.983854405421818     
          10          19  0.983137121715398     
          10          20  0.985516914611625     
          10          21  0.986750593302944     
