   -0.11893255
    0.08213665
   -0.04142560
   -0.02234402
   -0.04383845
    0.04954722
    0.04933849
    0.05348332
    0.04289166
    0.07879924
   -0.11872956
    0.04421708
   -0.04475585
   -0.02347522
   -0.04404318
    0.04263592
    0.05117861
    0.07288690
   -0.15731232
    0.09440555
    0.40347627
   -0.41241357
    0.13102486
   -0.12036958
    0.05287118
    0.04502062
    0.04946667
   -0.10880236
    0.04735437
    0.04020119
    0.02907932
    0.13113265
   -0.40288230
   -0.11902655
    0.04911182
    0.04602334
    0.04867356
   -0.11890100
    0.04726115
    0.05250000
    0.04478686
    0.40475042
   -0.38045392
    0.12775921
   -0.12762543
    0.05578522
    0.05756733
    0.05019048
   -0.12121451
    0.04824723
    0.04472946
    0.05113142
    0.12740366
   -0.38272076
   -0.12317452
    0.05164413
    0.05307174
    0.04813538
   -0.12758358
    0.05256114
    0.05349468
    0.05042641
    0.39928108
   -0.37618098
    0.12509920
   -0.12873118
    0.05678028
    0.05492128
    0.04897610
   -0.12925211
    0.06078416
    0.04988603
    0.05177404
    0.12711815
   -0.38705413
   -0.12349309
    0.05029689
    0.05208557
    0.05424348
   -0.12174980
    0.03881802
    0.04983817
    0.05385899
    0.05023013
    0.04853468
   -0.03415399
    0.07485392
   -0.07310856
   -0.05018574
   -0.23703398
    0.07766330
    0.05571753
   -0.07357974
    0.04408279
   -0.30842247
    0.04175878
    0.19451559
    0.18545003
