           1           2   1.31120047847562     
           2           3   1.35124040078663     
           3           4   1.48126879296965     
           4           5   1.38412979713002     
           1           6   1.38957097236645     
           3           6  0.105828259255988     
           5           6   1.45893093247043     
           6           7  0.957048325464151     
           5           8  0.968747396958783     
           3           9  0.962122160096887     
           2          10   1.08889251696884     
          10          11   1.30542497254428     
          11          12   1.38825286289119     
          12          13   1.45474746831149     
          13          14   1.38760542262085     
          10          15   1.35577084718516     
          12          15  0.104801690494193     
          14          15   1.47620282096681     
          15          16  0.962024212688668     
          13          17  0.968926968839498     
          12          18  0.949337538567781     
           1          19  0.435069298294446     
          11          19  0.447868949855499     
          19          20  0.534626747977371     
          19          21  0.722720673280010     
          21          22   1.08706607232020     
          22          23  0.942968293984407     
          23          24  0.996486789170099     
          24          25  0.982690978947504     
          24          26  0.983693225050308     
          24          27  0.983401038302665     
          23          28  0.989837108396065     
          28          29  0.984048182471355     
          28          30  0.984104398342338     
          28          31  0.985428544943971     
          23          32  0.940984638176580     
          21          33   1.11178653189282     
          32          33  0.939916803109245     
          32          34  0.990713983067888     
          34          35  0.982213917752697     
          34          36  0.983779880714598     
          34          37  0.982542710856477     
          32          38  0.996535361166831     
          38          39  0.983126042101079     
          38          40  0.982593961557264     
          38          41  0.983758010234345     
          19          42  0.852475061883347     
          42          43   1.11840311352751     
          43          44  0.936770985685417     
          44          45  0.996343522937477     
          45          46  0.981687165280056     
          45          47  0.981765672078403     
          45          48  0.983272322706627     
          44          49  0.991092852868874     
          49          50  0.983242358141322     
          49          51  0.982550454409315     
          49          52  0.979798056952721     
          44          53  0.937569666718939     
          42          54   1.11135781854012     
          53          54  0.935082840600395     
          53          55  0.995866946196910     
          55          56  0.982384990918387     
          55          57  0.982817605397611     
          55          58  0.983166500001368     
          53          59  0.991753306700788     
          59          60  0.981165114317034     
          59          61  0.982917470693960     
          59          62  0.982836530243817     
          19          63  0.863884560604675     
          63          64   1.11223468036876     
          64          65  0.940013286268827     
          65          66  0.990878001263262     
          66          67  0.978965597689967     
          66          68  0.982487863753210     
          66          69  0.983197844711443     
          65          70  0.996075610494879     
          70          71  0.981947754915176     
          70          72  0.983553014671690     
          70          73  0.982311013362607     
          65          74  0.937876603070967     
          63          75   1.11015425720576     
          74          75  0.936643337539191     
          74          76  0.996016329425963     
          76          77  0.982895658309560     
          76          78  0.982330858539563     
          76          79  0.982381966642921     
          74          80  0.991213638056928     
          80          81  0.983521056515359     
          80          82  0.983258176651024     
          80          83  0.983282440210173     
           4          84  0.969034856799203     
          14          85  0.969058315732011     
          19          86  0.589900725096151     
          20          86  0.344097915367338     
          86          87   1.35843092750381     
          86          88   1.39064722330019     
          87          89   1.39485235572173     
          87          90  0.918093471567449     
          88          91   1.35381370958224     
          88          92  0.953039200408550     
          89          93   1.45685635115689     
          91          93   1.33142840469174     
          89          94  0.966861741202586     
          91          95   1.16199451161692     
          93          96  0.967090252609287     
          95          97  0.942829034674807     
          95          98  0.945329194211450     
