   -0.12635958
    0.07362967
   -0.04370163
   -0.02297416
   -0.04422183
    0.04772393
    0.05345890
    0.05392265
    0.04517251
    0.06881103
   -0.13155404
    0.04232273
   -0.04525911
   -0.02532916
   -0.04620626
    0.04425250
    0.05070644
    0.07873031
   -0.16751200
    0.09618787
    0.40087798
   -0.41014054
    0.13003175
   -0.12023724
    0.05204493
    0.04368424
    0.05032838
   -0.10846607
    0.04622941
    0.04119561
    0.02746986
    0.13090301
   -0.40538334
   -0.11955389
    0.05011705
    0.04455500
    0.04831471
   -0.11927325
    0.04639504
    0.05227118
    0.04409601
    0.40353545
   -0.38401466
    0.12865741
   -0.12503576
    0.05483820
    0.05467759
    0.04890878
   -0.12135045
    0.04768843
    0.04577823
    0.05210239
    0.12723490
   -0.37830928
   -0.12432383
    0.05388972
    0.05462502
    0.04741443
   -0.12346547
    0.04595070
    0.05096146
    0.05165980
    0.40273449
   -0.37878592
    0.12497007
   -0.13057809
    0.05813639
    0.05459923
    0.04994610
   -0.12904140
    0.06091714
    0.05007384
    0.05199392
    0.12733933
   -0.38019911
   -0.12337967
    0.05018792
    0.05304916
    0.05455874
   -0.12102728
    0.04052378
    0.04740377
    0.05414796
    0.05064457
    0.04769897
   -0.00921314
   -0.08676558
   -0.07448425
   -0.02681698
    0.16967127
   -0.07174395
    0.01173531
    0.02016679
    0.01285292
