           1           2   1.30572420340725     
           2           3   1.34716449908345     
           3           4   1.48488245606850     
           4           5   1.37857915978885     
           1           6   1.38657025844503     
           3           6  0.105685449289951     
           5           6   1.46251412584217     
           6           7  0.957058048769453     
           5           8  0.968699093424199     
           3           9  0.961952707946377     
           2          10   1.09526957997970     
          10          11   1.29923644933113     
          11          12   1.38432119439142     
          12          13   1.45891251631312     
          13          14   1.38238577169392     
          10          15   1.35215339240520     
          12          15  0.104797599415498     
          14          15   1.47916888820128     
          15          16  0.961915874805902     
          13          17  0.969019672488422     
          12          18  0.947923112980565     
           1          19  0.444487084792998     
          11          19  0.436693185909229     
          19          20  0.545304701043094     
          19          21  0.726550765358138     
          21          22   1.08819385203025     
          22          23  0.944213259551623     
          23          24  0.996272919915536     
          24          25  0.982827956001268     
          24          26  0.983745611841255     
          24          27  0.983287469299481     
          23          28  0.989876526980256     
          28          29  0.984238186668581     
          28          30  0.984089766788456     
          28          31  0.985104555152971     
          23          32  0.940724160859223     
          21          33   1.10747502412403     
          32          33  0.941310631578486     
          32          34  0.990611563077260     
          34          35  0.981687037106657     
          34          36  0.983718554850703     
          34          37  0.982045104562687     
          32          38  0.996634857661383     
          38          39  0.983132949716361     
          38          40  0.982975331185305     
          38          41  0.983943134563333     
          19          42  0.865077808448537     
          42          43   1.11398401926137     
          43          44  0.936704635915975     
          44          45  0.996902325845139     
          45          46  0.982333815250336     
          45          47  0.982190743893110     
          45          48  0.983256555591907     
          44          49  0.990588921552194     
          49          50  0.983538815796465     
          49          51  0.981754566052263     
          49          52  0.979591483979410     
          44          53  0.939091635552707     
          42          54   1.11143349290906     
          53          54  0.935455990914549     
          53          55  0.996097268862906     
          55          56  0.982498180363075     
          55          57  0.982809377225128     
          55          58  0.983276839225491     
          53          59  0.991487398013213     
          59          60  0.982549169146040     
          59          61  0.983252655611635     
          59          62  0.982891085267119     
          19          63  0.868185943612083     
          63          64   1.10886873297063     
          64          65  0.938084760090268     
          65          66  0.991082976630105     
          66          67  0.979241407986568     
          66          68  0.982467604992411     
          66          69  0.983185336247012     
          65          70  0.996510596776166     
          70          71  0.981956540118704     
          70          72  0.983496888434170     
          70          73  0.982358921840908     
          65          74  0.937808109679540     
          63          75   1.11779049948633     
          74          75  0.936845975732069     
          74          76  0.995938518969647     
          76          77  0.983118614032137     
          76          78  0.982377977985755     
          76          79  0.980671388839859     
          74          80  0.990903216266088     
          80          81  0.984264348963215     
          80          82  0.983275603057667     
          80          83  0.983358738539491     
           4          84  0.969046812945253     
          14          85  0.969185701646927     
          19          86  0.591242615745122     
          20          86  0.341041809684389     
          86          87   1.21158803102472     
          86          88   1.49029231369319     
          86          89  0.126306153241872     
          87          89   1.21597235411216     
          87          90  0.940549486654210     
          88          91   1.32767308197297     
          89          91   1.54427971884367     
          88          92  0.971137174921130     
          89          93  0.970779781492801     
          91          94  0.974597403695469     
