           1           2   1.22546750629557     
           1           3  0.132809146784478     
           2           3   1.22270686255290     
           3           4   1.02718098859863     
           3           5   1.52440899411351     
           1           6   1.55848677930994     
           5           6   1.32719284721653     
           1           7  0.971588420206431     
           2           8  0.935466491043296     
           4           9  0.983751998177830     
           4          10  0.973534752107792     
           4          11  0.973271222109831     
           5          12  0.975945313397602     
           6          13  0.975861636881834     
