   -0.13727554
    0.07644976
   -0.04651281
   -0.02103144
   -0.04409033
    0.04483331
    0.07670704
    0.05452867
    0.04409065
    0.07408423
   -0.14454632
    0.04481326
   -0.04357440
   -0.02434739
   -0.04845275
    0.04135811
    0.04874329
    0.08517766
   -0.14050024
    0.11292241
    0.39843609
   -0.41038782
    0.13041466
   -0.12202894
    0.05339032
    0.04327097
    0.05108162
   -0.10874237
    0.04388611
    0.04089742
    0.02594655
    0.13139976
   -0.41291551
   -0.11910428
    0.04484611
    0.04769041
    0.04998691
   -0.11481647
    0.03638720
    0.05162785
    0.04454180
    0.39539470
   -0.36485058
    0.12657358
   -0.13431828
    0.05313608
    0.05925451
    0.05290067
   -0.12687928
    0.04598962
    0.05555008
    0.05549113
    0.12714350
   -0.38460216
   -0.12308758
    0.05110161
    0.04602494
    0.04816155
   -0.12839332
    0.05486094
    0.04933257
    0.05453386
    0.40717957
   -0.37538768
    0.12559497
   -0.12987454
    0.05597171
    0.05326797
    0.05183125
   -0.12770258
    0.05652144
    0.04987141
    0.05186950
    0.12703617
   -0.36494699
   -0.13150670
    0.05103390
    0.05985381
    0.06129707
   -0.12213282
    0.04797018
    0.04377587
    0.05187738
    0.05013891
    0.04568467
   -0.04859172
   -0.03639762
    0.02152596
   -0.05013375
    0.02365148
    0.05922699
   -0.02707554
   -0.04629189
    0.01829037
   -0.33963853
    0.02482453
   -0.02775800
    0.02692162
    0.57012879
   -0.05342603
   -0.04791778
   -0.22627511
   -0.21498244
   -0.22353399
   -0.04796169
    0.03961465
   -0.00189883
    0.02892978
    0.07739756
    0.03863002
    0.04251994
    0.03524329
    0.04622725
    0.03588021
    0.04210876
    0.04663482
    0.04597652
    0.03574448
   -0.06098275
   -0.10528498
    0.03846316
    0.03456845
    0.03903482
    0.03890703
    0.03597201
