           1           2   1.33518331871632     
           2           3   1.35166834944428     
           3           4   1.47695587644788     
           4           5   1.39631664368901     
           1           6   1.40719935496527     
           3           6  0.107265429922593     
           5           6   1.44682258948314     
           6           7  0.949123059531845     
           5           8  0.968674731900410     
           3           9  0.963402467891034     
           2          10   1.07919722409386     
          10          11   1.32253615028364     
          11          12   1.39292218152298     
          12          13   1.45129032661685     
          13          14   1.39300008854701     
          10          15   1.35316589749872     
          12          15  0.105648905038670     
          14          15   1.47175328094677     
          15          16  0.963290301586051     
          13          17  0.969086249933927     
          12          18  0.941665859704969     
           1          19  0.359686016490792     
          11          19  0.345959086134638     
          19          20  0.552427684816127     
          19          21  0.723426776749070     
          21          22   1.08495236913419     
          22          23  0.945471620643687     
          23          24  0.995104663434478     
          24          25  0.980996561618757     
          24          26  0.983484545763611     
          24          27  0.982869255994962     
          23          28  0.990209891955056     
          28          29  0.983923490072848     
          28          30  0.984101253368218     
          28          31  0.978171779827105     
          23          32  0.938279166380809     
          21          33   1.09788440122728     
          32          33  0.944012040760694     
          32          34  0.991730258086832     
          34          35  0.983635476442968     
          34          36  0.982648680278668     
          34          37  0.979354713387693     
          32          38  0.995088672893609     
          38          39  0.982947898555318     
          38          40  0.982656178392814     
          38          41  0.983897616371638     
          19          42  0.889532188796461     
          42          43   1.14548356665386     
          43          44  0.940932020602821     
          44          45  0.993004394356417     
          45          46  0.979180648825443     
          45          47  0.980615139576801     
          45          48  0.982665892003605     
          44          49  0.992299617673560     
          49          50  0.983255263182195     
          49          51  0.982351018683398     
          49          52  0.976653532497280     
          44          53  0.934261338896240     
          42          54   1.08123079330080     
          53          54  0.938415694589647     
          53          55  0.991532703301851     
          55          56  0.980059180359798     
          55          57  0.982426355219358     
          55          58  0.982318860726026     
          53          59  0.995272415628919     
          59          60  0.978697583540481     
          59          61  0.982923265157450     
          59          62  0.982387412211489     
          19          63  0.907032313321936     
          63          64   1.09010816308845     
          64          65  0.938063088700349     
          65          66  0.991161108488854     
          66          67  0.979809432544551     
          66          68  0.982520619370907     
          66          69  0.983166144469173     
          65          70  0.995528525666419     
          70          71  0.982522143602548     
          70          72  0.983211155620932     
          70          73  0.982379687787643     
          65          74  0.938990637014503     
          63          75   1.13056524075999     
          74          75  0.935592785359415     
          74          76  0.997514465298427     
          76          77  0.982928607524230     
          76          78  0.982053524898025     
          76          79  0.976878844991209     
          74          80  0.989164275587844     
          80          81  0.981210169370650     
          80          82  0.982526149161951     
          80          83  0.983140965953932     
           4          84  0.968747799573944     
          14          85  0.969158501984194     
          19          86  0.600619320738575     
          20          86  0.331568720444829     
          86          87   1.41814031697027     
          86          88   1.31301811492059     
          87          89   1.38361016734745     
          87          90  0.956654916924094     
          88          91   1.11940903908422     
          88          92   1.26085785181187     
          89          93   1.47346491619145     
          92          93   1.35102475876406     
          89          94  0.970211442605883     
          91          95  0.982220458969318     
          91          96   1.14019172902027     
          92          97   1.14273577732533     
          96          97   1.25759260816766     
          93          98  0.967889217314661     
          95          99  0.967534809922480     
          96         100   1.35040819092909     
          97         101   1.36205091712829     
         100         101  0.103531040932398     
          99         102  0.888658887454403     
          99         103  0.889678203028371     
          99         104  0.896733878281378     
         100         105   1.47850004055058     
         100         106  0.966658131638799     
         101         107   1.45024003578527     
         105         107   1.36296409918853     
         101         108  0.966824380833039     
         102         109  0.973713956367482     
         102         110  0.991634458700892     
         102         111  0.978520765955617     
         103         112  0.983047966964306     
         103         113  0.978889591370182     
         103         114  0.989580391026837     
         104         115  0.982826015052856     
         104         116  0.985646562718582     
         104         117  0.981687647951498     
         105         118  0.969121826635041     
         107         119   1.01080454011195     
         119         120   1.00330747810607     
         119         121  0.971186055724980     
         119         122  0.977014148402512     
         120         123  0.987485315679468     
         120         124  0.986460839336001     
         120         125  0.988790735588283     
