   -0.10381292
    0.08291499
   -0.04232356
   -0.02381461
   -0.04476162
    0.04698499
    0.04996856
    0.05294381
    0.04540229
    0.07964794
   -0.11085744
    0.03877477
   -0.04714887
   -0.02708302
   -0.04499522
    0.04456227
    0.04662099
    0.07319037
   -0.16336255
    0.09859019
    0.40273053
   -0.40727614
    0.12976711
   -0.12155787
    0.05307431
    0.04418023
    0.05172158
   -0.10965286
    0.04697848
    0.04222326
    0.02795976
    0.13056467
   -0.40389959
   -0.12041967
    0.05102241
    0.04527927
    0.04863892
   -0.11976895
    0.04698802
    0.05247961
    0.04479866
    0.40026437
   -0.38644535
    0.12872585
   -0.12492928
    0.05408712
    0.05487147
    0.04822144
   -0.12090948
    0.04729495
    0.04443589
    0.05236724
    0.12764573
   -0.38473329
   -0.12382136
    0.05385631
    0.05334887
    0.04709476
   -0.12257219
    0.04381217
    0.05117705
    0.04917617
    0.40120998
   -0.38128555
    0.12522459
   -0.12948453
    0.05862488
    0.05250927
    0.04858909
   -0.12832004
    0.05929212
    0.04941635
    0.05140001
    0.12714204
   -0.38171929
   -0.12340479
    0.04967521
    0.05329773
    0.05382903
   -0.12152387
    0.03997040
    0.04889759
    0.05344745
    0.05078745
    0.04664378
   -0.03466898
    0.05954520
   -0.05051454
    0.03343550
   -0.32652904
   -0.04294209
    0.03613041
   -0.07008677
   -0.15517360
    0.14472725
    0.03043503
    0.02749940
    0.19713398
   -0.13179268
    0.06610243
    0.06419276
    0.06804523
