           1           2   1.31210325555871     
           2           3   1.34811113157278     
           3           4   1.48418432325260     
           4           5   1.38100359182101     
           1           6   1.38812720293897     
           3           6  0.106477668264618     
           5           6   1.46127344830936     
           6           7  0.957098311074397     
           5           8  0.968795986436071     
           3           9  0.962069326924767     
           2          10   1.09058902596170     
          10          11   1.30123329767117     
          11          12   1.38583329944308     
          12          13   1.45719726727049     
          13          14   1.38459363475912     
          10          15   1.35511362269690     
          12          15  0.104824974767589     
          14          15   1.47655425523324     
          15          16  0.962039691950604     
          13          17  0.969398926127360     
          12          18  0.947544005970335     
           1          19  0.460789758310697     
          11          19  0.448766801230125     
          19          20  0.524903130161896     
          19          21  0.732836132029726     
          21          22   1.09063113937251     
          22          23  0.943602449151224     
          23          24  0.996333888953852     
          24          25  0.982758013351552     
          24          26  0.983787518041718     
          24          27  0.983213700454871     
          23          28  0.989783200813942     
          28          29  0.984180429021394     
          28          30  0.984045380170456     
          28          31  0.985198869973747     
          23          32  0.940930254520038     
          21          33   1.10791233326535     
          32          33  0.940054255608628     
          32          34  0.990615795751953     
          34          35  0.981600753866651     
          34          36  0.983820144075855     
          34          37  0.982340394105398     
          32          38  0.996754896017547     
          38          39  0.983135210081686     
          38          40  0.982938905540871     
          38          41  0.983868241797831     
          19          42  0.862638297055983     
          42          43   1.10757411264329     
          43          44  0.938658028203580     
          44          45  0.996466455207254     
          45          46  0.982440227101009     
          45          47  0.981891808905346     
          45          48  0.983382671624495     
          44          49  0.990377550069745     
          49          50  0.983671140791256     
          49          51  0.982448806851498     
          49          52  0.979782496884123     
          44          53  0.939256401106097     
          42          54   1.10362067386885     
          53          54  0.936839428384737     
          53          55  0.996033737960652     
          55          56  0.982546402532852     
          55          57  0.982979587963808     
          55          58  0.983418427249594     
          53          59  0.991033135728181     
          59          60  0.982481046891910     
          59          61  0.983366525663981     
          59          62  0.983255254370129     
          19          63  0.869239568742070     
          63          64   1.10396288711264     
          64          65  0.940092975643857     
          65          66  0.990877018437622     
          66          67  0.978424178149096     
          66          68  0.982756802394635     
          66          69  0.983338234215171     
          65          70  0.996092557052322     
          70          71  0.982194119595873     
          70          72  0.983662437351032     
          70          73  0.982426662327597     
          65          74  0.937863716546408     
          63          75   1.11472075106797     
          74          75  0.937734095923882     
          74          76  0.995825557657879     
          76          77  0.983155086879771     
          76          78  0.982373084500683     
          76          79  0.981519356751611     
          74          80  0.990843402588324     
          80          81  0.984046900507274     
          80          82  0.983302257981155     
          80          83  0.983449476666786     
           4          84  0.968993034292215     
          14          85  0.969236623169440     
          19          86  0.578609513525475     
          20          86  0.352892969236876     
          86          87   1.29835934532045     
          86          88   1.42318807087084     
          87          89   1.25193941961345     
          87          90   1.19090555568263     
          88          91   1.39824719593852     
          88          92  0.961857954713379     
          86          93  0.101456611273939     
          89          93   1.34768943756674     
          91          93   1.46040249146428     
          89          94   1.14869035176537     
          90          94  0.110745336330495     
          90          95   1.56520653191758     
          94          95   1.20004236494178     
          91          96  0.969990046916017     
          93          97  0.967927170180670     
          94          98  0.930661129168625     
          95          99   1.02797235780774     
          99         100  0.981808174073156     
          99         101  0.969095318959177     
          99         102  0.966865727580171     
