   -0.11627490
    0.08068584
   -0.04183935
   -0.01977534
   -0.04201057
    0.05000793
    0.05397784
    0.06175560
    0.05274534
    0.07826006
   -0.12830710
    0.04353926
   -0.04366166
   -0.02247905
   -0.04307745
    0.05194103
    0.05406015
    0.06920566
   -0.14181966
    0.07608010
    0.40881730
   -0.40396036
    0.12999875
   -0.12305530
    0.05565480
    0.04685485
    0.05359649
   -0.10999114
    0.05000243
    0.04356932
    0.02574407
    0.13145736
   -0.40743029
   -0.12233987
    0.05213243
    0.04879248
    0.05128571
   -0.12024774
    0.04555980
    0.05467322
    0.04784374
    0.40851581
   -0.37740073
    0.12944954
   -0.13097567
    0.06173508
    0.05829781
    0.05446237
   -0.12179323
    0.05053351
    0.05075975
    0.05030951
    0.12954144
   -0.39894127
   -0.12177555
    0.04810014
    0.05046838
    0.05090654
   -0.12508234
    0.05419722
    0.05453181
    0.04878739
    0.40777891
   -0.37419686
    0.12630048
   -0.13362350
    0.05715681
    0.06239096
    0.05464904
   -0.13099648
    0.06506807
    0.05314084
    0.05235185
    0.12732099
   -0.38045429
   -0.12623675
    0.05377347
    0.05405522
    0.05770006
   -0.12298594
    0.03895358
    0.05239213
    0.05683075
    0.05938902
    0.05584152
    0.04804035
   -0.23470520
    0.06650419
    0.09322027
   -0.02431893
   -0.13317518
   -0.04452666
    0.11620170
    0.08008454
    0.05931513
   -0.24983938
