           1           2   1.32347311970584     
           2           3   1.35195711317999     
           3           4   1.47959009688053     
           4           5   1.39020443494944     
           1           6   1.39275294696787     
           3           6  0.106383818446230     
           5           6   1.45544738719155     
           6           7  0.956258842998099     
           5           8  0.967726391855326     
           3           9  0.961550490677820     
           2          10   1.08479710990529     
          10          11   1.31398335665357     
          11          12   1.38794371969486     
          12          13   1.45535090389388     
          13          14   1.39099293527668     
          10          15   1.35715905133214     
          12          15  0.105383003088637     
          14          15   1.47422970232790     
          15          16  0.961495195333499     
          13          17  0.968598058205388     
          12          18  0.948661398356887     
           1          19  0.431489875736688     
          11          19  0.401949411643026     
          19          20  0.540223199586098     
          19          21  0.724968711835021     
          21          22   1.10546695793333     
          22          23  0.938353125480708     
          23          24  0.996872526798306     
          24          25  0.982278567410857     
          24          26  0.983336390821854     
          24          27  0.982901270273211     
          23          28  0.990595262378544     
          28          29  0.983667901200260     
          28          30  0.983876606617557     
          28          31  0.984791797176559     
          23          32  0.941329414329505     
          21          33   1.10979814319752     
          32          33  0.934866785180636     
          32          34  0.991470839272529     
          34          35  0.981674675866614     
          34          36  0.983332383105641     
          34          37  0.981602023462423     
          32          38  0.997569657644442     
          38          39  0.983148746583397     
          38          40  0.982289611669678     
          38          41  0.983314394321110     
          19          42  0.846410215908574     
          42          43   1.14162602363646     
          43          44  0.932853733017164     
          44          45  0.995593052535217     
          45          46  0.979157249063911     
          45          47  0.981014163046965     
          45          48  0.982161795169810     
          44          49  0.992190797207868     
          49          50  0.982738086731452     
          49          51  0.982445141544943     
          49          52  0.979955554256450     
          44          53  0.936283101832971     
          42          54   1.09296820942484     
          53          54  0.931005058789336     
          53          55  0.994787255045097     
          55          56  0.982705293549115     
          55          57  0.982934634686516     
          55          58  0.982491829457658     
          53          59  0.993858800698606     
          59          60  0.978763442314691     
          59          61  0.982166552157661     
          59          62  0.983003108715000     
          19          63  0.856159103173057     
          63          64   1.11881371456999     
          64          65  0.930938831018363     
          65          66  0.992121466135415     
          66          67  0.979267774272891     
          66          68  0.979707354947349     
          66          69  0.982321791290572     
          65          70  0.997246292560530     
          70          71  0.981323391214239     
          70          72  0.982914805782223     
          70          73  0.982181319696110     
          65          74  0.938918257119775     
          63          75   1.12429504099042     
          74          75  0.930811827226164     
          74          76  0.996646560560883     
          76          77  0.982394629745513     
          76          78  0.982363528928745     
          76          79  0.981897709110831     
          74          80  0.991688669383333     
          80          81  0.983710658350608     
          80          82  0.982928516128241     
          80          83  0.982903573932937     
           4          84  0.967951417109961     
          14          85  0.968253277033907     
          19          86  0.609064331830631     
          20          86  0.334999214419337     
          86          87   1.40638992605407     
          86          88   1.29617269540283     
          87          89   1.33999829651067     
          88          90   1.44214331175851     
          88          91  0.981112354081273     
          89          92   1.36052691401314     
          90          92   1.41260217434814     
          89          93   1.07988744402737     
          90          94  0.960841299418256     
          92          95  0.966412250437908     
          93          96   2.79985506373012     
