   -0.12284124
    0.07546812
   -0.04369768
   -0.02326673
   -0.04493528
    0.04786314
    0.05084776
    0.05319729
    0.04438674
    0.07159625
   -0.12758621
    0.04154699
   -0.04588320
   -0.02566204
   -0.04548205
    0.04277672
    0.04886602
    0.07518226
   -0.15752015
    0.08562323
    0.40253662
   -0.41069073
    0.13043975
   -0.12068485
    0.05287650
    0.04407116
    0.05033347
   -0.10817899
    0.04652230
    0.04058847
    0.02753527
    0.13097399
   -0.40486352
   -0.11972563
    0.04983528
    0.04505737
    0.04925085
   -0.11945869
    0.04674621
    0.05283587
    0.04438207
    0.40311867
   -0.38479284
    0.12873212
   -0.12516811
    0.05497325
    0.05501740
    0.04892146
   -0.12118118
    0.04753033
    0.04451235
    0.05235734
    0.12766077
   -0.38291786
   -0.12392730
    0.05302146
    0.05393346
    0.04748117
   -0.12395090
    0.04826813
    0.05141591
    0.04924821
    0.40177496
   -0.37837172
    0.12506923
   -0.12998483
    0.05885237
    0.05387950
    0.04930025
   -0.12872711
    0.06040883
    0.04991470
    0.05128142
    0.12705537
   -0.38169318
   -0.12355327
    0.05013925
    0.05282350
    0.05437898
   -0.12157516
    0.03997606
    0.04881722
    0.05383707
    0.05018460
    0.04678318
   -0.01810755
   -0.03515061
   -0.04765944
   -0.04020372
    0.01785378
    0.01436262
    0.03835055
   -0.05291907
    0.02177938
   -0.11834964
    0.02838653
    0.04337615
    0.05069525
    0.05189801
