           1           2   1.30612984881458     
           2           3   1.34476981202929     
           3           4   1.48731852013691     
           4           5   1.37678860394345     
           1           6   1.38601312865187     
           3           6  0.106112834336688     
           5           6   1.46383828491626     
           6           7  0.957169446061836     
           5           8  0.968773860224832     
           3           9  0.961925379475529     
           2          10   1.09676395391130     
          10          11   1.29832940663488     
          11          12   1.38233135008596     
          12          13   1.46167291187206     
          13          14   1.37936663635530     
          10          15   1.35003445599226     
          12          15  0.105230100803528     
          14          15   1.48175352090508     
          15          16  0.961912877376901     
          13          17  0.969187753362915     
          12          18  0.948106359433199     
           1          19  0.449153978151786     
          11          19  0.436673953598235     
          19          20  0.529174112023554     
          19          21  0.717073655785072     
          21          22   1.08859115823660     
          22          23  0.943381713754139     
          23          24  0.996469339295396     
          24          25  0.982800259954407     
          24          26  0.983712968870094     
          24          27  0.983352794458857     
          23          28  0.989860724662109     
          28          29  0.984159169172356     
          28          30  0.984100297009902     
          28          31  0.985239786856998     
          23          32  0.941323844155489     
          21          33   1.10775191786018     
          32          33  0.940076394834766     
          32          34  0.990636674563677     
          34          35  0.981967190205335     
          34          36  0.983852546161865     
          34          37  0.982319540762369     
          32          38  0.996782467403926     
          38          39  0.983196525197297     
          38          40  0.982840091388723     
          38          41  0.983824783306881     
          19          42  0.861918855659555     
          42          43   1.11188969308285     
          43          44  0.936946431990022     
          44          45  0.996669346029589     
          45          46  0.982257727927471     
          45          47  0.981936417999323     
          45          48  0.983236189789873     
          44          49  0.990776034951074     
          49          50  0.983575053061462     
          49          51  0.982597323332358     
          49          52  0.979465959198093     
          44          53  0.939299153112040     
          42          54   1.10727115176228     
          53          54  0.935322729663052     
          53          55  0.996299910617518     
          55          56  0.982592397166080     
          55          57  0.982855863746022     
          55          58  0.983314798426051     
          53          59  0.991252232701118     
          59          60  0.981262501965060     
          59          61  0.983259019041262     
          59          62  0.983198683375950     
          19          63  0.872900354738548     
          63          64   1.10981596476120     
          64          65  0.939122954418949     
          65          66  0.991126598838880     
          66          67  0.978706471473987     
          66          68  0.982586173391408     
          66          69  0.983169945003807     
          65          70  0.996278974142699     
          70          71  0.981997703527322     
          70          72  0.983509029440093     
          70          73  0.982360355118449     
          65          74  0.937416292719897     
          63          75   1.11544879093818     
          74          75  0.937122037156228     
          74          76  0.995685244629401     
          76          77  0.983039897351378     
          76          78  0.982351643810374     
          76          79  0.981586114138221     
          74          80  0.991140901081732     
          80          81  0.983995032360513     
          80          82  0.983273861206877     
          80          83  0.983342559317488     
           4          84  0.969077119540832     
          14          85  0.969264878145656     
          19          86  0.587332922858496     
          20          86  0.350397604724701     
          86          87   1.39119022926628     
          86          88   1.38230738736169     
          87          89   1.42746215683270     
          88          89  0.104649601199057     
          87          90  0.963788889195538     
          87          91  0.102461864359579     
          88          91   1.42363541907198     
          88          92  0.958797734858518     
          89          93   1.44721477708044     
          91          93   1.39455665404948     
          89          94  0.969726827858150     
          91          95   1.02233188646189     
          93          96  0.969752707048448     
          95          97  0.984841783434658     
          95          98  0.976386012742471     
          95          99  0.969968241336626     
