   -0.12461562
    0.08045044
   -0.04052517
   -0.02205082
   -0.04457781
    0.05059470
    0.04951316
    0.05473041
    0.04082319
    0.07325630
   -0.13979192
    0.04807039
   -0.04227554
   -0.02229573
   -0.04522887
    0.04013708
    0.05549667
    0.06933856
   -0.15345675
    0.09805865
    0.40655465
   -0.41005695
    0.13084121
   -0.12092252
    0.05399068
    0.04678887
    0.05021146
   -0.10981198
    0.04949189
    0.04129523
    0.02861943
    0.13098671
   -0.40264247
   -0.12218438
    0.05406282
    0.04737643
    0.04900855
   -0.12000802
    0.04737687
    0.05355170
    0.04671723
    0.40562831
   -0.37669548
    0.12725222
   -0.12782507
    0.05611518
    0.05904781
    0.05122133
   -0.12236193
    0.05001252
    0.04651292
    0.05159677
    0.12734590
   -0.38325901
   -0.12429603
    0.05309968
    0.05420330
    0.05006879
   -0.12524160
    0.04710015
    0.05494724
    0.05095199
    0.40391109
   -0.37424405
    0.12519569
   -0.12830667
    0.05467199
    0.05613536
    0.05121015
   -0.13053762
    0.06240743
    0.05134432
    0.05285020
    0.12753636
   -0.38562894
   -0.12517586
    0.05245133
    0.05375642
    0.05575568
   -0.12245002
    0.03908143
    0.05028904
    0.05611329
    0.05200108
    0.05090641
   -0.02473360
   -0.01680985
   -0.05079142
    0.23541783
   -0.03607310
    0.02115999
    0.05960044
   -0.34092045
   -0.24119491
   -0.05025231
    0.04510483
   -0.12384148
    0.05985893
    0.11192321
    0.04648045
    0.06218889
    0.05748801
    0.05078527
   -0.05152073
   -0.05808675
   -0.04393974
    0.05325974
   -0.04353112
    0.04173378
    0.05233817
    0.05275810
