           1           2   1.30798352552756     
           2           3   1.34707825153048     
           3           4   1.48400367087993     
           4           5   1.37990256003486     
           1           6   1.38545120253294     
           3           6  0.105965295257879     
           5           6   1.46176530329215     
           6           7  0.956407225681819     
           5           8  0.968617126557328     
           3           9  0.962240652379576     
           2          10   1.09285486069384     
          10          11   1.30230830780294     
          11          12   1.37879012627396     
          12          13   1.46240199548529     
          13          14   1.38125271726712     
          10          15   1.35233376685616     
          12          15  0.105188487192560     
          14          15   1.48035422683342     
          15          16  0.962173940373419     
          13          17  0.968404554759971     
          12          18  0.951312795781887     
           1          19  0.437452903368506     
          11          19  0.435807550569608     
          19          20  0.532843471560438     
          19          21  0.715615022565257     
          21          22   1.09518678509769     
          22          23  0.940019738820345     
          23          24  0.996432945349727     
          24          25  0.982551651345909     
          24          26  0.983472878469812     
          24          27  0.983274785234813     
          23          28  0.990407196703341     
          28          29  0.983814974857864     
          28          30  0.983929637061598     
          28          31  0.985370752139527     
          23          32  0.940818353346018     
          21          33   1.11538592588710     
          32          33  0.936850945554236     
          32          34  0.990987699414606     
          34          35  0.980037859147131     
          34          36  0.983415048782684     
          34          37  0.982143257472470     
          32          38  0.996944457334181     
          38          39  0.983067566359975     
          38          40  0.982396351003501     
          38          41  0.983551857804008     
          19          42  0.846260477719875     
          42          43   1.12382908071121     
          43          44  0.935184906307645     
          44          45  0.996305880711933     
          45          46  0.981025163479408     
          45          47  0.981610193546181     
          45          48  0.983130434375874     
          44          49  0.991179608129871     
          49          50  0.983051837720792     
          49          51  0.982214729741720     
          49          52  0.979520747638022     
          44          53  0.937300030791020     
          42          54   1.11618056250438     
          53          54  0.932625015388225     
          53          55  0.996187040746991     
          55          56  0.982217829779524     
          55          57  0.982681311940977     
          55          58  0.982861297521629     
          53          59  0.992134720764825     
          59          60  0.981469027271102     
          59          61  0.982755930772993     
          59          62  0.982872929537782     
          19          63  0.857335699325487     
          63          64   1.11315332487711     
          64          65  0.937896958904717     
          65          66  0.990994004511436     
          66          67  0.979937445515119     
          66          68  0.982275257470018     
          66          69  0.982979596276563     
          65          70  0.996017173493036     
          70          71  0.981742481304266     
          70          72  0.983377510593659     
          70          73  0.982178226650487     
          65          74  0.938604687927015     
          63          75   1.11534431773320     
          74          75  0.932545511589990     
          74          76  0.996821101220341     
          76          77  0.982406591014930     
          76          78  0.981986565662643     
          76          79  0.982171938482031     
          74          80  0.991442523497902     
          80          81  0.982855335330151     
          80          82  0.983185633617920     
          80          83  0.982945152614630     
           4          84  0.968842358520188     
          14          85  0.968832665941963     
          19          86  0.593174034169844     
          20          86  0.348311633992027     
          86          87   1.33361077042243     
          86          88   1.37262596162913     
          87          89   1.07080582866936     
          87          90   1.33290112273550     
          88          90  0.101357124679419     
          88          91   1.43681105396418     
          88          92  0.957067844149755     
          89          93   1.55939829504893     
          89          94   1.07508805487034     
          90          95   1.49011541619765     
          91          95   1.35922257554359     
          90          96  0.965861501005190     
          91          97   1.02621299120710     
          93          98   1.18999816077365     
          94          99   1.06168490785733     
          98          99   1.26620197166414     
          95         100  0.967336048953904     
          97         101  0.967642090072019     
          97         102  0.971883215858853     
          97         103  0.983905929080072     
          98         104   1.34028736638339     
          99         105   1.37178780084353     
         104         105  0.110839881692743     
         104         106   1.48093505721214     
         104         107  0.967786879443738     
         105         108   1.45926072942155     
         106         108   1.40023995083458     
         105         109  0.967337084053902     
         106         110  0.969527045705331     
         108         111  0.969857439677725     
