   -0.12239494
    0.07716769
   -0.04236522
   -0.02271256
   -0.04386740
    0.04862297
    0.05094490
    0.05388834
    0.04471932
    0.07285914
   -0.12412381
    0.04221146
   -0.04524238
   -0.02456166
   -0.04562642
    0.04462864
    0.05100171
    0.07602549
   -0.15834803
    0.08337367
    0.40123238
   -0.41190472
    0.13070081
   -0.12061081
    0.05291523
    0.04421675
    0.04986965
   -0.10808042
    0.04649200
    0.04025624
    0.02784649
    0.13099183
   -0.40423246
   -0.11880121
    0.04727326
    0.04580839
    0.04937220
   -0.11926775
    0.04711495
    0.05255269
    0.04436399
    0.40459604
   -0.38328654
    0.12856139
   -0.12577730
    0.05513180
    0.05558150
    0.04930358
   -0.12128818
    0.04810141
    0.04441800
    0.05274711
    0.12756899
   -0.38263354
   -0.12401816
    0.05299438
    0.05453889
    0.04797665
   -0.12397449
    0.04536923
    0.05226177
    0.05114999
    0.39975229
   -0.37798266
    0.12512902
   -0.12952812
    0.05874800
    0.05337238
    0.04888483
   -0.12863793
    0.05968567
    0.04989132
    0.05153390
    0.12665741
   -0.38311413
   -0.12338534
    0.04987829
    0.05237389
    0.05401483
   -0.12215405
    0.03963244
    0.05032754
    0.05357521
    0.05094471
    0.04888175
   -0.02143411
   -0.03257661
   -0.03748267
   -0.04693882
    0.02127373
   -0.04179228
    0.03989262
    0.00624903
    0.02483693
    0.03216658
   -0.08158208
    0.10277631
    0.07019052
    0.05534041
   -0.25342344
   -0.04937505
    0.05357972
   -0.01725172
    0.04015559
   -0.04869521
    0.03933541
    0.04127848
    0.04136251
