           1           2   1.30779221604953     
           2           3   1.34844390914839     
           3           4   1.48367457897722     
           4           5   1.38049404217579     
           1           6   1.38668809443781     
           3           6  0.105768237127085     
           5           6   1.46155392020957     
           6           7  0.956954659030685     
           5           8  0.968701705952174     
           3           9  0.962111298992321     
           2          10   1.09253012979125     
          10          11   1.30265730991405     
          11          12   1.38505418510396     
          12          13   1.45884246538119     
          13          14   1.38279288606935     
          10          15   1.35181031647956     
          12          15  0.105383769497926     
          14          15   1.48013174907628     
          15          16  0.962019197473400     
          13          17  0.968955944441734     
          12          18  0.947792148824637     
           1          19  0.443613803458977     
          11          19  0.440950540886836     
          19          20  0.531458934701634     
          19          21  0.721720562228463     
          21          22   1.08560395560692     
          22          23  0.944026114006873     
          23          24  0.996505980496343     
          24          25  0.982767116084370     
          24          26  0.983741777404185     
          24          27  0.983386231985004     
          23          28  0.989629270762271     
          28          29  0.984154896154858     
          28          30  0.984101848779955     
          28          31  0.985388445411380     
          23          32  0.941321442578908     
          21          33   1.10915596796851     
          32          33  0.940382950903869     
          32          34  0.990676225345555     
          34          35  0.983132294658922     
          34          36  0.983842635794992     
          34          37  0.982482861541881     
          32          38  0.996637063556697     
          38          39  0.983213441641781     
          38          40  0.982781069380031     
          38          41  0.983808134028084     
          19          42  0.858037695691758     
          42          43   1.11657617019495     
          43          44  0.936323791887311     
          44          45  0.996634735691328     
          45          46  0.982211388984132     
          45          47  0.981704703220941     
          45          48  0.983153833376330     
          44          49  0.990866492314460     
          49          50  0.983483089353340     
          49          51  0.983012298267091     
          49          52  0.979370488466434     
          44          53  0.938845146049801     
          42          54   1.10686176389694     
          53          54  0.935197624196745     
          53          55  0.996225522075046     
          55          56  0.982534044142114     
          55          57  0.982747616329309     
          55          58  0.983240893119192     
          53          59  0.991456586495401     
          59          60  0.981953052001414     
          59          61  0.983048868183453     
          59          62  0.982931133448802     
          19          63  0.871416411460577     
          63          64   1.11204695614628     
          64          65  0.939602568762079     
          65          66  0.991179285894283     
          66          67  0.978375329918662     
          66          68  0.982615718186304     
          66          69  0.983179888002262     
          65          70  0.996152774265208     
          70          71  0.982089427566508     
          70          72  0.983536133311784     
          70          73  0.982295603416610     
          65          74  0.937287363951920     
          63          75   1.11253686174703     
          74          75  0.937801811071850     
          74          76  0.995622794648555     
          76          77  0.983098541359450     
          76          78  0.982550062265161     
          76          79  0.982089977578116     
          74          80  0.991130998270324     
          80          81  0.983718385084531     
          80          82  0.983221224171302     
          80          83  0.983383642365960     
           4          84  0.969001835431692     
          14          85  0.969056074233471     
          19          86  0.593285703041464     
          20          86  0.347282326578366     
          86          87   1.39379483044983     
          86          88   1.37154600739912     
          87          89   1.43040816534926     
          88          89  0.104715454175195     
          87          90  0.964087969045030     
          87          91  0.103962710238994     
          88          91   1.46070820796192     
          88          92  0.960279672997859     
          89          93   1.41604517938925     
          91          93   1.39149538494761     
          89          94  0.967477300127497     
          91          95  0.968026838227694     
          93          96  0.994027090589612     
          96          97  0.995327025464879     
          96          98  0.964370346554555     
          96          99  0.958764617590320     
          97         100   1.41552302580639     
          97         101   1.38353506165071     
         100         102   1.42984459564944     
         101         102  0.116243650467300     
         101         103   1.46245619631904     
         101         104  0.968335883706405     
          97         105  0.110192328817489     
         102         105   1.43704257643179     
         103         105   1.42534503195707     
         102         106  0.963495381746835     
         103         107  0.969455762787932     
         105         108  0.970030597988884     
