   -0.12739636
    0.07935733
   -0.04140415
   -0.02269106
   -0.04422073
    0.04797685
    0.04971222
    0.05301831
    0.04388669
    0.07351353
   -0.11938777
    0.04321153
   -0.04589830
   -0.02578667
   -0.04564813
    0.04456945
    0.04887306
    0.07028036
   -0.15512193
    0.08377250
    0.40277930
   -0.41088615
    0.13082764
   -0.12051911
    0.05281403
    0.04480742
    0.05016386
   -0.10914741
    0.04712357
    0.04152135
    0.02879136
    0.13135781
   -0.40491708
   -0.11850667
    0.04888297
    0.04592754
    0.04781454
   -0.11841937
    0.04695834
    0.05130442
    0.04480640
    0.40862009
   -0.38194511
    0.12871022
   -0.12306122
    0.05008470
    0.05643125
    0.04878857
   -0.12040063
    0.04810576
    0.04499933
    0.05197127
    0.12794547
   -0.38330811
   -0.12293998
    0.05274672
    0.05319778
    0.04795630
   -0.11977758
    0.04180958
    0.05055942
    0.04959766
    0.39994181
   -0.37721343
    0.12558195
   -0.12592830
    0.05605658
    0.05119362
    0.04817642
   -0.12878932
    0.05970405
    0.04948149
    0.05242160
    0.12713524
   -0.38687910
   -0.12286700
    0.04970120
    0.05193752
    0.05328797
   -0.12213305
    0.03987364
    0.05006750
    0.05355099
    0.04992811
    0.04772185
   -0.02915314
    0.01368928
   -0.04629547
   -0.04823625
   -0.10815328
    0.00027406
    0.05002530
   -0.04951903
    0.02847492
    0.04372332
    0.05066652
    0.03327545
   -0.00552822
    0.02625552
   -0.03106815
   -0.05135627
   -0.04540244
    0.04317075
   -0.02629518
    0.04432154
    0.05098646
