           1           2   1.30254355075253     
           2           3   1.35051936294798     
           3           4   1.48229084164465     
           4           5   1.38080166999644     
           1           6   1.38605903474723     
           3           6  0.105138233102898     
           5           6   1.46122665060893     
           6           7  0.957401160830312     
           5           8  0.968814382637154     
           3           9  0.962171500989510     
           2          10   1.09346439662675     
          10          11   1.29807587497215     
          11          12   1.38295338729740     
          12          13   1.45991281543234     
          13          14   1.38151310526187     
          10          15   1.35334585264225     
          12          15  0.104771196217765     
          14          15   1.47911491565585     
          15          16  0.962023126514458     
          13          17  0.969182433665949     
          12          18  0.950501289324180     
           1          19  0.433122034142024     
          11          19  0.454599517246717     
          19          20  0.529328196276568     
          19          21  0.711560850174372     
          21          22   1.08878804418235     
          22          23  0.942894982260477     
          23          24  0.996516636157965     
          24          25  0.982697429416589     
          24          26  0.983680195648834     
          24          27  0.983290217341214     
          23          28  0.989889030644415     
          28          29  0.984006699426519     
          28          30  0.983895777315271     
          28          31  0.985399801112283     
          23          32  0.940939991855618     
          21          33   1.10995321688956     
          32          33  0.939918726501167     
          32          34  0.990761741902410     
          34          35  0.982300930794858     
          34          36  0.983725744318389     
          34          37  0.982353917830676     
          32          38  0.996515866299740     
          38          39  0.983128687415865     
          38          40  0.982554038452217     
          38          41  0.983722801824724     
          19          42  0.845342298308050     
          42          43   1.11555268594699     
          43          44  0.937579758602427     
          44          45  0.995943078655907     
          45          46  0.980693104755488     
          45          47  0.981493179269848     
          45          48  0.983243536081332     
          44          49  0.991206284010511     
          49          50  0.983195649350400     
          49          51  0.982602167898485     
          49          52  0.979485377910671     
          44          53  0.936818102582773     
          42          54   1.11026602051231     
          53          54  0.936319871474369     
          53          55  0.995522134953587     
          55          56  0.982164040995948     
          55          57  0.982806226793082     
          55          58  0.983082427977770     
          53          59  0.992045179575250     
          59          60  0.980649015882333     
          59          61  0.983108263174718     
          59          62  0.982986984477691     
          19          63  0.863858577084522     
          63          64   1.11191015090864     
          64          65  0.940656696189484     
          65          66  0.991102339530638     
          66          67  0.978791385184216     
          66          68  0.982844588110135     
          66          69  0.983249266499424     
          65          70  0.995953076926888     
          70          71  0.982084542705097     
          70          72  0.983566780826560     
          70          73  0.982228964144504     
          65          74  0.937510974661941     
          63          75   1.10787454305073     
          74          75  0.937662577247422     
          74          76  0.995907027463687     
          76          77  0.982974348491722     
          76          78  0.982290079980115     
          76          79  0.982362230614519     
          74          80  0.991102191125374     
          80          81  0.983517104488896     
          80          82  0.983236808452683     
          80          83  0.983320982650686     
           4          84  0.969125695219562     
          14          85  0.969208927006757     
          19          86  0.589246881152261     
          20          86  0.346856840435070     
          86          87   1.36825604838094     
          86          88   1.38552517757023     
          87          89   1.38709614125098     
          87          90   1.02056481502076     
          88          91   1.39230321144773     
          88          92  0.951842467159533     
          89          93   1.46682815261678     
          91          93   1.35915973583922     
          89          94  0.967437722831046     
          90          95  0.977305027466505     
          90          96  0.971537283597574     
          90          97  0.970417927206869     
          91          98   1.05597854533199     
          93          99  0.968315522796592     
          98         100   1.56750655745754     
          98         101   1.21640504722181     
         100         102   1.18972977018571     
         100         103  0.969685590495491     
         100         104  0.110978144148712     
         101         104   1.65733433642085     
         102         104   1.17784698613827     
         101         105  0.960388394098727     
         104         106  0.969917960354318     
