   -0.12538838
    0.07593453
   -0.04345370
   -0.02202057
   -0.04368695
    0.04983300
    0.05041954
    0.05539199
    0.04684355
    0.07136566
   -0.13022466
    0.04217086
   -0.04445338
   -0.02512632
   -0.04555200
    0.04549677
    0.05161158
    0.07642554
   -0.15009798
    0.08713107
    0.40608070
   -0.40794989
    0.13026784
   -0.12093225
    0.05296671
    0.04478738
    0.05180748
   -0.10891420
    0.04779434
    0.04243140
    0.02680229
    0.13183498
   -0.40996246
   -0.12025628
    0.05095906
    0.04567843
    0.04876372
   -0.11916397
    0.04579993
    0.05272193
    0.04563826
    0.41171219
   -0.38786394
    0.13068554
   -0.12307504
    0.05535082
    0.05153888
    0.04946071
   -0.11918911
    0.04792710
    0.04554696
    0.04987343
    0.12832720
   -0.38615395
   -0.12311486
    0.04932625
    0.05408793
    0.04799211
   -0.12580160
    0.05276298
    0.05012873
    0.05226213
    0.40847016
   -0.38216829
    0.12769019
   -0.12349946
    0.05338019
    0.05167901
    0.04831258
   -0.12786370
    0.06052041
    0.04982954
    0.05254390
    0.12787429
   -0.38566825
   -0.12312003
    0.05035539
    0.05247743
    0.05476647
   -0.12134798
    0.03952250
    0.04981271
    0.05436827
    0.05284729
    0.04944698
   -0.03603594
   -0.04081920
    0.08237891
    0.00924733
    0.03405394
   -0.04883243
   -0.18659905
   -0.11972105
   -0.05129053
    0.06333630
    0.04208278
    0.05545311
    0.05625435
    0.04870187
