           1           2   1.31076591336475     
           2           3   1.34720184627759     
           3           4   1.48459975911001     
           4           5   1.38148354171009     
           1           6   1.38920222632530     
           3           6  0.106018997294407     
           5           6   1.46035180672716     
           6           7  0.957202938906581     
           5           8  0.968537160987342     
           3           9  0.961719799898132     
           2          10   1.09417362407781     
          10          11   1.30141210785982     
          11          12   1.38146125588876     
          12          13   1.46052914141669     
          13          14   1.38256824208665     
          10          15   1.35226232094310     
          12          15  0.105028986082161     
          14          15   1.47903563570548     
          15          16  0.961698644018214     
          13          17  0.968873730882968     
          12          18  0.946961215872550     
           1          19  0.436164331015876     
          11          19  0.425383794889055     
          19          20  0.539721569281774     
          19          21  0.717036790729881     
          21          22   1.09691370523023     
          22          23  0.941269211692047     
          23          24  0.996544810051560     
          24          25  0.982669614484258     
          24          26  0.983565206369286     
          24          27  0.983152683097890     
          23          28  0.990249217950584     
          28          29  0.983999608712597     
          28          30  0.984015516243157     
          28          31  0.984819111967380     
          23          32  0.941283517726048     
          21          33   1.10356108287410     
          32          33  0.938403669759307     
          32          34  0.991010193710242     
          34          35  0.981456567035932     
          34          36  0.983614122366139     
          34          37  0.981575444817247     
          32          38  0.997072322634701     
          38          39  0.983197308191870     
          38          40  0.982619454606293     
          38          41  0.983681004705013     
          19          42  0.851158061788746     
          42          43   1.12064738895842     
          43          44  0.936840593169959     
          44          45  0.995747039405819     
          45          46  0.981522249328938     
          45          47  0.982172824610459     
          45          48  0.982987611221529     
          44          49  0.991430749311017     
          49          50  0.983290251900915     
          49          51  0.982963913178513     
          49          52  0.979847129984439     
          44          53  0.937064694696618     
          42          54   1.10251106140256     
          53          54  0.934198556352497     
          53          55  0.995092271551134     
          55          56  0.982809656131798     
          55          57  0.982719739011898     
          55          58  0.983129005132395     
          53          59  0.992432211981200     
          59          60  0.978990573790922     
          59          61  0.982952233188633     
          59          62  0.982693733868087     
          19          63  0.865269991545279     
          63          64   1.10981489480563     
          64          65  0.937177097944946     
          65          66  0.991266855968534     
          66          67  0.979596595028806     
          66          68  0.982521674374662     
          66          69  0.983326181775365     
          65          70  0.996741279157023     
          70          71  0.982052468719623     
          70          72  0.983443687400482     
          70          73  0.982309604883133     
          65          74  0.938701791962298     
          63          75   1.11035395860315     
          74          75  0.936037412364158     
          74          76  0.996139322044311     
          76          77  0.982961265747695     
          76          78  0.982450045122873     
          76          79  0.982344819743681     
          74          80  0.990949595527485     
          80          81  0.984059415323237     
          80          82  0.983262665469252     
          80          83  0.983350172420199     
           4          84  0.968771170125418     
          14          85  0.968992015537615     
          19          86  0.589114886824508     
          20          86  0.343533588567142     
          86          87   1.37523252126758     
          86          88   1.36639478441711     
          87          89   1.41873364747897     
          87          90  0.958310857318326     
          87          91  0.101784666348925     
          88          91   1.39963414776471     
          88          92  0.946426257476339     
          89          93   1.02357999169080     
          89          94   1.39250318631653     
          91          94   1.44542987015286     
          91          95  0.964777341833632     
          93          96  0.985647927368880     
          93          97  0.971166067178549     
          93          98  0.973378059103692     
          94          99  0.967615331930656     
