   -0.12151750
    0.07518239
   -0.04270596
   -0.02482227
   -0.04533095
    0.04743765
    0.04820618
    0.05030374
    0.04119186
    0.07158730
   -0.11873328
    0.04280780
   -0.04699098
   -0.02585341
   -0.04615358
    0.04031395
    0.04712186
    0.07458771
   -0.17324037
    0.09202296
    0.40156685
   -0.41610203
    0.13145031
   -0.11925424
    0.05167708
    0.04310871
    0.04859342
   -0.10660714
    0.04504033
    0.03872066
    0.02795058
    0.13123704
   -0.40546120
   -0.11701699
    0.04548661
    0.04462818
    0.04851376
   -0.11807350
    0.04650107
    0.05171939
    0.04318012
    0.40461553
   -0.38313186
    0.12822173
   -0.12559938
    0.05402809
    0.05619643
    0.04867321
   -0.12092240
    0.04714538
    0.04322462
    0.05224627
    0.12764279
   -0.38383224
   -0.12310803
    0.05193209
    0.05369978
    0.04694935
   -0.12301651
    0.04337574
    0.05150665
    0.05105107
    0.39902887
   -0.37727281
    0.12506387
   -0.12909230
    0.05755145
    0.05406159
    0.04805191
   -0.12839894
    0.06034531
    0.04899637
    0.05153712
    0.12687664
   -0.38748025
   -0.12244426
    0.04913561
    0.05104373
    0.05304458
   -0.12107874
    0.03891946
    0.04913787
    0.05281402
    0.04714642
    0.04467706
   -0.05130197
   -0.06723439
   -0.03289956
   -0.03388265
    0.00368913
   -0.00166747
    0.03134337
    0.02588688
   -0.01629518
    0.00695487
    0.06774295
    0.06391057
   -0.03803642
   -0.04162575
   -0.03309147
    0.04509155
   -0.03437801
    0.03593992
   -0.03600409
    0.03813552
    0.03703744
    0.03584772
