           1           2   1.29790015012874     
           2           3   1.34443785209751     
           3           4   1.48853363495422     
           4           5   1.37138680493017     
           1           6   1.37858146555642     
           3           6  0.105827081556225     
           5           6   1.46927716212039     
           6           7  0.956577230889593     
           5           8  0.969063358171746     
           3           9  0.962323763194818     
           2          10   1.09990988641470     
          10          11   1.29703629198761     
          11          12   1.38209258438056     
          12          13   1.46273583432700     
          13          14   1.37615233438723     
          10          15   1.34655233365079     
          12          15  0.105580329356828     
          14          15   1.48532082733525     
          15          16  0.962312739901917     
          13          17  0.969380010248496     
          12          18  0.948341986875071     
           1          19  0.468029027411247     
          11          19  0.460579622383205     
          19          20  0.549230957217043     
          19          21  0.712282942504972     
          21          22   1.08122594341986     
          22          23  0.945540742392115     
          23          24  0.996395489855177     
          24          25  0.982897196344800     
          24          26  0.983894168580939     
          24          27  0.983542010558284     
          23          28  0.989450619462176     
          28          29  0.984337295165778     
          28          30  0.984234185832987     
          28          31  0.985412475801222     
          23          32  0.941253183452046     
          21          33   1.10632013525424     
          32          33  0.942093667295709     
          32          34  0.990449539212142     
          34          35  0.983532004233322     
          34          36  0.984014269873413     
          34          37  0.982870553156392     
          32          38  0.996302940864192     
          38          39  0.983270939392378     
          38          40  0.982813293860552     
          38          41  0.983999930805336     
          19          42  0.864829622038516     
          42          43   1.11211537422719     
          43          44  0.938422229884302     
          44          45  0.996336980490510     
          45          46  0.982412247301981     
          45          47  0.981967994893506     
          45          48  0.983424227651475     
          44          49  0.990603175848797     
          49          50  0.983596553948887     
          49          51  0.983104170978529     
          49          52  0.979461011419248     
          44          53  0.938750852891412     
          42          54   1.10085637770588     
          53          54  0.938302865063055     
          53          55  0.996205497769450     
          55          56  0.982655977491635     
          55          57  0.982875162159568     
          55          58  0.983439563385802     
          53          59  0.990769350116940     
          59          60  0.982426847177584     
          59          61  0.983433415929290     
          59          62  0.983147213843595     
          19          63  0.878663245174986     
          63          64   1.10952581982611     
          64          65  0.941148704569764     
          65          66  0.990807874170966     
          66          67  0.978811930311427     
          66          68  0.982594425439163     
          66          69  0.983276134099380     
          65          70  0.996051524644075     
          70          71  0.982034056765118     
          70          72  0.983670402462412     
          70          73  0.982338979047010     
          65          74  0.937369775581632     
          63          75   1.10794980569748     
          74          75  0.938738099708795     
          74          76  0.995519837352176     
          76          77  0.983178818790069     
          76          78  0.982737099397851     
          76          79  0.982443556149498     
          74          80  0.991026250273964     
          80          81  0.983527512957462     
          80          82  0.983376829475573     
          80          83  0.983468260673617     
           4          84  0.969414955139192     
          14          85  0.969456710435961     
          19          86  0.603182678553223     
          20          86  0.332061533964291     
          86          87   1.28624612422613     
          86          88   1.49143923062675     
          87          89   1.54191297239301     
          88          89  0.130567162802904     
          87          90  0.971599016312311     
          88          91   1.21645119371860     
          89          91   1.21745596914747     
          88          92  0.964431114457801     
          89          93  0.969362180748920     
          91          94  0.990008465087694     
          94          95  0.989911952640662     
          94          96  0.956289300837384     
          94          97  0.965641480727419     
          95          98   1.41229122962393     
          95          99   1.41886815212219     
          98         100   1.44836378806939     
          99         100  0.110649504470391     
          98         101  0.966017322758853     
          98         102  0.112675730160368     
          99         102   1.44013999806530     
          99         103  0.968430089180576     
          95         104  0.109805111722055     
         100         104   1.43586713493906     
         102         104   1.44203794899299     
         100         105  0.970583508238316     
         102         106  0.970652198350755     
         104         107  0.971048091651521     
