   -0.12191907
    0.07741016
   -0.04268330
   -0.02103379
   -0.04293618
    0.04830393
    0.05353816
    0.05751983
    0.04933943
    0.07438522
   -0.12993729
    0.04238307
   -0.04330269
   -0.02278210
   -0.04383902
    0.04780553
    0.05230627
    0.07541290
   -0.15028431
    0.08954527
    0.40313066
   -0.40656519
    0.12993288
   -0.12190763
    0.05381135
    0.04525253
    0.05188270
   -0.10952678
    0.04805808
    0.04226457
    0.02753652
    0.13069422
   -0.40351838
   -0.12136047
    0.05152620
    0.04645379
    0.04972352
   -0.12016167
    0.04693426
    0.05337962
    0.04570973
    0.40144930
   -0.38410948
    0.12865016
   -0.12593719
    0.05461900
    0.05632936
    0.04992331
   -0.12190178
    0.04892340
    0.04627540
    0.05278489
    0.12771642
   -0.38339707
   -0.12444205
    0.05443680
    0.05436992
    0.04864233
   -0.12289692
    0.04307532
    0.05309039
    0.05000944
    0.40205963
   -0.37887495
    0.12503554
   -0.13069199
    0.05909362
    0.05375071
    0.05072057
   -0.12930435
    0.06045700
    0.05110443
    0.05225596
    0.12698138
   -0.37822459
   -0.12455329
    0.05133328
    0.05413786
    0.05518358
   -0.12253158
    0.04074160
    0.05016401
    0.05506831
    0.05502816
    0.05183220
   -0.02212349
   -0.03303585
   -0.03649464
    0.04765769
    0.03579390
   -0.03341529
    0.04778823
   -0.04654040
   -0.18028284
    0.04407904
    0.04571311
