           1           2   1.31532678478211     
           2           3   1.34939609137325     
           3           4   1.48233554443686     
           4           5   1.38470963304535     
           1           6   1.38991444170143     
           3           6  0.106103707144152     
           5           6   1.45900299808044     
           6           7  0.956921612480151     
           5           8  0.968248234952790     
           3           9  0.961572367041911     
           2          10   1.08908283237466     
          10          11   1.30644792846277     
          11          12   1.38670287797451     
          12          13   1.45656226895820     
          13          14   1.38760464965896     
          10          15   1.35536162142090     
          12          15  0.104983892373404     
          14          15   1.47633156505743     
          15          16  0.961554914153579     
          13          17  0.968804539372632     
          12          18  0.947696982289315     
           1          19  0.436337122766924     
          11          19  0.421902895087119     
          19          20  0.534737873759178     
          19          21  0.727236667109518     
          21          22   1.09516164326824     
          22          23  0.941574155511141     
          23          24  0.996598644900995     
          24          25  0.982619818306803     
          24          26  0.983513810326442     
          24          27  0.983135359966688     
          23          28  0.990248544635884     
          28          29  0.983948967108376     
          28          30  0.983978941389445     
          28          31  0.985117948264056     
          23          32  0.941135671117461     
          21          33   1.11107109810868     
          32          33  0.938361017954521     
          32          34  0.990924283859902     
          34          35  0.981494409351895     
          34          36  0.983574917669460     
          34          37  0.982056398175013     
          32          38  0.997022774763371     
          38          39  0.983104116059770     
          38          40  0.982747166228242     
          38          41  0.983646460176591     
          19          42  0.858399978660931     
          42          43   1.11698627653187     
          43          44  0.935404769580525     
          44          45  0.996881687800756     
          45          46  0.982270743485792     
          45          47  0.981754340542442     
          45          48  0.983034736550285     
          44          49  0.991035377267412     
          49          50  0.983361748943254     
          49          51  0.982545029022229     
          49          52  0.979524758217507     
          44          53  0.939289673979121     
          42          54   1.10827192263044     
          53          54  0.933800040659607     
          53          55  0.996460001024086     
          55          56  0.982380385202001     
          55          57  0.982740698560638     
          55          58  0.983079362125260     
          53          59  0.991562822001455     
          59          60  0.982306008835819     
          59          61  0.982989734767402     
          59          62  0.983089186941237     
          19          63  0.864690803645598     
          63          64   1.11121112412774     
          64          65  0.936917000287095     
          65          66  0.991361465287587     
          66          67  0.978623441670360     
          66          68  0.982558431534609     
          66          69  0.982963032035217     
          65          70  0.996614090246785     
          70          71  0.981958029836054     
          70          72  0.983290676283307     
          70          73  0.982233672673781     
          65          74  0.937860947015905     
          63          75   1.12262985924053     
          74          75  0.934796481799402     
          74          76  0.996037847341886     
          76          77  0.982806916725009     
          76          78  0.982137942118178     
          76          79  0.981641077515218     
          74          80  0.991398966885198     
          80          81  0.983935030123401     
          80          82  0.983086579698961     
          80          83  0.983155707998907     
           4          84  0.968537394117697     
          14          85  0.968738831594324     
          19          86  0.584899461603436     
          20          86  0.348815419803289     
          86          87   1.37663934729722     
          86          88   1.37418626735139     
          87          89   1.42782587534763     
          87          90  0.962738966594481     
          87          91  0.101687012297573     
          88          91   1.45327791419730     
          88          92  0.960647439710962     
          89          93   1.42633771622387     
          91          93   1.41287087635976     
          89          94  0.930369500795998     
          91          95  0.966118622120472     
          93          96  0.969389746781159     
