   -0.12041406
    0.07499193
   -0.04316193
   -0.02280082
   -0.04382514
    0.04718376
    0.05442503
    0.05628118
    0.04713143
    0.07071268
   -0.12631533
    0.04135169
   -0.04498503
   -0.02516696
   -0.04561507
    0.04620335
    0.05178892
    0.07766766
   -0.16866153
    0.10541985
    0.40337965
   -0.40761770
    0.12975112
   -0.12117028
    0.05303865
    0.04467879
    0.05119286
   -0.10953147
    0.04740335
    0.04196782
    0.02784706
    0.13047401
   -0.40274315
   -0.12112201
    0.05223042
    0.04546655
    0.04897548
   -0.12001001
    0.04685941
    0.05301104
    0.04504223
    0.40234676
   -0.38350291
    0.12833406
   -0.12596752
    0.05468800
    0.05593883
    0.04942463
   -0.12172584
    0.04836621
    0.04627501
    0.05222819
    0.12738298
   -0.38123689
   -0.12456777
    0.05454419
    0.05428257
    0.04800039
   -0.12397361
    0.04372174
    0.05257546
    0.05072525
    0.40237388
   -0.37871582
    0.12482660
   -0.13091741
    0.05874468
    0.05417074
    0.05021467
   -0.12931355
    0.06071031
    0.05040941
    0.05214642
    0.12720532
   -0.37923566
   -0.12413076
    0.05067593
    0.05380578
    0.05491796
   -0.12154856
    0.04055098
    0.04803044
    0.05456831
    0.05301135
    0.04969477
   -0.05594699
    0.05965345
   -0.06713828
   -0.21678428
    0.02931423
    0.05846022
    0.04074936
    0.05030130
