           1           2   1.30913384158511     
           2           3   1.34791851027092     
           3           4   1.48429352686529     
           4           5   1.38032426155002     
           1           6   1.38617191654483     
           3           6  0.106007143378876     
           5           6   1.46214200722587     
           6           7  0.956753350081437     
           5           8  0.968397532894224     
           3           9  0.961687819701042     
           2          10   1.09317279374079     
          10          11   1.30210073255376     
          11          12   1.38506440357873     
          12          13   1.45813284550548     
          13          14   1.38421312528454     
          10          15   1.35335234060180     
          12          15  0.104975521009065     
          14          15   1.47839795513544     
          15          16  0.961653467323801     
          13          17  0.968883172932906     
          12          18  0.947529553917807     
           1          19  0.452690443283556     
          11          19  0.441969063766841     
          19          20  0.552561724873545     
          19          21  0.734745469195406     
          21          22   1.09213567044072     
          22          23  0.942988323192064     
          23          24  0.996324821468502     
          24          25  0.982727338974431     
          24          26  0.983636927035022     
          24          27  0.983213890354393     
          23          28  0.990100536761123     
          28          29  0.984109679842259     
          28          30  0.984047897173622     
          28          31  0.985217971377117     
          23          32  0.940742636148652     
          21          33   1.11111952907941     
          32          33  0.939637843553014     
          32          34  0.990783161992731     
          34          35  0.980949562493305     
          34          36  0.983617851042613     
          34          37  0.982021537182233     
          32          38  0.996831483657502     
          38          39  0.983117839313250     
          38          40  0.982888540757395     
          38          41  0.983800522320462     
          19          42  0.867035592392640     
          42          43   1.11365254012950     
          43          44  0.936765882922434     
          44          45  0.996885420219670     
          45          46  0.982301452215444     
          45          47  0.982003388426758     
          45          48  0.983198695056056     
          44          49  0.990688016408853     
          49          50  0.983460135947491     
          49          51  0.981868938925824     
          49          52  0.979839782148226     
          44          53  0.939187209670166     
          42          54   1.10926910827008     
          53          54  0.935333338189410     
          53          55  0.996148992130548     
          55          56  0.982410425908902     
          55          57  0.982825902940419     
          55          58  0.983205625558898     
          53          59  0.991397843155220     
          59          60  0.982928075986131     
          59          61  0.983149196571580     
          59          62  0.983024637378063     
          19          63  0.866661743927729     
          63          64   1.10741916303943     
          64          65  0.937997550633156     
          65          66  0.991021800462210     
          66          67  0.979030079227566     
          66          68  0.982551025543738     
          66          69  0.983132055766308     
          65          70  0.996574176859036     
          70          71  0.981975668070841     
          70          72  0.983451912311243     
          70          73  0.982322611942113     
          65          74  0.938152090235687     
          63          75   1.11893158548152     
          74          75  0.936081518782060     
          74          76  0.996014339449945     
          76          77  0.982994234007694     
          76          78  0.982194561566529     
          76          79  0.980933746663600     
          74          80  0.990975750179072     
          80          81  0.984161226567482     
          80          82  0.983198664667106     
          80          83  0.983299573667644     
           4          84  0.968792585751043     
          14          85  0.968971233901538     
          19          86  0.585474489081198     
          20          86  0.338089922814343     
          86          87   1.57034943595215     
          86          88   1.23897438516970     
          87          89   1.09623162933898     
          87          90  0.966232784608344     
          87          91  0.147352463809534     
          88          91   1.62804604248458     
          89          91   1.11860672126321     
          88          92  0.970031233393403     
          91          93  0.965549571329287     
