   -0.11859803
    0.07840102
   -0.04093012
   -0.02176992
   -0.04225916
    0.04756933
    0.05606994
    0.05904081
    0.04825063
    0.07476378
   -0.12403414
    0.04260977
   -0.04353115
   -0.02217757
   -0.04486171
    0.04889706
    0.05142822
    0.07391639
   -0.16174874
    0.09977900
    0.40288836
   -0.40761004
    0.13023811
   -0.12246345
    0.05515261
    0.04619472
    0.05103495
   -0.11002013
    0.04841043
    0.04158425
    0.02878402
    0.13035580
   -0.40057397
   -0.12106259
    0.04960465
    0.04836896
    0.05020561
   -0.12020744
    0.04700261
    0.05380912
    0.04624771
    0.40481674
   -0.37330369
    0.12710322
   -0.12767831
    0.05325435
    0.06076410
    0.05057455
   -0.12360963
    0.05041716
    0.04891559
    0.05294881
    0.12773783
   -0.38558694
   -0.12400231
    0.05422559
    0.05313666
    0.04984328
   -0.11940190
    0.03615076
    0.05338300
    0.04740117
    0.39933225
   -0.37320474
    0.12501246
   -0.12895425
    0.05721789
    0.05394006
    0.05116137
   -0.13027448
    0.06080030
    0.05182620
    0.05330075
    0.12608030
   -0.38076130
   -0.12571170
    0.05203033
    0.05396144
    0.05555329
   -0.12449598
    0.04043467
    0.05323060
    0.05569761
    0.05545736
    0.05230879
   -0.05738180
    0.00099283
   -0.01773347
   -0.08694020
    0.04227269
   -0.02418849
    0.13596520
    0.41475935
   -0.05352654
    0.07349181
   -0.26180886
   -0.49257437
   -0.28144589
    0.04639642
    0.04933370
    0.15647415
    0.04956722
   -0.12697098
   -0.13365213
   -0.12720276
    0.04954851
    0.05777069
    0.06191856
    0.06355977
    0.06556835
    0.06540600
    0.05734966
    0.05145949
    0.06179814
