           1           2   1.31230077929745     
           2           3   1.35187151891473     
           3           4   1.48034805221310     
           4           5   1.38459023890129     
           1           6   1.38422480264757     
           3           6  0.105779715406135     
           5           6   1.46075113375564     
           6           7  0.955323063142786     
           5           8  0.968040809491680     
           3           9  0.961941450706237     
           2          10   1.08789249748428     
          10          11   1.31106269839072     
          11          12   1.39018427809122     
          12          13   1.45481099752817     
          13          14   1.38853180076416     
          10          15   1.35425979460167     
          12          15  0.105514967493059     
          14          15   1.47769690706651     
          15          16  0.961790094891315     
          13          17  0.968906699439661     
          12          18  0.947920546491560     
           1          19  0.450508008913108     
          11          19  0.434913664869301     
          19          20  0.553340995444877     
          19          21  0.737024242943468     
          21          22   1.09422611048370     
          22          23  0.941700038930895     
          23          24  0.996679629447959     
          24          25  0.982414117822414     
          24          26  0.983532089661974     
          24          27  0.983235474513694     
          23          28  0.990078309776838     
          28          29  0.983908109968663     
          28          30  0.984033957770457     
          28          31  0.985425051652252     
          23          32  0.941145551946022     
          21          33   1.11493875083347     
          32          33  0.938294417465398     
          32          34  0.990862614608161     
          34          35  0.982698560208001     
          34          36  0.983598819995251     
          34          37  0.982685955658050     
          32          38  0.996806062112032     
          38          39  0.983183664984464     
          38          40  0.982409340665665     
          38          41  0.983586106328828     
          19          42  0.852113157715009     
          42          43   1.13020682931684     
          43          44  0.936025681500253     
          44          45  0.996354642036532     
          45          46  0.981309653300030     
          45          47  0.981407313825758     
          45          48  0.983126463209881     
          44          49  0.991103126163179     
          49          50  0.983070713734732     
          49          51  0.982625101241003     
          49          52  0.980188379989274     
          44          53  0.937955077017876     
          42          54   1.10419586118369     
          53          54  0.935197073762416     
          53          55  0.996067191613117     
          55          56  0.982384200958711     
          55          57  0.982828168226615     
          55          58  0.982976689578460     
          53          59  0.991607705639564     
          59          60  0.981428046307734     
          59          61  0.982937573475183     
          59          62  0.983205715161916     
          19          63  0.868784705899653     
          63          64   1.11516044906479     
          64          65  0.937762139004614     
          65          66  0.991087354463719     
          66          67  0.979320448819926     
          66          68  0.982164627486977     
          66          69  0.982837259796891     
          65          70  0.996371715663086     
          70          71  0.981877335859163     
          70          72  0.983254917636693     
          70          73  0.982056785150488     
          65          74  0.937881473302436     
          63          75   1.11757223986878     
          74          75  0.934383498312303     
          74          76  0.996104694235486     
          76          77  0.982640862352145     
          76          78  0.982343508131248     
          76          79  0.982234445460780     
          74          80  0.991583441159900     
          80          81  0.983131769366734     
          80          82  0.982888858757966     
          80          83  0.982990421674724     
           4          84  0.968476732780756     
          14          85  0.968656079192100     
          19          86  0.590319143941908     
          20          86  0.327588589836741     
          86          87   1.62138333624306     
          86          88   1.14246218828745     
          87          89   1.06888499879189     
          87          90  0.965551469064185     
          88          91   1.37245332537698     
          88          92   1.23725387481351     
          89          92   1.09715833553182     
          89          93   1.09071959798031     
          91          94   1.45698773467021     
          91          95  0.957825981874241     
          92          96   1.38907622338407     
          89          97  0.104714991062196     
          93          97   1.61247622783103     
          93          98   1.15116561261526     
          97          98  0.153338645325390     
          94          99   1.40660974048963     
          96          99   1.42802744523296     
          94         100  0.968753163467963     
          98         101  0.875081640657201     
          99         102  0.963769722386987     
         101         103  0.995819835511715     
         101         104  0.995727470417420     
         101         105  0.995766542820710     
         103         106  0.984682623548776     
         103         107  0.981456488909540     
         103         108  0.981698568557403     
         104         109  0.983135434033242     
         104         110  0.981903358387766     
         104         111  0.982835913573314     
         105         112  0.981588019050518     
         105         113  0.984536142036041     
         105         114  0.981756367269228     
