   -0.12206120
    0.07737951
   -0.04215034
   -0.02030496
   -0.04173333
    0.04954092
    0.05610117
    0.06034294
    0.05044910
    0.07356290
   -0.13017653
    0.04270937
   -0.04271244
   -0.02300504
   -0.04452225
    0.05015973
    0.05472663
    0.07705423
   -0.14345956
    0.09002419
    0.40557291
   -0.40172056
    0.12930441
   -0.12323567
    0.05556380
    0.04644522
    0.05330616
   -0.11100633
    0.04960965
    0.04388561
    0.02736756
    0.13087440
   -0.40487125
   -0.12320777
    0.05344468
    0.04776985
    0.05072046
   -0.12067985
    0.04645183
    0.05397898
    0.04718597
    0.40318070
   -0.37543160
    0.12815406
   -0.12890955
    0.06372131
    0.05542882
    0.05108214
   -0.12133538
    0.05065628
    0.05047288
    0.05095070
    0.12656277
   -0.38680484
   -0.12380290
    0.05090485
    0.05335095
    0.05065663
   -0.12398129
    0.04581788
    0.05346238
    0.05106717
    0.40336602
   -0.38211438
    0.12579292
   -0.13226624
    0.05782656
    0.06324828
    0.05113393
   -0.12959556
    0.06143937
    0.05204197
    0.05247305
    0.12642928
   -0.37574091
   -0.12584622
    0.05258883
    0.05421521
    0.05763099
   -0.12373914
    0.04064142
    0.05221942
    0.05604035
    0.05701199
    0.05333813
   -0.01926815
   -0.03686003
    0.01077561
    0.09613694
    0.05336338
    0.12152985
   -0.02420003
   -0.05026266
   -0.20847072
   -0.26909750
    0.05938833
    0.06494067
