           1           2   1.31744647659475     
           2           3   1.35265584590812     
           3           4   1.47897534601221     
           4           5   1.38925107072394     
           1           6   1.39250082476533     
           3           6  0.105712756057790     
           5           6   1.45526499408567     
           6           7  0.956673689606184     
           5           8  0.967922310002046     
           3           9  0.961407172384869     
           2          10   1.08666715547913     
          10          11   1.30853993317759     
          11          12   1.38700937657213     
          12          13   1.45515603359424     
          13          14   1.39003757037577     
          10          15   1.35715064408883     
          12          15  0.104830720725853     
          14          15   1.47439379097438     
          15          16  0.961291688197052     
          13          17  0.968522447474857     
          12          18  0.947283573917583     
           1          19  0.428465818770251     
          11          19  0.416199695321984     
          19          20  0.532852685417473     
          19          21  0.734875479501892     
          21          22   1.10355989768331     
          22          23  0.939260640412984     
          23          24  0.996783928144681     
          24          25  0.982349638143438     
          24          26  0.983351812308740     
          24          27  0.982968426851305     
          23          28  0.990447817082116     
          28          29  0.983823685701979     
          28          30  0.983874592400484     
          28          31  0.984873229599762     
          23          32  0.941205280092431     
          21          33   1.11045380743804     
          32          33  0.936434708828847     
          32          34  0.991228138754179     
          34          35  0.981224685767089     
          34          36  0.983400977182792     
          34          37  0.981261866677918     
          32          38  0.997345229819160     
          38          39  0.983119022305418     
          38          40  0.982505253286194     
          38          41  0.983486305303221     
          19          42  0.841992144381710     
          42          43   1.14517705700665     
          43          44  0.933191051992415     
          44          45  0.995313966252633     
          45          46  0.976456079204263     
          45          47  0.981401287328873     
          45          48  0.982394519950662     
          44          49  0.992033443431721     
          49          50  0.982846411997707     
          49          51  0.982447689186195     
          49          52  0.980105712862726     
          44          53  0.936070596953457     
          42          54   1.10145890969816     
          53          54  0.933051523702678     
          53          55  0.994594179355818     
          55          56  0.982553753165515     
          55          57  0.982760533245769     
          55          58  0.982671730437426     
          53          59  0.993269766478732     
          59          60  0.980396409358881     
          59          61  0.982403681067741     
          59          62  0.982866769234376     
          19          63  0.849374777182419     
          63          64   1.11732707285243     
          64          65  0.931810912500268     
          65          66  0.992108341796046     
          66          67  0.978247028700203     
          66          68  0.979096654598304     
          66          69  0.982819369795707     
          65          70  0.996865040719105     
          70          71  0.981969751476285     
          70          72  0.983178474884788     
          70          73  0.982305728114170     
          65          74  0.938625776128657     
          63          75   1.12596917240520     
          74          75  0.932056248044527     
          74          76  0.996453871309361     
          76          77  0.982685450290815     
          76          78  0.982366133248160     
          76          79  0.981756106131623     
          74          80  0.991473835850336     
          80          81  0.984020140939662     
          80          82  0.982981456346050     
          80          83  0.983104786924368     
           4          84  0.968303457668104     
          14          85  0.968594648142452     
          19          86  0.595098283660018     
          20          86  0.353937475927109     
          86          87   1.37419487752854     
          86          88   1.30613849948188     
          87          89   1.42098869956329     
          87          90  0.958549094839172     
          88          91   1.10150462246593     
          88          92   1.34789527496716     
          89          93   1.37676245682696     
          92          93   1.45590805243633     
          89          94  0.948998721810847     
          91          95   2.76542061814254     
          92          96  0.965555179102604     
          93          97  0.964990569739317     
