   -0.12993128
    0.08188220
   -0.03757393
   -0.02021390
   -0.04400014
    0.04642659
    0.04946691
    0.05348643
    0.04143771
    0.07372186
   -0.12633065
    0.04405591
   -0.04332534
   -0.02288123
   -0.04101240
    0.04204372
    0.05091319
    0.07219989
   -0.15316588
    0.08627682
    0.40346529
   -0.40871977
    0.13036974
   -0.11983026
    0.05267615
    0.04482189
    0.04997824
   -0.10975302
    0.04769480
    0.04204817
    0.02803727
    0.13112895
   -0.40628835
   -0.12167205
    0.05522271
    0.04490040
    0.04740930
   -0.11922960
    0.04643187
    0.05194188
    0.04506341
    0.40582719
   -0.38216654
    0.12818083
   -0.12631697
    0.05563410
    0.05680302
    0.04959674
   -0.12053174
    0.04844954
    0.04488200
    0.05148198
    0.12748616
   -0.38195661
   -0.12412480
    0.05324569
    0.05468223
    0.04862327
   -0.12392872
    0.04487557
    0.05306580
    0.05100641
    0.40332168
   -0.37857759
    0.12528062
   -0.12859422
    0.05632028
    0.05431423
    0.04889679
   -0.12966700
    0.06123559
    0.04961435
    0.05264455
    0.12811402
   -0.38529078
   -0.12347046
    0.05069281
    0.05267720
    0.05415587
   -0.12122515
    0.03985506
    0.04827488
    0.05457615
    0.04986130
    0.04783761
   -0.03135914
    0.00089339
   -0.04093581
    0.05178448
   -0.04107833
   -0.03677144
    0.04824782
   -0.11333770
   -0.08860133
   -0.04208250
    0.03263195
    0.03049263
    0.04157513
    0.18750641
   -0.01937238
    0.01477948
    0.03260654
   -0.05794732
   -0.04500212
   -0.04526812
    0.01856158
   -0.04823256
    0.02066801
    0.02378718
    0.02161762
