           1           2   1.30911378603541     
           2           3   1.34953119018476     
           3           4   1.48190042162029     
           4           5   1.38186378029216     
           1           6   1.38525272065076     
           3           6  0.105213101171869     
           5           6   1.46079820757718     
           6           7  0.957078498863848     
           5           8  0.968739887263247     
           3           9  0.962128613010114     
           2          10   1.09143712469255     
          10          11   1.30373793957644     
          11          12   1.37910594806952     
          12          13   1.46174324661801     
          13          14   1.38321024930493     
          10          15   1.35487723019915     
          12          15  0.105004028381924     
          14          15   1.47763703799308     
          15          16  0.962018431876591     
          13          17  0.968935946606185     
          12          18  0.950614715779426     
           1          19  0.423053521164107     
          11          19  0.438906179545824     
          19          20  0.544158598460848     
          19          21  0.706336196972024     
          21          22   1.09396227378332     
          22          23  0.942533341799223     
          23          24  0.996112896209070     
          24          25  0.982653201696986     
          24          26  0.983695902521803     
          24          27  0.983265560919316     
          23          28  0.990242271791463     
          28          29  0.983994451360944     
          28          30  0.983753216029279     
          28          31  0.985215199295752     
          23          32  0.940507969608653     
          21          33   1.11019126933760     
          32          33  0.938771887720531     
          32          34  0.991003707080858     
          34          35  0.979121617879570     
          34          36  0.983539955525338     
          34          37  0.981807522034041     
          32          38  0.996892906591494     
          38          39  0.983149092412710     
          38          40  0.982829420074255     
          38          41  0.983742090112640     
          19          42  0.852411709446032     
          42          43   1.11464176347944     
          43          44  0.936131586864719     
          44          45  0.996487596425275     
          45          46  0.982110667604293     
          45          47  0.981510042961222     
          45          48  0.983140388975955     
          44          49  0.991072945478236     
          49          50  0.983362084159116     
          49          51  0.982607065829073     
          49          52  0.979312020710556     
          44          53  0.938007925543269     
          42          54   1.11478347806220     
          53          54  0.934138710550039     
          53          55  0.996277527099033     
          55          56  0.982355759044146     
          55          57  0.982678543130018     
          55          58  0.983059564983572     
          53          59  0.991849161747903     
          59          60  0.981580607235722     
          59          61  0.982888806216285     
          59          62  0.982915653718641     
          19          63  0.854707402000701     
          63          64   1.10486035338693     
          64          65  0.939323651756094     
          65          66  0.990967174100090     
          66          67  0.979178744412631     
          66          68  0.982500510506619     
          66          69  0.983189884619058     
          65          70  0.996129287850805     
          70          71  0.981915467701996     
          70          72  0.983567748882479     
          70          73  0.982279177511014     
          65          74  0.938749749259230     
          63          75   1.11544859821976     
          74          75  0.934615590115976     
          74          76  0.996637836490826     
          76          77  0.982627619089216     
          76          78  0.981991356111704     
          76          79  0.982080028790446     
          74          80  0.991178877460630     
          80          81  0.983529823963703     
          80          82  0.983304983526732     
          80          83  0.983211598749475     
           4          84  0.969119824930138     
          14          85  0.969188304347049     
          19          86  0.591725893896229     
          20          86  0.340820403859241     
          86          87   1.34392522616060     
          86          88   1.37647639700428     
          87          89   1.05310732455008     
          87          90   1.36407025944327     
          88          90  0.104937388700467     
          88          91   1.45496671520169     
          88          92  0.960302131618477     
          89          93   1.17862821848904     
          89          94   1.52480574260305     
          90          95   1.46212405865927     
          91          95   1.40755979209624     
          90          96  0.967200160664076     
          91          97  0.969419718811635     
          93          98   1.18563209392833     
          93          99  0.930167626273652     
          94         100   1.24710869752579     
          98         100   1.22986875192736     
          94         101  0.973688528835111     
          95         102  0.969820428595576     
          98         103   1.34217794467924     
         100         104   1.32481299271292     
         103         104  0.108379076529479     
         103         105   1.48572197098645     
         103         106  0.968558371828098     
         104         107   1.50300389314751     
         105         107   1.37065543993863     
         104         108  0.970105486423720     
         105         109  0.972305801747356     
         107         110  0.971980647741669     
