   -0.13129287
    0.07628501
   -0.04175722
   -0.02198295
   -0.04471702
    0.04713987
    0.05286987
    0.05551841
    0.04763019
    0.07121304
   -0.13220367
    0.03963046
   -0.04635499
   -0.02764837
   -0.04413976
    0.04436936
    0.04689834
    0.07836634
   -0.16244505
    0.09616173
    0.40672086
   -0.40809087
    0.12998969
   -0.12005912
    0.05155176
    0.04400259
    0.05169544
   -0.10914248
    0.04684022
    0.04217203
    0.02672496
    0.13106759
   -0.40793436
   -0.12113957
    0.05348248
    0.04496736
    0.04814399
   -0.11879632
    0.04463300
    0.05260624
    0.04505414
    0.40433341
   -0.38478812
    0.12900134
   -0.12495432
    0.05500414
    0.05487214
    0.04909112
   -0.12086571
    0.04790204
    0.04550235
    0.05139944
    0.12750657
   -0.37864787
   -0.12430262
    0.05348506
    0.05468856
    0.04795815
   -0.12335188
    0.04643183
    0.05140503
    0.05154132
    0.40807836
   -0.37687621
    0.12518947
   -0.13005241
    0.05759463
    0.05476316
    0.05015808
   -0.12984688
    0.06169897
    0.05055922
    0.05306333
    0.12800394
   -0.38154948
   -0.12329260
    0.05102373
    0.05316285
    0.05440315
   -0.12073728
    0.04073051
    0.04684586
    0.05483569
    0.05316876
    0.04458613
   -0.02660315
   -0.00753907
   -0.07913966
   -0.01677421
   -0.03637090
   -0.07376053
    0.01451968
    0.09539746
    0.07801442
    0.07602461
    0.01916856
    0.01228152
   -0.26227882
   -0.04486161
    0.05483943
   -0.01602987
    0.05199527
   -0.04914406
    0.04167077
    0.04621084
    0.04562601
