           1           2   1.30365310176011     
           2           3   1.34549495878893     
           3           4   1.48599835690631     
           4           5   1.37798235111707     
           1           6   1.38527210195131     
           3           6  0.105729085558316     
           5           6   1.46350702126594     
           6           7  0.957319713736149     
           5           8  0.968510726360533     
           3           9  0.962087917982545     
           2          10   1.09677655377630     
          10          11   1.29473896221770     
          11          12   1.37206207759581     
          12          13   1.46622613628494     
          13          14   1.37705801986248     
          10          15   1.35188163075071     
          12          15  0.104745176186030     
          14          15   1.47931341436282     
          15          16  0.962177219617161     
          13          17  0.969232494536230     
          12          18  0.946430633330522     
           1          19  0.434459881248024     
          11          19  0.437799606547908     
          19          20  0.565848604629671     
          19          21  0.700480017728726     
          21          22   1.09424381682963     
          22          23  0.943044109431384     
          23          24  0.996025589236770     
          24          25  0.982588220293238     
          24          26  0.983688004012819     
          24          27  0.983075119938877     
          23          28  0.990289598281146     
          28          29  0.984031164241841     
          28          30  0.983950796212397     
          28          31  0.983805566821621     
          23          32  0.940028067048589     
          21          33   1.10685157590248     
          32          33  0.939314529163494     
          32          34  0.991203517986268     
          34          35  0.980064295255179     
          34          36  0.983438874131209     
          34          37  0.981753958218975     
          32          38  0.996731936005354     
          38          39  0.983090874843901     
          38          40  0.982892837565591     
          38          41  0.983807747073856     
          19          42  0.865397966780438     
          42          43   1.11188939987704     
          43          44  0.936332396599730     
          44          45  0.996774856078332     
          45          46  0.982344150996810     
          45          47  0.981851705371684     
          45          48  0.983172936003776     
          44          49  0.990506812553942     
          49          50  0.983544109165906     
          49          51  0.982149943077266     
          49          52  0.979563138655911     
          44          53  0.939213811966056     
          42          54   1.11176329774180     
          53          54  0.933952831847177     
          53          55  0.996171280242177     
          55          56  0.982523496582559     
          55          57  0.982798019213512     
          55          58  0.983170364220306     
          53          59  0.991704632759200     
          59          60  0.982556925862254     
          59          61  0.983093756778339     
          59          62  0.982913299963320     
          19          63  0.850116261864387     
          63          64   1.11066550417894     
          64          65  0.936829823146216     
          65          66  0.991050725644911     
          66          67  0.979052551043176     
          66          68  0.982470896870291     
          66          69  0.983157200192168     
          65          70  0.996523538604730     
          70          71  0.981892681146421     
          70          72  0.983436509814429     
          70          73  0.982274626705385     
          65          74  0.938798783895637     
          63          75   1.11629688769581     
          74          75  0.934873969974136     
          74          76  0.996575389924996     
          76          77  0.982831842249431     
          76          78  0.982055448662003     
          76          79  0.981313025779321     
          74          80  0.990791027206527     
          80          81  0.984186940745227     
          80          82  0.983111468649258     
          80          83  0.983290399820623     
           4          84  0.968739049129625     
          14          85  0.969442096822122     
          19          86  0.604813698221469     
          20          86  0.321439222855837     
          86          87   1.19944874437771     
          86          88   1.47636666331402     
          87          89   1.00557825368985     
          86          90  0.120996465298502     
          87          90   1.19702960964138     
          88          91   1.33481195706846     
          90          91   1.53793196381023     
          88          92  0.967644628231524     
          89          93  0.991709769033255     
          89          94  0.940033319237480     
          89          95  0.948073804203182     
          90          96  0.969511297044857     
          91          97  0.974302166993334     
          93          98   1.40510666172228     
          93          99   1.39696644335212     
          98         100   1.43846616678176     
          99         100  0.114191920481315     
          98         101  0.100832673335660     
          99         101   1.44767195313107     
          99         102  0.964372386557480     
          93         103  0.109061814800648     
         100         103   1.42799190420582     
         101         103   1.43588418080282     
         100         104  0.963192277938916     
         101         105  0.969046358926085     
         103         106  0.969574264217525     
