           1           2   1.38091399789479     
           2           3   1.26583550964134     
           3           4   1.16817132921586     
           4           5   1.62527294264496     
           2           6   1.05012330206915     
           4           6  0.106184517270834     
           5           6   1.08869494943048     
           5           7   1.03656941613613     
           1           8  0.113431661064257     
           3           8   1.36975176194515     
           8           9   1.38621785116939     
           9          10   1.06475042469656     
          10          11  0.974957796143378     
           1          12   1.45633706929659     
           9          12   1.34269717020130     
           1          13  0.965823994278504     
           7          14  0.977463544156394     
           7          15  0.957837975582863     
           7          16  0.957878972612851     
           8          17  0.964061055883086     
          11          18  0.977346501507910     
          11          19  0.976428311346011     
          11          20  0.976425282257557     
          12          21  0.963954300958025     
