   -0.11993988
    0.07482446
   -0.04394675
   -0.02407812
   -0.04527332
    0.04721769
    0.05124725
    0.05269266
    0.04410838
    0.07044529
   -0.12160487
    0.04145976
   -0.04647542
   -0.02637150
   -0.04634936
    0.04285343
    0.04888057
    0.07618402
   -0.16851474
    0.10434888
    0.40065646
   -0.40963845
    0.12994183
   -0.12036611
    0.05215006
    0.04360560
    0.05022542
   -0.10883572
    0.04617785
    0.04102494
    0.02795083
    0.13067109
   -0.40498278
   -0.11995085
    0.05131382
    0.04423842
    0.04778197
   -0.11950075
    0.04677322
    0.05212890
    0.04397693
    0.40006349
   -0.38664768
    0.12849499
   -0.12565527
    0.05476754
    0.05508347
    0.04858087
   -0.12093176
    0.04750665
    0.04463261
    0.05171494
    0.12723943
   -0.38156479
   -0.12439014
    0.05392869
    0.05395399
    0.04712913
   -0.12283597
    0.04457120
    0.05109043
    0.05017796
    0.40058000
   -0.38039903
    0.12492760
   -0.13029532
    0.05781961
    0.05377551
    0.04923318
   -0.12913774
    0.06035007
    0.04958262
    0.05190445
    0.12741598
   -0.38233981
   -0.12349505
    0.04982337
    0.05318460
    0.05391058
   -0.12096591
    0.03986764
    0.04726350
    0.05369807
    0.04947544
    0.04637695
   -0.05785837
   -0.07060066
   -0.04633701
   -0.05732044
    0.01752810
    0.13589277
    0.04615362
    0.03381412
   -0.33054811
    0.55108595
   -0.21717327
   -0.21801082
   -0.21752707
    0.03969222
    0.04679558
    0.04377751
    0.04132302
    0.04614365
    0.04746566
    0.04762442
    0.04735378
    0.03420814
