           1           2   1.30507772815341     
           2           3   1.34617830612572     
           3           4   1.48618411995939     
           4           5   1.37667409378785     
           1           6   1.38587286789038     
           3           6  0.105949553414814     
           5           6   1.46381252710860     
           6           7  0.957150941001386     
           5           8  0.968834654200831     
           3           9  0.961994854806252     
           2          10   1.09578115260541     
          10          11   1.29968917748072     
          11          12   1.38495436174975     
          12          13   1.45937872452486     
          13          14   1.38107768919829     
          10          15   1.35087113515895     
          12          15  0.105102500463787     
          14          15   1.48057946348673     
          15          16  0.962003300481680     
          13          17  0.969212498028608     
          12          18  0.948287012825400     
           1          19  0.454781029846809     
          11          19  0.446031192974373     
          19          20  0.536070884903654     
          19          21  0.733416867987459     
          21          22   1.08690894670177     
          22          23  0.944663699163367     
          23          24  0.996158937070758     
          24          25  0.982869716285486     
          24          26  0.983820258529117     
          24          27  0.983360799333725     
          23          28  0.989769448210783     
          28          29  0.984285333168128     
          28          30  0.984152360573804     
          28          31  0.985319220122018     
          23          32  0.940865068334227     
          21          33   1.10716644510326     
          32          33  0.941369144013111     
          32          34  0.990542652488423     
          34          35  0.981133906472780     
          34          36  0.983837125359014     
          34          37  0.982358924828388     
          32          38  0.996641034683549     
          38          39  0.983174854293213     
          38          40  0.983043051184980     
          38          41  0.983958579158807     
          19          42  0.871047983245747     
          42          43   1.10679142413876     
          43          44  0.938350385926127     
          44          45  0.996670693966117     
          45          46  0.982375751161837     
          45          47  0.982045050178782     
          45          48  0.983358217956392     
          44          49  0.990426335017576     
          49          50  0.983611956292711     
          49          51  0.982009666347917     
          49          52  0.980087022206103     
          44          53  0.939000892668441     
          42          54   1.10756149431722     
          53          54  0.937077167662686     
          53          55  0.995939014373602     
          55          56  0.982484699630457     
          55          57  0.982885561573639     
          55          58  0.983386880516665     
          53          59  0.991144869435258     
          59          60  0.983060240160277     
          59          61  0.983315823670604     
          59          62  0.983128365672060     
          19          63  0.872129245163266     
          63          64   1.10423517275029     
          64          65  0.939798916122961     
          65          66  0.990814138111815     
          66          67  0.979135938014090     
          66          68  0.982640065733372     
          66          69  0.983295970054847     
          65          70  0.996284755870857     
          70          71  0.982078062048623     
          70          72  0.983626860318334     
          70          73  0.982407201684356     
          65          74  0.938181659807734     
          63          75   1.11346573406881     
          74          75  0.937740473761206     
          74          76  0.996012158108504     
          76          77  0.983145230202798     
          76          78  0.982332476952531     
          76          79  0.981123135229508     
          74          80  0.990619157829981     
          80          81  0.984177339641199     
          80          82  0.983360718947118     
          80          83  0.983458275873133     
           4          84  0.969172980080761     
          14          85  0.969302635011070     
          19          86  0.578522077247778     
          20          86  0.350177335844302     
          86          87   1.30799648384511     
          86          88   1.46920468188901     
          87          89   1.50553065771883     
          88          89  0.132267206835827     
          87          90  0.971154303861589     
          88          91   1.21662423518980     
          89          91   1.22023492345417     
          88          92  0.965026852695290     
          89          93  0.968273025524625     
          91          94  0.982739233064518     
          94          95   1.00963281324849     
          95          96  0.896391537105173     
          95          97  0.900065098675577     
          95          98  0.883245143834839     
          96          99  0.983892848412289     
          96         100  0.982721841628566     
          96         101  0.989251036171963     
          97         102  0.983908432485103     
          97         103  0.989094095956702     
          97         104  0.982511757137180     
          98         105  0.985840628821062     
          98         106  0.986231202074258     
          98         107  0.995603465381152     
