   -0.11805516
    0.08236884
   -0.04093661
   -0.01985185
   -0.04134536
    0.04980349
    0.05616559
    0.06270794
    0.05101684
    0.07920754
   -0.12883111
    0.04263150
   -0.04269759
   -0.02126125
   -0.04203575
    0.05235290
    0.05915478
    0.07422045
   -0.15010741
    0.09863015
    0.40781183
   -0.40506825
    0.13006715
   -0.12350743
    0.05590116
    0.04839237
    0.05238656
   -0.11212014
    0.05144620
    0.04308191
    0.02934118
    0.13041023
   -0.39727940
   -0.12332014
    0.05288851
    0.04975118
    0.05152118
   -0.12163727
    0.04861873
    0.05510810
    0.04839943
    0.40063671
   -0.37664406
    0.12713708
   -0.12883368
    0.05457656
    0.06000027
    0.05252382
   -0.12434846
    0.05094277
    0.04774074
    0.05534101
    0.12679133
   -0.38243998
   -0.12543905
    0.05510599
    0.05473994
    0.05130314
   -0.12497033
    0.04298772
    0.05653375
    0.05182178
    0.40021389
   -0.37495091
    0.12462046
   -0.13118765
    0.05836059
    0.05638471
    0.05230314
   -0.13123357
    0.06191248
    0.05283622
    0.05302827
    0.12648389
   -0.37853996
   -0.12616638
    0.05323579
    0.05510801
    0.05645220
   -0.12451436
    0.04021849
    0.05301304
    0.05689344
    0.05939919
    0.05856284
   -0.03437941
   -0.04005127
   -0.03387195
   -0.03971462
    0.48890041
   -0.03543658
    0.08353434
    0.07566903
    0.05975115
   -0.23079129
   -0.23420174
   -0.20776565
    0.07265827
   -0.17757258
