           1           2   1.32328068352058     
           2           3   1.35611862204641     
           3           4   1.47516935238702     
           4           5   1.39589135618640     
           1           6   1.39862050313872     
           3           6  0.105621682817025     
           5           6   1.44985435222033     
           6           7  0.956281423205640     
           5           8  0.967634039711569     
           3           9  0.961136265545169     
           2          10   1.08171619376397     
          10          11   1.31243030033770     
          11          12   1.38804939981612     
          12          13   1.45269484409184     
          13          14   1.39440414435880     
          10          15   1.36144258912985     
          12          15  0.104598312207932     
          14          15   1.47146181120420     
          15          16  0.960791343682406     
          13          17  0.967956653403009     
          12          18  0.949381876033547     
           1          19  0.412165559335584     
          11          19  0.433486774380517     
          19          20  0.534877695716467     
          19          21  0.727901248696256     
          21          22   1.10078487464894     
          22          23  0.938134966149990     
          23          24  0.996895144337379     
          24          25  0.982283066718776     
          24          26  0.983202347154995     
          24          27  0.982991802369632     
          23          28  0.990491855828557     
          28          29  0.983510032887210     
          28          30  0.983684610467222     
          28          31  0.985212745994519     
          23          32  0.941145759364827     
          21          33   1.12319884411223     
          32          33  0.934104751213648     
          32          34  0.991378926469237     
          34          35  0.981237982993116     
          34          36  0.983147680886667     
          34          37  0.981702665763329     
          32          38  0.997289671560440     
          38          39  0.982904155307818     
          38          40  0.982075906730387     
          38          41  0.983190817496188     
          19          42  0.837559522856206     
          42          43   1.12911927689660     
          43          44  0.933162435676695     
          44          45  0.996488753239949     
          45          46  0.981931203187903     
          45          47  0.981030627874063     
          45          48  0.982771865697435     
          44          49  0.991661566464788     
          49          50  0.982811563610022     
          49          51  0.982413705490908     
          49          52  0.978125074124591     
          44          53  0.937387915399875     
          42          54   1.11811845929551     
          53          54  0.930827048895892     
          53          55  0.996355490617752     
          55          56  0.981897920119091     
          55          57  0.982540563605003     
          55          58  0.982552263818382     
          53          59  0.992658726900367     
          59          60  0.982019309439245     
          59          61  0.982377443642332     
          59          62  0.982762035569701     
          19          63  0.847591602359866     
          63          64   1.11858986970850     
          64          65  0.935273531744898     
          65          66  0.991479674337742     
          66          67  0.978807773896415     
          66          68  0.982207834629896     
          66          69  0.982705005403286     
          65          70  0.996508058044336     
          70          71  0.981704087024637     
          70          72  0.983065167826734     
          70          73  0.982045828294800     
          65          74  0.938146771477141     
          63          75   1.12611154999736     
          74          75  0.931440552888546     
          74          76  0.996552025907616     
          76          77  0.982337421851269     
          76          78  0.981850552074538     
          76          79  0.981952823650357     
          74          80  0.991965446031435     
          80          81  0.983082552299442     
          80          82  0.982809515586361     
          80          83  0.982760718204418     
           4          84  0.967987663614691     
          14          85  0.967988512195467     
          19          86  0.605066050991022     
          20          86  0.347204431834748     
          86          87   1.36045988008064     
          86          88   1.33498554645095     
          87          89   1.37234576707316     
          88          89  0.107460365274986     
          87          90  0.952800248177918     
          88          91   1.48421143547951     
          88          92  0.950692793516771     
          89          93   1.44284561190582     
          91          93   1.36188177968987     
          89          94  0.964658469287765     
          90          95  0.927448073911110     
          90          96  0.921303946289466     
          90          97  0.950443815273814     
          91          98  0.963669695753425     
          93          99  0.969325354883568     
