   -0.12810557
    0.07438769
   -0.04580092
   -0.02286279
   -0.04568635
    0.04388486
    0.06811173
    0.05251964
    0.04168060
    0.07116209
   -0.13743088
    0.04259781
   -0.04578639
   -0.02584170
   -0.04680985
    0.04024606
    0.04627399
    0.07693964
   -0.15080108
    0.09359903
    0.40173546
   -0.41123878
    0.13040104
   -0.12137051
    0.05341580
    0.04382101
    0.05110814
   -0.10735662
    0.04549759
    0.04015214
    0.02564532
    0.13082495
   -0.40563616
   -0.12003692
    0.04781614
    0.04604624
    0.05029665
   -0.11889854
    0.04450660
    0.05308597
    0.04448417
    0.39773824
   -0.37949077
    0.12747553
   -0.12765872
    0.05484229
    0.05918205
    0.04823908
   -0.12396561
    0.04686718
    0.05251446
    0.05068306
    0.12781180
   -0.38118239
   -0.12325411
    0.05273769
    0.05237403
    0.04733060
   -0.12136809
    0.04421769
    0.05071615
    0.04872187
    0.39787622
   -0.38289576
    0.12398622
   -0.13321029
    0.05134781
    0.05776982
    0.05571420
   -0.12800678
    0.06001878
    0.05039507
    0.04930849
    0.12685902
   -0.37088004
   -0.12860002
    0.05273735
    0.05602896
    0.05824902
   -0.11943929
    0.04162141
    0.04485584
    0.05432059
    0.04786493
    0.04374249
   -0.04009159
   -0.03943716
    0.02494517
   -0.05001432
    0.01522763
   -0.01322510
   -0.01948499
   -0.05104698
    0.00873199
   -0.08420201
   -0.01564917
   -0.08770444
    0.01797008
    0.08617946
    0.07327959
    0.07486859
    0.03586819
    0.02301166
