           1           2   1.31574003017465     
           2           3   1.34500357345405     
           3           4   1.48546425239645     
           4           5   1.38230644705222     
           1           6   1.39364391392136     
           3           6  0.106765524775523     
           5           6   1.45806032003682     
           6           7  0.952367227849935     
           5           8  0.968892469190120     
           3           9  0.962720595520323     
           2          10   1.09255490047691     
          10          11   1.30586577998365     
          11          12   1.38759894669879     
          12          13   1.45839349844667     
          13          14   1.38302745925178     
          10          15   1.35039538038253     
          12          15  0.105779369972633     
          14          15   1.47924245721814     
          15          16  0.962716204468724     
          13          17  0.969469910360724     
          12          18  0.946409018519599     
           1          19  0.420965982051062     
          11          19  0.392863523359690     
          19          20  0.515713284169528     
          19          21  0.725890280425990     
          21          22   1.08474339985949     
          22          23  0.944133802968299     
          23          24  0.996354754968449     
          24          25  0.981887770560961     
          24          26  0.983773747479453     
          24          27  0.983164441029160     
          23          28  0.989849897533048     
          28          29  0.984174140736575     
          28          30  0.984198595809488     
          28          31  0.984080963436691     
          23          32  0.940681236638088     
          21          33   1.10682146552693     
          32          33  0.941286668682743     
          32          34  0.990689072080911     
          34          35  0.981123290323660     
          34          36  0.983639650920634     
          34          37  0.981732603003142     
          32          38  0.996655193384013     
          38          39  0.983194628413605     
          38          40  0.982860338326975     
          38          41  0.983876050018379     
          19          42  0.879463048268193     
          42          43   1.11259676342184     
          43          44  0.937809918745069     
          44          45  0.996510916711299     
          45          46  0.982053382928694     
          45          47  0.982315686947304     
          45          48  0.983614319371932     
          44          49  0.990622023875107     
          49          50  0.983758348021329     
          49          51  0.982741297441472     
          49          52  0.980007353322559     
          44          53  0.939083723086146     
          42          54   1.10835562464131     
          53          54  0.935160414794298     
          53          55  0.996021615996474     
          55          56  0.982558011615643     
          55          57  0.983075822126001     
          55          58  0.983336621678299     
          53          59  0.991578852368749     
          59          60  0.981389811741418     
          59          61  0.983247419682855     
          59          62  0.983061565053083     
          19          63  0.901303692240425     
          63          64   1.08980433255411     
          64          65  0.940223218181663     
          65          66  0.991903382861613     
          66          67  0.981567000474844     
          66          68  0.982030198095410     
          66          69  0.982543207056027     
          65          70  0.995315904263386     
          70          71  0.981959410264315     
          70          72  0.983027616188500     
          70          73  0.982135803495710     
          65          74  0.936486022107154     
          63          75   1.12569451275197     
          74          75  0.939791210226504     
          74          76  0.995768796485868     
          76          77  0.983046567543325     
          76          78  0.982315564825954     
          76          79  0.981419344161228     
          74          80  0.989822773585497     
          80          81  0.983954499073903     
          80          82  0.980398101671977     
          80          83  0.982598916533334     
           4          84  0.969160999903623     
          14          85  0.969435367227583     
          19          86  0.563264139882483     
          20          86  0.367528397742204     
          86          87   1.43994635912021     
          86          88   1.29478311320932     
          87          89   1.35813727185225     
          87          90  0.961254246729487     
          88          91   1.17643154027825     
          88          92   1.22996782587514     
          86          93  0.101781035519212     
          89          93   1.50371904568630     
          92          93   1.31751740456519     
          89          94  0.970604361645351     
          91          95   1.00122026737619     
          91          96   1.21289576585626     
          92          97   1.23886697619528     
          96          97   1.57896161473920     
          93          98  0.968971737525615     
          95          99  0.951468177771689     
          95         100  0.968788529751753     
          95         101  0.977428497369341     
          96         102  0.967280860150764     
          97         103  0.973324185816785     
