   -0.12530613
    0.07415640
   -0.04460732
   -0.02301607
   -0.04519033
    0.04753069
    0.05334374
    0.05483399
    0.04576608
    0.07011975
   -0.13437575
    0.04093607
   -0.04625416
   -0.02663621
   -0.04546316
    0.04339841
    0.04800611
    0.07434918
   -0.15453522
    0.08917696
    0.40627200
   -0.40730617
    0.12997891
   -0.12125824
    0.05326076
    0.04472401
    0.05151756
   -0.10854925
    0.04713875
    0.04134618
    0.02688498
    0.13084023
   -0.40431235
   -0.12101599
    0.05107501
    0.04608887
    0.05027720
   -0.11970518
    0.04595519
    0.05357154
    0.04535706
    0.40587044
   -0.37591119
    0.12806167
   -0.12509884
    0.05700482
    0.05663361
    0.04750862
   -0.12240454
    0.04831956
    0.04783929
    0.05231703
    0.12809300
   -0.38416074
   -0.12368365
    0.05433422
    0.05285308
    0.04852089
   -0.11590538
    0.04259839
    0.04743390
    0.04441940
    0.40555637
   -0.37214014
    0.12467952
   -0.13103076
    0.06069043
    0.05457832
    0.05124230
   -0.12927341
    0.06149676
    0.05108176
    0.05199161
    0.12673349
   -0.37759557
   -0.12474503
    0.05116594
    0.05334920
    0.05667075
   -0.12164338
    0.04042517
    0.04813009
    0.05483771
    0.05164613
    0.04662740
    0.05983140
   -0.04276567
   -0.24770822
   -0.02431498
    0.02541389
    0.09775132
   -0.06158569
    0.03134438
   -0.08141124
    0.03362281
    0.01850856
    0.06652696
    0.05555857
   -0.04068634
   -0.03946060
   -0.03473700
    0.02977096
   -0.03427569
    0.03761362
   -0.03829149
    0.03209666
    0.03699948
    0.03270596
