           1           2   1.30683500470024     
           2           3   1.34139428149306     
           3           4   1.48996961250434     
           4           5   1.37526574054024     
           1           6   1.38656283422197     
           3           6  0.106462604881613     
           5           6   1.46424323062440     
           6           7  0.956730099901632     
           5           8  0.968589314812660     
           3           9  0.962200207849885     
           2          10   1.09915669202346     
          10          11   1.29299846438586     
          11          12   1.37657636407838     
          12          13   1.46646666603904     
          13          14   1.37459553740513     
          10          15   1.34892410599836     
          12          15  0.105108431421387     
          14          15   1.48295620855429     
          15          16  0.962187981816432     
          13          17  0.969240098398642     
          12          18  0.947196316056290     
           1          19  0.447329482699993     
          11          19  0.430905419029843     
          19          20  0.535458784033838     
          19          21  0.705548094394286     
          21          22   1.09334393893310     
          22          23  0.942118967597562     
          23          24  0.996425832180901     
          24          25  0.982667796150330     
          24          26  0.983642855101764     
          24          27  0.983160931616233     
          23          28  0.990063237427443     
          28          29  0.984045676809924     
          28          30  0.984031725111543     
          28          31  0.984679351474780     
          23          32  0.940861635240829     
          21          33   1.11015442640707     
          32          33  0.938719034298536     
          32          34  0.990938198340727     
          34          35  0.981649865289750     
          34          36  0.983601026597610     
          34          37  0.981863244558205     
          32          38  0.996884976233221     
          38          39  0.983117282862718     
          38          40  0.982774284237870     
          38          41  0.983750292343614     
          19          42  0.852132593045005     
          42          43   1.12756849839833     
          43          44  0.935852451852439     
          44          45  0.996821169339544     
          45          46  0.979338647076133     
          45          47  0.982030228286118     
          45          48  0.983334832302697     
          44          49  0.990519925505970     
          49          50  0.983564577510352     
          49          51  0.982377369594069     
          49          52  0.979422340742742     
          44          53  0.939256927391354     
          42          54   1.10224358984238     
          53          54  0.934227373535869     
          53          55  0.996173268200616     
          55          56  0.982479895158993     
          55          57  0.982991782540634     
          55          58  0.983257534897357     
          53          59  0.991890319928116     
          59          60  0.980817382175915     
          59          61  0.982807674567299     
          59          62  0.983407477503432     
          19          63  0.865504005067478     
          63          64   1.12159746988800     
          64          65  0.935945923076432     
          65          66  0.991204160206858     
          66          67  0.979024751628578     
          66          68  0.982456528514752     
          66          69  0.983001183044511     
          65          70  0.996826206120904     
          70          71  0.981901471412691     
          70          72  0.983329898634819     
          70          73  0.982355200178251     
          65          74  0.937879860801587     
          63          75   1.11787270743153     
          74          75  0.935476216553518     
          74          76  0.995821568930432     
          76          77  0.982993972467644     
          76          78  0.982238145170426     
          76          79  0.981296478070595     
          74          80  0.990984296489481     
          80          81  0.984225371710847     
          80          82  0.983233325304881     
          80          83  0.983304941509080     
           4          84  0.968876238678806     
          14          85  0.969277698960317     
          19          86  0.601355484261929     
          20          86  0.330999439309467     
          86          87   1.34731246587289     
          86          88   1.40404337846550     
          87          89   1.45179029579374     
          87          90  0.962471059583602     
          87          91  0.107846741857153     
          88          91   1.40600825451624     
          89          92   1.42931250729324     
          91          92   1.39115900017873     
          89          93  0.967788522699208     
          91          94  0.989991926537221     
          92          95  0.967274049170981     
          94          96  0.994940545945288     
          94          97  0.966707691813803     
          94          98  0.959216032629733     
          96          99   1.40856837879931     
          96         100   1.41127491478761     
          99         101   1.44889626294609     
         100         101  0.110178872971859     
          99         102  0.968821177773718     
          99         103  0.111172440439368     
         100         103   1.44139491016829     
         100         104  0.967695210656320     
          96         105  0.109226842926395     
         101         105   1.43491403193393     
         103         105   1.43999346433512     
         101         106  0.971020095739937     
         103         107  0.970279665549332     
         105         108  0.971277699522595     
