           1           2   1.47151327301489     
           2           3   1.36908778372899     
           3           4  0.997054283962634     
           3           5   1.40877684228042     
           2           6  0.103385793272143     
           5           6   1.44725061211648     
           1           7   1.36239421419858     
           6           7   1.35706540204431     
           7           8   1.07200477269638     
           8           9   2.82230715251928     
           2          10  0.956134584593824     
           5          11  0.961192977213270     
           6          12  0.963407456067681     
