   -0.12311301
    0.07514020
   -0.04368513
   -0.02380115
   -0.04524765
    0.04777371
    0.04986682
    0.05228446
    0.04325163
    0.07170625
   -0.12588146
    0.04202468
   -0.04616849
   -0.02557815
   -0.04568074
    0.04173349
    0.04796922
    0.07468083
   -0.15955396
    0.08483238
    0.40237861
   -0.41194546
    0.13063697
   -0.12035202
    0.05252125
    0.04381372
    0.04991388
   -0.10759704
    0.04603463
    0.04001831
    0.02745079
    0.13089044
   -0.40444772
   -0.11882533
    0.04819848
    0.04521699
    0.04905966
   -0.11897918
    0.04672456
    0.05237438
    0.04400341
    0.40356665
   -0.38548796
    0.12857374
   -0.12444066
    0.05144536
    0.05672361
    0.04969196
   -0.12121684
    0.04790918
    0.04433963
    0.05199734
    0.12789007
   -0.38341109
   -0.12387464
    0.05315615
    0.05383035
    0.04774591
   -0.12248798
    0.04339788
    0.05226015
    0.05013400
    0.40096726
   -0.37735594
    0.12501912
   -0.13002915
    0.05848749
    0.05444202
    0.04925036
   -0.12890075
    0.06057699
    0.04988067
    0.05135244
    0.12693270
   -0.38348327
   -0.12330806
    0.05001914
    0.05220480
    0.05402741
   -0.12151058
    0.03945924
    0.04881058
    0.05359486
    0.04916023
    0.04597382
   -0.02361324
   -0.04024535
   -0.06161692
   -0.04746838
    0.01384165
    0.03049230
    0.03909951
   -0.02479882
    0.01668762
   -0.02143451
   -0.08415063
   -0.06173758
   -0.01555693
    0.01991862
    0.06169783
    0.06424004
    0.07195832
    0.03572902
