           1           2   1.30392323778341     
           2           3   1.34422060614952     
           3           4   1.48813589094212     
           4           5   1.37482996474336     
           1           6   1.38428176583125     
           3           6  0.106056704775418     
           5           6   1.46547800919035     
           6           7  0.957063738067276     
           5           8  0.968874449184057     
           3           9  0.961946513584922     
           2          10   1.09815437543762     
          10          11   1.29799170813452     
          11          12   1.38317959041388     
          12          13   1.46157956535787     
          13          14   1.37843597292322     
          10          15   1.34835116023655     
          12          15  0.105372391208015     
          14          15   1.48320815171231     
          15          16  0.961942795734034     
          13          17  0.969285082257555     
          12          18  0.947969755496363     
           1          19  0.452639415713522     
          11          19  0.438070641976789     
          19          20  0.530955457286223     
          19          21  0.713621607881679     
          21          22   1.08678073442282     
          22          23  0.944155244690215     
          23          24  0.996366971501796     
          24          25  0.982861516052561     
          24          26  0.983731642272547     
          24          27  0.983402743086540     
          23          28  0.989763139567601     
          28          29  0.984188639075297     
          28          30  0.984107733609100     
          28          31  0.985236019934043     
          23          32  0.941080683624117     
          21          33   1.10781871465170     
          32          33  0.940929756462934     
          32          34  0.990607380225497     
          34          35  0.982682065611682     
          34          36  0.983852201631922     
          34          37  0.982460231186009     
          32          38  0.996550464328505     
          38          39  0.983209057867350     
          38          40  0.982905684298476     
          38          41  0.983881785821928     
          19          42  0.863571745893780     
          42          43   1.10841193077328     
          43          44  0.937594949687734     
          44          45  0.996640357815857     
          45          46  0.981665444089649     
          45          47  0.981745882600339     
          45          48  0.983202266220468     
          44          49  0.990724042316222     
          49          50  0.983548480712099     
          49          51  0.982614001389370     
          49          52  0.979743155175871     
          44          53  0.939087860443854     
          42          54   1.10627739013403     
          53          54  0.936102795800363     
          53          55  0.996352679257888     
          55          56  0.982527455161158     
          55          57  0.982837185397431     
          55          58  0.983300888216066     
          53          59  0.991022868848532     
          59          60  0.980559026668959     
          59          61  0.983181774809705     
          59          62  0.983063075693413     
          19          63  0.876210158142806     
          63          64   1.11156832891523     
          64          65  0.939337457469364     
          65          66  0.991083923447522     
          66          67  0.978787432373013     
          66          68  0.982578603932888     
          66          69  0.983152534892135     
          65          70  0.996321598693084     
          70          71  0.981991544314618     
          70          72  0.983500486184907     
          70          73  0.982349626044981     
          65          74  0.937533564180784     
          63          75   1.11138315873801     
          74          75  0.937835152599726     
          74          76  0.995604649387677     
          76          77  0.983075149956855     
          76          78  0.982447221030258     
          76          79  0.981783655339539     
          74          80  0.990940941226425     
          80          81  0.983882846748327     
          80          82  0.983323859488925     
          80          83  0.983404246912772     
           4          84  0.969190695494299     
          14          85  0.969325704804865     
          19          86  0.589258263343327     
          20          86  0.347802512472350     
          86          87   1.32347492329050     
          86          88   1.43421359359319     
          87          89   1.50206581068180     
          88          89  0.108083943069798     
          87          90  0.963343573230215     
          88          91   1.33838486151792     
          88          92  0.956785720209726     
          89          93   1.32275384401155     
          91          93   1.23686295999958     
          89          94  0.968441200071408     
          91          95   1.16811055655416     
          93          96   1.23250912600376     
          95          97   1.00496934137194     
          95          98   1.19865639764533     
          96          98   1.59467665944961     
          96          99  0.973903624606020     
          97         100  0.973971519583596     
          97         101  0.971528763289901     
          97         102  0.978611812629084     
          98         103  0.968621945620879     
