   -0.11492681
    0.07740810
   -0.04232645
   -0.02205368
   -0.04261430
    0.04839063
    0.05442611
    0.05770881
    0.04889235
    0.07424219
   -0.11784743
    0.04313771
   -0.04416887
   -0.02345384
   -0.04541371
    0.04869280
    0.05372706
    0.07874399
   -0.16871537
    0.10328368
    0.40146146
   -0.40646977
    0.12942459
   -0.12167892
    0.05339312
    0.04522861
    0.05147342
   -0.11082111
    0.04801817
    0.04275483
    0.02873094
    0.13012111
   -0.40102375
   -0.12195083
    0.05277438
    0.04601288
    0.04925463
   -0.12063327
    0.04742539
    0.05325026
    0.04547658
    0.40002709
   -0.38227374
    0.12828821
   -0.12617803
    0.05477508
    0.05638436
    0.05030701
   -0.12233306
    0.04960400
    0.04700525
    0.05263827
    0.12717701
   -0.37957325
   -0.12527916
    0.05534798
    0.05512485
    0.04881587
   -0.12342387
    0.04370487
    0.05276940
    0.05120282
    0.40043993
   -0.38067283
    0.12488624
   -0.13149820
    0.05921847
    0.05387541
    0.05096186
   -0.12935043
    0.06036038
    0.05100988
    0.05226923
    0.12692985
   -0.37729863
   -0.12468870
    0.05116642
    0.05464151
    0.05520660
   -0.12206139
    0.04052941
    0.04914437
    0.05505906
    0.05478247
    0.05205845
    0.05750791
   -0.20833041
   -0.07508918
    0.05029175
   -0.06899696
    0.02553877
    0.03573705
    0.03290505
