           1           2   1.31371846292001     
           2           3   1.35196200455632     
           3           4   1.48024055935162     
           4           5   1.38516227573868     
           1           6   1.38759142309556     
           3           6  0.105873920519756     
           5           6   1.45918478694940     
           6           7  0.956505757962017     
           5           8  0.968221333884528     
           3           9  0.961655927906269     
           2          10   1.08712830442262     
          10          11   1.31022892838580     
          11          12   1.39194469117013     
          12          13   1.45225793748447     
          13          14   1.39093196584011     
          10          15   1.35597770999908     
          12          15  0.105416392960476     
          14          15   1.47557804102685     
          15          16  0.961591607653043     
          13          17  0.968680438923385     
          12          18  0.946535351898693     
           1          19  0.448923024682286     
          11          19  0.440315599771147     
          19          20  0.550911649590723     
          19          21  0.746722465749993     
          21          22   1.09347416507469     
          22          23  0.942665637692244     
          23          24  0.996363920402116     
          24          25  0.982636979574860     
          24          26  0.983627128445244     
          24          27  0.983159583561205     
          23          28  0.990128802318475     
          28          29  0.984041280434398     
          28          30  0.984031275731178     
          28          31  0.985443390706548     
          23          32  0.940634320342998     
          21          33   1.11313098207634     
          32          33  0.939364283192710     
          32          34  0.990746757158834     
          34          35  0.980824624019298     
          34          36  0.983574746122834     
          34          37  0.982010205146846     
          32          38  0.996836963022450     
          38          39  0.983084924473809     
          38          40  0.982841910013922     
          38          41  0.983783891227034     
          19          42  0.863929428349609     
          42          43   1.11888980790755     
          43          44  0.934979919508560     
          44          45  0.996995419845742     
          45          46  0.982317492034461     
          45          47  0.981901176974323     
          45          48  0.983068230586139     
          44          49  0.990766768054936     
          49          50  0.983348882043511     
          49          51  0.981947506115327     
          49          52  0.980014329702480     
          44          53  0.939408474043745     
          42          54   1.11113869692836     
          53          54  0.933837158186430     
          53          55  0.996336256207166     
          55          56  0.982311804256919     
          55          57  0.982721440510933     
          55          58  0.983116004129725     
          53          59  0.991462326836218     
          59          60  0.982910497945030     
          59          61  0.983094733220136     
          59          62  0.982976295708879     
          19          63  0.858512054671787     
          63          64   1.10723626237114     
          64          65  0.937162099028557     
          65          66  0.991078699950553     
          66          67  0.978738002356864     
          66          68  0.982569892392891     
          66          69  0.983050738174977     
          65          70  0.996493773691750     
          70          71  0.982029403161827     
          70          72  0.983414119057433     
          70          73  0.982308732710329     
          65          74  0.938206922900548     
          63          75   1.12288881406106     
          74          75  0.935398904124022     
          74          76  0.996086590149065     
          76          77  0.982934598453954     
          76          78  0.982107039274273     
          76          79  0.981047468364854     
          74          80  0.991055786130905     
          80          81  0.984088292454698     
          80          82  0.983122652721702     
          80          83  0.983252651331837     
           4          84  0.968580056658351     
          14          85  0.968676061912587     
          19          86  0.578847195065933     
          20          86  0.334057272135684     
          86          87   1.10704158642770     
          86          88   1.54482201936643     
          86          89  0.137600307944772     
          87          89   1.10826241994385     
          88          90   1.28606770501546     
          89          90   1.60637013341996     
          88          91  0.972304839311796     
          89          92  0.967116088096067     
          90          93  0.974122098198211     
