   -0.12261205
    0.07643440
   -0.04271310
   -0.02339606
   -0.04444688
    0.04832836
    0.05123155
    0.05316236
    0.04339639
    0.07306658
   -0.12278402
    0.04172238
   -0.04576316
   -0.02476211
   -0.04560369
    0.04286911
    0.04902175
    0.07620474
   -0.15905389
    0.08077069
    0.40142072
   -0.41341629
    0.13116407
   -0.12054869
    0.05315261
    0.04393412
    0.04962695
   -0.10705752
    0.04596872
    0.03935629
    0.02729339
    0.13107205
   -0.40551151
   -0.11812642
    0.04576097
    0.04611446
    0.04923279
   -0.11888085
    0.04648579
    0.05270550
    0.04415514
    0.40510160
   -0.38056883
    0.12817977
   -0.12614597
    0.05444922
    0.05700134
    0.04928265
   -0.12163163
    0.04802833
    0.04450532
    0.05229307
    0.12773847
   -0.38396125
   -0.12376274
    0.05227121
    0.05425714
    0.04796009
   -0.12344804
    0.04458930
    0.05215354
    0.05073208
    0.39981389
   -0.37527045
    0.12516506
   -0.12877945
    0.05772963
    0.05380711
    0.04885131
   -0.12914282
    0.06024905
    0.04987501
    0.05238091
    0.12634327
   -0.38493798
   -0.12350725
    0.04999423
    0.05173502
    0.05371630
   -0.12269209
    0.03950702
    0.05119671
    0.05354202
    0.04969631
    0.04727511
   -0.02200111
   -0.03949406
   -0.06492354
   -0.04720957
    0.01566768
    0.04682874
    0.03908755
   -0.02164327
    0.02036903
   -0.12059959
   -0.08103881
    0.03819632
    0.18300344
    0.02303486
    0.00423261
   -0.04191902
   -0.03878069
   -0.03432556
    0.03336245
   -0.03325835
    0.03545113
   -0.03741676
    0.03377719
    0.03300040
    0.03205072
