           1           2   1.30541302364256     
           2           3   1.34676929061660     
           3           4   1.48557962557879     
           4           5   1.37771947246927     
           1           6   1.38484445740198     
           3           6  0.105927146432988     
           5           6   1.46383642743272     
           6           7  0.956540613770312     
           5           8  0.968782786411047     
           3           9  0.962061712912694     
           2          10   1.09534281663672     
          10          11   1.30070039523158     
          11          12   1.38327576541128     
          12          13   1.46066595168058     
          13          14   1.37993548293475     
          10          15   1.34918865870896     
          12          15  0.105532706197408     
          14          15   1.48255829145849     
          15          16  0.961989782900801     
          13          17  0.969157189708494     
          12          18  0.947005579613606     
           1          19  0.448775544887557     
          11          19  0.442464262932082     
          19          20  0.537269452374550     
          19          21  0.711598939531211     
          21          22   1.08501013147432     
          22          23  0.944274784034811     
          23          24  0.996550882925853     
          24          25  0.982740328621319     
          24          26  0.983742762536225     
          24          27  0.983437108498992     
          23          28  0.989576957729474     
          28          29  0.984172306972557     
          28          30  0.984076686610822     
          28          31  0.985220286276996     
          23          32  0.941490755302029     
          21          33   1.10711587618469     
          32          33  0.940584619923800     
          32          34  0.990673027263266     
          34          35  0.983726761276744     
          34          36  0.983897178478147     
          34          37  0.982804051950387     
          32          38  0.996503463156201     
          38          39  0.983297365308541     
          38          40  0.982634491922819     
          38          41  0.983798582784059     
          19          42  0.857918368659796     
          42          43   1.11929410669585     
          43          44  0.937065842912062     
          44          45  0.996358340059911     
          45          46  0.982338989289821     
          45          47  0.981647653101236     
          45          48  0.983287742299940     
          44          49  0.990819610139123     
          49          50  0.983458024982528     
          49          51  0.983260384032012     
          49          52  0.979632291848320     
          44          53  0.938890021466058     
          42          54   1.10279507206086     
          53          54  0.935653806297967     
          53          55  0.996476937790153     
          55          56  0.982707487583095     
          55          57  0.982780833647668     
          55          58  0.983221248406085     
          53          59  0.991149652932755     
          59          60  0.981731278707245     
          59          61  0.983181877846766     
          59          62  0.983023775128257     
          19          63  0.871831028514211     
          63          64   1.11498365647252     
          64          65  0.939812226871083     
          65          66  0.991127577985687     
          66          67  0.978832424823209     
          66          68  0.982593698487950     
          66          69  0.983210981052841     
          65          70  0.996178510968793     
          70          71  0.982025285198916     
          70          72  0.983514061028299     
          70          73  0.982237245962396     
          65          74  0.937508209139124     
          63          75   1.10851868122396     
          74          75  0.937867955213748     
          74          76  0.995710553927124     
          76          77  0.983111151797067     
          76          78  0.982760674449279     
          76          79  0.982512213028740     
          74          80  0.991042751522931     
          80          81  0.983360650936947     
          80          82  0.983161632775320     
          80          83  0.983345475493420     
           4          84  0.969122207099929     
          14          85  0.969201420296487     
          19          86  0.602471889404311     
          20          86  0.337569404724255     
          86          87   1.31949667522516     
          86          88   1.42823255790632     
          87          89   1.50810447718396     
          88          89  0.106583474343509     
          87          90  0.963566405107948     
          88          91   1.34398143661126     
          88          92  0.958032277479570     
          89          93   1.31306464782849     
          91          93   1.22996668940970     
          89          94  0.968436558872325     
          91          95   1.18338220592213     
          93          96   1.25333668473692     
          95          97   1.16434423010515     
          96          97   1.50919381538782     
          95          98  0.933603290754286     
          96          99  0.972438916203171     
          97         100   1.08885015629511     
         100         101   1.37088515887730     
         100         102   1.36687745548093     
         101         103   1.45727425629231     
         102         103  0.105628142995553     
         101         104  0.966767794798312     
         101         105  0.104425461674271     
         102         105   1.46301019947219     
         102         106  0.968458988827234     
         103         107   1.43152420587204     
         105         107   1.42662051080245     
         103         108  0.970716459409852     
         105         109  0.970666341488034     
         107         110  0.971550953302140     
