   -0.12147765
    0.07607667
   -0.04251532
   -0.02103860
   -0.04204973
    0.04929803
    0.05431977
    0.05996085
    0.05120284
    0.07223520
   -0.12886261
    0.04247405
   -0.04333692
   -0.02370995
   -0.04484685
    0.05033267
    0.05545733
    0.07761086
   -0.15531221
    0.09017792
    0.40718242
   -0.40319990
    0.12957734
   -0.12268106
    0.05462879
    0.04627343
    0.05333654
   -0.11068625
    0.04952405
    0.04400000
    0.02728919
    0.13108533
   -0.40594429
   -0.12232366
    0.05304108
    0.04741704
    0.04968971
   -0.12047871
    0.04651679
    0.05378649
    0.04714367
    0.40426329
   -0.38039671
    0.12889164
   -0.12668773
    0.06132487
    0.05476912
    0.04997502
   -0.12045065
    0.05015198
    0.04880108
    0.05047331
    0.12727857
   -0.38752358
   -0.12361984
    0.05144714
    0.05412166
    0.04968415
   -0.12145863
    0.04176753
    0.05242417
    0.05076469
    0.40578731
   -0.38389703
    0.12607282
   -0.13026899
    0.05678741
    0.06067631
    0.05034494
   -0.12887262
    0.06072540
    0.05152726
    0.05231295
    0.12702604
   -0.37884645
   -0.12485704
    0.05219757
    0.05397465
    0.05641394
   -0.12281428
    0.04023873
    0.05144616
    0.05580863
    0.05737574
    0.05406079
   -0.03383695
   -0.02683271
   -0.00009760
   -0.02803220
    0.03910932
   -0.01902288
    0.11981104
    0.05608472
   -0.27757843
