           1           2   1.31354608828718     
           2           3   1.35118131678987     
           3           4   1.48071490121335     
           4           5   1.38601778753689     
           1           6   1.38909298757161     
           3           6  0.105754364820943     
           5           6   1.45814425569472     
           6           7  0.956722634398540     
           5           8  0.967949566787693     
           3           9  0.961310274638072     
           2          10   1.08931346536358     
          10          11   1.30514248898457     
          11          12   1.38451038065925     
          12          13   1.45667940252548     
          13          14   1.38792738177137     
          10          15   1.35606644924406     
          12          15  0.104705761018450     
          14          15   1.47547072856222     
          15          16  0.961255193619256     
          13          17  0.968438772798950     
          12          18  0.946650489832791     
           1          19  0.444134533133149     
          11          19  0.431449910734550     
          19          20  0.562973259414339     
          19          21  0.731753248722866     
          21          22   1.10278936611132     
          22          23  0.939578345806218     
          23          24  0.996726191121027     
          24          25  0.982457556477545     
          24          26  0.983376916977240     
          24          27  0.982952394817918     
          23          28  0.990433302089356     
          28          29  0.983869265741651     
          28          30  0.983878732665077     
          28          31  0.984856183264744     
          23          32  0.941085526136331     
          21          33   1.11051429724500     
          32          33  0.936326554903167     
          32          34  0.991292466384725     
          34          35  0.981026599533716     
          34          36  0.983362015944156     
          34          37  0.981656025807284     
          32          38  0.997319053877040     
          38          39  0.983048495262816     
          38          40  0.982589434831910     
          38          41  0.983512328091746     
          19          42  0.850390468051508     
          42          43   1.13758463550243     
          43          44  0.933981883707869     
          44          45  0.995728298639089     
          45          46  0.977983781048479     
          45          47  0.981547260964517     
          45          48  0.982573979035724     
          44          49  0.991529995835701     
          49          50  0.983020810520733     
          49          51  0.982680374744931     
          49          52  0.980343144192638     
          44          53  0.936821119732639     
          42          54   1.09937076505536     
          53          54  0.934048697807385     
          53          55  0.994930503662758     
          55          56  0.982581346798236     
          55          57  0.982713367036981     
          55          58  0.982844579638040     
          53          59  0.992852961052899     
          59          60  0.980782597392232     
          59          61  0.982522349306746     
          59          62  0.982941262386964     
          19          63  0.846111813664250     
          63          64   1.11148877421128     
          64          65  0.933231727367341     
          65          66  0.991875444531827     
          66          67  0.978166401207361     
          66          68  0.979493290310684     
          66          69  0.983003049813950     
          65          70  0.996648774508038     
          70          71  0.982079687581812     
          70          72  0.983281951905680     
          70          73  0.982373198911530     
          65          74  0.938847599028648     
          63          75   1.12465633383620     
          74          75  0.932232687087511     
          74          76  0.996573097865447     
          76          77  0.982715204109951     
          76          78  0.982376193899246     
          76          79  0.981897118389637     
          74          80  0.991443211415148     
          80          81  0.984097018640490     
          80          82  0.983079524312404     
          80          83  0.983112251032517     
           4          84  0.968277335702804     
          14          85  0.968508065936758     
          19          86  0.575586190298256     
          20          86  0.325927404448350     
          86          87   1.61534985644877     
          86          88   1.16454950955764     
          87          89   1.12431747934708     
          87          90  0.966307138757293     
          87          91  0.103176555628757     
          88          91   1.51286647623954     
          89          91   1.22935687554061     
          88          92   1.10907912358703     
          91          93  0.969203857954780     
          92          94   2.75951063878458     
