   -0.12546529
    0.07589265
   -0.04334278
   -0.02187828
   -0.04359152
    0.04959883
    0.05101447
    0.05599458
    0.04737690
    0.07142454
   -0.13203526
    0.04191141
   -0.04449453
   -0.02509091
   -0.04549759
    0.04605539
    0.05183765
    0.07624679
   -0.14965390
    0.08814420
    0.40612233
   -0.40722890
    0.13015701
   -0.12125112
    0.05322541
    0.04504708
    0.05211912
   -0.10927771
    0.04809691
    0.04271736
    0.02688210
    0.13169695
   -0.40931206
   -0.12080672
    0.05166026
    0.04595336
    0.04891993
   -0.11934771
    0.04582961
    0.05286242
    0.04592461
    0.41118390
   -0.38714836
    0.13053727
   -0.12329549
    0.05544633
    0.05179226
    0.04971393
   -0.11941728
    0.04820693
    0.04616971
    0.04980554
    0.12823120
   -0.38613941
   -0.12320542
    0.04949142
    0.05398667
    0.04832377
   -0.12573781
    0.05239682
    0.05061989
    0.05234165
    0.40885639
   -0.38191322
    0.12754432
   -0.12371801
    0.05323086
    0.05204093
    0.04874671
   -0.12810868
    0.06071589
    0.05013044
    0.05260930
    0.12785671
   -0.38452969
   -0.12349644
    0.05074500
    0.05293789
    0.05505861
   -0.12164260
    0.03979615
    0.05003707
    0.05478067
    0.05342312
    0.04981241
   -0.03539244
   -0.03037717
    0.08748197
   -0.04298315
    0.03534390
   -0.04694633
   -0.18230601
   -0.04090345
    0.03924858
    0.06497430
    0.04920481
