           1           2   1.31147583431393     
           2           3   1.34745502006699     
           3           4   1.48437163816007     
           4           5   1.38185174601644     
           1           6   1.38899683048070     
           3           6  0.106045785170778     
           5           6   1.46032297875305     
           6           7  0.957104627259766     
           5           8  0.968461328046119     
           3           9  0.961686398151732     
           2          10   1.09369604895485     
          10          11   1.30211823329135     
          11          12   1.38175806759441     
          12          13   1.46031583610772     
          13          14   1.38312775540467     
          10          15   1.35274740394681     
          12          15  0.105017078896207     
          14          15   1.47859297414205     
          15          16  0.961662563589136     
          13          17  0.968846622479022     
          12          18  0.947128738521942     
           1          19  0.436075756620345     
          11          19  0.421722253156962     
          19          20  0.540408435164375     
          19          21  0.718739346275527     
          21          22   1.09795335173035     
          22          23  0.941090206335999     
          23          24  0.996524109395813     
          24          25  0.982643399073375     
          24          26  0.983519412370622     
          24          27  0.983120450708498     
          23          28  0.990286885120042     
          28          29  0.983984666637711     
          28          30  0.983992413586080     
          28          31  0.984791479475425     
          23          32  0.941158592117553     
          21          33   1.10461488240391     
          32          33  0.938095702969673     
          32          34  0.991024826991665     
          34          35  0.981230292598160     
          34          36  0.983556225358642     
          34          37  0.981511744043287     
          32          38  0.997116112608074     
          38          39  0.983169315961353     
          38          40  0.982625734116945     
          38          41  0.983648532160294     
          19          42  0.851354302867761     
          42          43   1.12182243111145     
          43          44  0.936554773276875     
          44          45  0.995718036877102     
          45          46  0.981429208175927     
          45          47  0.982129011659423     
          45          48  0.982962257932999     
          44          49  0.991530317446827     
          49          50  0.983242051753424     
          49          51  0.982921659299762     
          49          52  0.979931058494669     
          44          53  0.936926212572439     
          42          54   1.10305419366619     
          53          54  0.933889785083794     
          53          55  0.995085648157602     
          55          56  0.982771157581665     
          55          57  0.982714596016259     
          55          58  0.983068708856514     
          53          59  0.992557858938360     
          59          60  0.979320282450244     
          59          61  0.982901938848312     
          59          62  0.982675313341329     
          19          63  0.864007964079287     
          63          64   1.10917139783734     
          64          65  0.936937229883364     
          65          66  0.991278228951181     
          66          67  0.979754834500211     
          66          68  0.982450905932314     
          66          69  0.983268814353874     
          65          70  0.996702857982085     
          70          71  0.982007717301124     
          70          72  0.983420106960374     
          70          73  0.982286150048334     
          65          74  0.938658161970156     
          63          75   1.11323575308587     
          74          75  0.935254205777571     
          74          76  0.996258749162092     
          76          77  0.982887309538822     
          76          78  0.982394740563510     
          76          79  0.982281305646679     
          74          80  0.991083704368121     
          80          81  0.984026808162223     
          80          82  0.983215999926666     
          80          83  0.983263826391308     
           4          84  0.968708125229955     
          14          85  0.968950845949299     
          19          86  0.587911165268447     
          20          86  0.344384981199069     
          86          87   1.37521330092061     
          86          88   1.36392474797292     
          87          89   1.44248754155260     
          87          90  0.960947512810366     
          87          91  0.105138948857445     
          88          91   1.40648491322072     
          88          92  0.950335185448545     
          89          93   1.42627422162419     
          91          93   1.43480593512966     
          89          94  0.968984145674473     
          91          95  0.964868775378746     
          93          96  0.968591473036313     
