   -0.11977911
    0.07801069
   -0.04125178
   -0.01969425
   -0.04037899
    0.04854704
    0.05886287
    0.06273690
    0.05369339
    0.07399806
   -0.12711814
    0.04213030
   -0.04233357
   -0.02190903
   -0.04509175
    0.05497921
    0.05790131
    0.07744613
   -0.14333759
    0.10813852
    0.40299101
   -0.40060126
    0.12881763
   -0.12397267
    0.05563859
    0.04724053
    0.05393034
   -0.11280884
    0.05056523
    0.04513647
    0.02879419
    0.13017898
   -0.40081594
   -0.12432978
    0.05484265
    0.04812854
    0.05060514
   -0.12206682
    0.04784360
    0.05444046
    0.04777733
    0.40633212
   -0.37410640
    0.12848914
   -0.12612827
    0.05633514
    0.05613908
    0.05088044
   -0.12287805
    0.05093193
    0.05066174
    0.05224172
    0.12793007
   -0.38768673
   -0.12521551
    0.05461376
    0.05416359
    0.05015516
   -0.12101155
    0.04715373
    0.05164102
    0.04762401
    0.40186496
   -0.37913282
    0.12506639
   -0.13155623
    0.05988257
    0.05370198
    0.05163143
   -0.12984821
    0.05989326
    0.05208653
    0.05352922
    0.12631887
   -0.37269010
   -0.12619024
    0.05212158
    0.05566775
    0.05728088
   -0.12433508
    0.04259010
    0.05179164
    0.05641240
    0.05984465
    0.05777980
   -0.06970098
   -0.01734032
    0.24969518
   -0.06685751
    0.06274841
   -0.22570472
   -0.26376760
    0.16648168
    0.07629069
   -0.17170787
