           1           2   1.32008211080827     
           2           3   1.35695603024613     
           3           4   1.47451492149446     
           4           5   1.39391820671841     
           1           6   1.39289535878604     
           3           6  0.105282560310881     
           5           6   1.45240247228354     
           6           7  0.956361780903712     
           5           8  0.967600428246213     
           3           9  0.961310572491905     
           2          10   1.08139442426890     
          10          11   1.31369669859406     
          11          12   1.39385818857606     
          12          13   1.44915184386905     
          13          14   1.39646698262064     
          10          15   1.36094497130485     
          12          15  0.104755066948206     
          14          15   1.47081239317004     
          15          16  0.961076205178404     
          13          17  0.968163969860061     
          12          18  0.947060380039998     
           1          19  0.426991599330665     
          11          19  0.419605863353385     
          19          20  0.543332549126791     
          19          21  0.754553064658536     
          21          22   1.10229040886664     
          22          23  0.939150146808037     
          23          24  0.996784235174991     
          24          25  0.982392189593933     
          24          26  0.983271782745388     
          24          27  0.982852848132695     
          23          28  0.990466675581929     
          28          29  0.983759155212118     
          28          30  0.983675066452912     
          28          31  0.985197695610148     
          23          32  0.941113965864494     
          21          33   1.11656799466269     
          32          33  0.935617477754838     
          32          34  0.991215046779142     
          34          35  0.980535323944736     
          34          36  0.983252190179667     
          34          37  0.981740024708478     
          32          38  0.997414972580946     
          38          39  0.982959959403766     
          38          40  0.982560641913805     
          38          41  0.983434272366572     
          19          42  0.842345806299544     
          42          43   1.14180613122230     
          43          44  0.933638808539445     
          44          45  0.996511584220283     
          45          46  0.981718406503744     
          45          47  0.981677347102605     
          45          48  0.982737528605542     
          44          49  0.991153796489210     
          49          50  0.983047582351188     
          49          51  0.982370373949025     
          49          52  0.980493256931541     
          44          53  0.937943290609050     
          42          54   1.10357726175640     
          53          54  0.931595036844970     
          53          55  0.995833166933279     
          55          56  0.982358198367340     
          55          57  0.982740263262263     
          55          58  0.982833049947960     
          53          59  0.992681047098533     
          59          60  0.982476489969290     
          59          61  0.982701576974730     
          59          62  0.983082483847439     
          19          63  0.843337465992763     
          63          64   1.11339215236280     
          64          65  0.934779396129880     
          65          66  0.991619298051053     
          66          67  0.978214575121657     
          66          68  0.982360003511590     
          66          69  0.982909916069731     
          65          70  0.996647297756018     
          70          71  0.982082726921675     
          70          72  0.983234554485946     
          70          73  0.982145775143128     
          65          74  0.937940884629420     
          63          75   1.13027523482081     
          74          75  0.932972012317323     
          74          76  0.996156664168819     
          76          77  0.982745077467857     
          76          78  0.982028809048268     
          76          79  0.981626224630627     
          74          80  0.991617585410719     
          80          81  0.984007960280625     
          80          82  0.982882850390851     
          80          83  0.983023078388472     
           4          84  0.967969739846428     
          14          85  0.968063447945866     
          19          86  0.575174748594706     
          20          86  0.343036425534240     
          86          87   1.37611956215510     
          86          88   1.32062048326862     
          87          89   1.43300953444079     
          87          90  0.961218177675419     
          88          91  0.946947102713750     
          88          92   1.40824448499637     
          89          93   1.39526552913381     
          92          93   1.38419856254430     
          89          94  0.963537159673035     
          93          95  0.963941585573333     
