   -0.12055872
    0.07809007
   -0.04056860
   -0.01912242
   -0.03970404
    0.04824166
    0.06037784
    0.06359221
    0.05417048
    0.07317015
   -0.12763912
    0.04221388
   -0.04151695
   -0.02083570
   -0.04501768
    0.05612616
    0.05940217
    0.08110751
   -0.15675041
    0.10572543
    0.40204146
   -0.40254553
    0.12906633
   -0.12338603
    0.05495041
    0.04665822
    0.05302374
   -0.11237379
    0.04967275
    0.04431040
    0.02919141
    0.12997363
   -0.39850522
   -0.12311310
    0.05289473
    0.04779264
    0.05029719
   -0.12175261
    0.04830802
    0.05387354
    0.04685341
    0.40227911
   -0.37881716
    0.12825205
   -0.12648819
    0.05327546
    0.05794096
    0.05130078
   -0.12375782
    0.05113304
    0.04914005
    0.05458849
    0.12732607
   -0.37849442
   -0.12645618
    0.05757274
    0.05603577
    0.05018990
   -0.12156436
    0.03882731
    0.05402479
    0.04984577
    0.39958648
   -0.37696159
    0.12448953
   -0.13204198
    0.05956317
    0.05330400
    0.05213446
   -0.13076031
    0.06054732
    0.05244365
    0.05420574
    0.12622976
   -0.37233941
   -0.12577613
    0.05215041
    0.05586122
    0.05573841
   -0.12451562
    0.04278144
    0.05152991
    0.05640913
    0.06044296
    0.05895229
   -0.01509083
    0.01336668
   -0.07435325
   -0.25102407
    0.19926737
    0.02215746
    0.03879932
    0.48524558
   -0.22157804
   -0.22053396
   -0.22412080
