           1           2   1.32111956937152     
           2           3   1.35899732483449     
           3           4   1.47247075044148     
           4           5   1.39580133056447     
           1           6   1.39284609702764     
           3           6  0.105066895012246     
           5           6   1.45167268577348     
           6           7  0.956136185708136     
           5           8  0.967489060408384     
           3           9  0.961616216967103     
           2          10   1.07903387793431     
          10          11   1.31577313116877     
          11          12   1.39567518085053     
          12          13   1.44718478151603     
          13          14   1.39921451951235     
          10          15   1.36287542953541     
          12          15  0.104668470913930     
          14          15   1.46893573698800     
          15          16  0.961324843873627     
          13          17  0.967989260600093     
          12          18  0.946756523163868     
           1          19  0.423886843829326     
          11          19  0.421753408488642     
          19          20  0.568760520756068     
          19          21  0.756924724998991     
          21          22   1.09855748434167     
          22          23  0.940623433445813     
          23          24  0.996774752897931     
          24          25  0.982484906278067     
          24          26  0.983327846944766     
          24          27  0.982938547904466     
          23          28  0.990365544585724     
          28          29  0.983819655407717     
          28          30  0.983682783424154     
          28          31  0.985271116354988     
          23          32  0.940957933608222     
          21          33   1.11841579662324     
          32          33  0.937262215932068     
          32          34  0.991064688683991     
          34          35  0.981237980593181     
          34          36  0.983316891109452     
          34          37  0.981840728569803     
          32          38  0.997175895632713     
          38          39  0.982951157903968     
          38          40  0.982690513257926     
          38          41  0.983517798621004     
          19          42  0.849049766744815     
          42          43   1.12986127605873     
          43          44  0.932570715454316     
          44          45  0.997460854109836     
          45          46  0.982307025197581     
          45          47  0.981545114311801     
          45          48  0.982714113569958     
          44          49  0.991146421437937     
          49          50  0.983052379943877     
          49          51  0.981931735957811     
          49          52  0.979622457678497     
          44          53  0.939190416173344     
          42          54   1.11485300238597     
          53          54  0.932043626699983     
          53          55  0.996422300418392     
          55          56  0.982020395312491     
          55          57  0.982542054311423     
          55          58  0.982778583214063     
          53          59  0.992088711760021     
          59          60  0.982530632271749     
          59          61  0.982648794410370     
          59          62  0.982878580704664     
          19          63  0.846350509728523     
          63          64   1.11578742849146     
          64          65  0.934994130347131     
          65          66  0.991580507681959     
          66          67  0.978462326655179     
          66          68  0.982533546202193     
          66          69  0.982760913224291     
          65          70  0.996779368904440     
          70          71  0.981927199450067     
          70          72  0.983111807556656     
          70          73  0.981961439964795     
          65          74  0.937886077930806     
          63          75   1.12906488736470     
          74          75  0.933749682712591     
          74          76  0.996170162423597     
          76          77  0.982728108446059     
          76          78  0.981877431955227     
          76          79  0.981156603521136     
          74          80  0.991414641107819     
          80          81  0.983834773307339     
          80          82  0.982871967321744     
          80          83  0.983051252898302     
           4          84  0.967904689639931     
          14          85  0.967915316015316     
          19          86  0.581043154080778     
          20          86  0.321537735194477     
          86          87   1.27798866176718     
          86          88   1.42330906982189     
          86          89  0.143343270316766     
          87          89   1.21017361408550     
          87          90  0.928520641775066     
          88          91   1.36637160852420     
          89          91   1.43448649297457     
          88          92  0.970306813755550     
          91          93  0.959627850188621     
          93          94  0.940041944629707     
          93          95  0.935221491593524     
          93          96  0.929914200810094     
