   -0.12023415
    0.07657685
   -0.04284289
   -0.02245538
   -0.04364523
    0.04765921
    0.05318770
    0.05577203
    0.04700806
    0.07291636
   -0.12452627
    0.04168633
   -0.04493705
   -0.02445368
   -0.04530120
    0.04634227
    0.05113746
    0.07579194
   -0.15596213
    0.09163512
    0.40171135
   -0.40847447
    0.12999682
   -0.12172568
    0.05367100
    0.04480935
    0.05116456
   -0.10937669
    0.04738475
    0.04158132
    0.02813671
    0.13055337
   -0.40248720
   -0.12021028
    0.04955461
    0.04610321
    0.04955863
   -0.12005757
    0.04738709
    0.05293385
    0.04507583
    0.40258607
   -0.38445948
    0.12879168
   -0.12493541
    0.05421255
    0.05545558
    0.04890134
   -0.12164077
    0.04843002
    0.04575575
    0.05296930
    0.12762995
   -0.38305287
   -0.12425655
    0.05442717
    0.05411667
    0.04790858
   -0.12064523
    0.04299954
    0.05122316
    0.04831449
    0.39965722
   -0.37877653
    0.12495902
   -0.12981632
    0.05847021
    0.05315369
    0.04963183
   -0.12888463
    0.05980818
    0.05038183
    0.05180129
    0.12659418
   -0.37915488
   -0.12399910
    0.05034567
    0.05357392
    0.05433366
   -0.12265441
    0.04085939
    0.05008760
    0.05424317
    0.05282411
    0.04998145
   -0.02519588
   -0.03773580
   -0.06126019
   -0.04779617
    0.03005396
    0.11772746
    0.05032945
   -0.02207416
    0.03459054
   -0.22997079
   -0.07602259
    0.06983055
    0.04604869
    0.05667693
