           1           2   1.30972670994854     
           2           3   1.34849715433895     
           3           4   1.48354170532085     
           4           5   1.38149764564205     
           1           6   1.38733685623612     
           3           6  0.105872510478818     
           5           6   1.46093590046845     
           6           7  0.956861964640433     
           5           8  0.968470244218829     
           3           9  0.961663191545095     
           2          10   1.09178124135089     
          10          11   1.30322368285117     
          11          12   1.38696633746681     
          12          13   1.45719006028461     
          13          14   1.38475794534061     
          10          15   1.35295045471572     
          12          15  0.105184019519963     
          14          15   1.47879554035435     
          15          16  0.961597096194356     
          13          17  0.968947700841826     
          12          18  0.947782373905023     
           1          19  0.446156436014788     
          11          19  0.434805062761395     
          19          20  0.526718519280052     
          19          21  0.730332655907870     
          21          22   1.08983280341254     
          22          23  0.942870614509878     
          23          24  0.996563865721351     
          24          25  0.982728219018629     
          24          26  0.983611066100346     
          24          27  0.983260003727680     
          23          28  0.989905533835270     
          28          29  0.984085471534449     
          28          30  0.984043310082983     
          28          31  0.985299816310424     
          23          32  0.941251300306615     
          21          33   1.11095804796563     
          32          33  0.939622544594246     
          32          34  0.990681884937311     
          34          35  0.982344762225899     
          34          36  0.983749990348000     
          34          37  0.982340002317566     
          32          38  0.996806212001688     
          38          39  0.983136520022084     
          38          40  0.982831693909510     
          38          41  0.983757265940405     
          19          42  0.857799908618398     
          42          43   1.11504456589865     
          43          44  0.936442692034265     
          44          45  0.996808581653633     
          45          46  0.982293989058489     
          45          47  0.981841753050730     
          45          48  0.983178249699236     
          44          49  0.990795023217863     
          49          50  0.983452598873182     
          49          51  0.982421314312709     
          49          52  0.979764594416181     
          44          53  0.939156675101584     
          42          54   1.10729283596680     
          53          54  0.935353379800424     
          53          55  0.996114716777804     
          55          56  0.982437716748537     
          55          57  0.982817120280527     
          55          58  0.983249529635154     
          53          59  0.991387241181477     
          59          60  0.982320590001457     
          59          61  0.983185256131606     
          59          62  0.983206819411868     
          19          63  0.868503399700127     
          63          64   1.11076978218534     
          64          65  0.938787986530603     
          65          66  0.991264538758114     
          66          67  0.978660302779117     
          66          68  0.982629230076051     
          66          69  0.983117536553736     
          65          70  0.996260056754381     
          70          71  0.982059806536130     
          70          72  0.983460457634616     
          70          73  0.982264566232255     
          65          74  0.937147190731111     
          63          75   1.11831267572426     
          74          75  0.937050378805919     
          74          76  0.995566101640323     
          76          77  0.983055491103139     
          76          78  0.982309644095558     
          76          79  0.981439744301516     
          74          80  0.991234350551950     
          80          81  0.983924927885754     
          80          82  0.983141654370474     
          80          83  0.983295604540121     
           4          84  0.968807491980267     
          14          85  0.968936158586342     
          19          86  0.583818948424154     
          20          86  0.354687665589274     
          86          87   1.33547133654310     
          86          88   1.41595960569118     
          87          89   1.49846141597042     
          88          89  0.109553783533159     
          87          90  0.963614064603544     
          88          91   1.36443695376171     
          88          92  0.957772992220322     
          89          93   1.32726659214999     
          91          93   1.27438797978948     
          89          94  0.967939612237304     
          91          95   1.06949402273002     
          93          96   1.19576032124027     
          95          97   1.09216590841488     
          96          97   1.67146647504419     
          96          98  0.972537723839673     
          97          99  0.965206993472189     
