   -0.11134427
    0.07817027
   -0.04345098
   -0.02337050
   -0.04486651
    0.04779333
    0.04971732
    0.05378121
    0.04768794
    0.07576485
   -0.11536393
    0.04126562
   -0.04584624
   -0.02549922
   -0.04459280
    0.04506323
    0.04835212
    0.07287956
   -0.16346328
    0.07741601
    0.40271652
   -0.40809686
    0.13004239
   -0.12141945
    0.05312437
    0.04415315
    0.05146404
   -0.10905100
    0.04688885
    0.04164336
    0.02777990
    0.13076760
   -0.40522464
   -0.11983114
    0.04931717
    0.04572814
    0.04914415
   -0.11974247
    0.04694874
    0.05289317
    0.04484773
    0.40036085
   -0.38637323
    0.12880326
   -0.12494425
    0.05386202
    0.05521169
    0.04901660
   -0.12144343
    0.04769716
    0.04454952
    0.05294300
    0.12794439
   -0.38607099
   -0.12392375
    0.05357867
    0.05372745
    0.04763423
   -0.12210319
    0.04470096
    0.05177001
    0.04837650
    0.40198310
   -0.38089416
    0.12533133
   -0.12935597
    0.05862926
    0.05247909
    0.04938860
   -0.12831964
    0.05940574
    0.05010863
    0.05138186
    0.12689892
   -0.38120117
   -0.12366825
    0.05015810
    0.05320950
    0.05414009
   -0.12182953
    0.03972566
    0.05015890
    0.05375759
    0.05179706
    0.04806978
    0.06356998
   -0.25658395
   -0.06187248
    0.09135153
    0.02773823
    0.03662762
   -0.07618394
   -0.12450345
   -0.12054423
    0.03333280
    0.05607690
    0.05532247
    0.05390611
    0.04740517
    0.05555976
    0.05793809
