           1           2   1.30930973145693     
           2           3   1.34581195563073     
           3           4   1.48645064209701     
           4           5   1.37829778009107     
           1           6   1.38632573690055     
           3           6  0.106477945995871     
           5           6   1.46314677970172     
           6           7  0.956695824691226     
           5           8  0.968695918891330     
           3           9  0.962056817276833     
           2          10   1.09320865745509     
          10          11   1.30278753349736     
          11          12   1.38524020863463     
          12          13   1.45944676605379     
          13          14   1.38188143341128     
          10          15   1.35083316920330     
          12          15  0.105713664001190     
          14          15   1.48064347497701     
          15          16  0.962177835603056     
          13          17  0.969254464867477     
          12          18  0.947566562109149     
           1          19  0.461056404599003     
          11          19  0.437494150813154     
          19          20  0.521594399815012     
          19          21  0.720094545707770     
          21          22   1.09093005061798     
          22          23  0.943199573890018     
          23          24  0.996433180258418     
          24          25  0.982759667180627     
          24          26  0.983753156387797     
          24          27  0.983232723002081     
          23          28  0.989800958108643     
          28          29  0.984124335943882     
          28          30  0.984038367847604     
          28          31  0.985118488638970     
          23          32  0.941264699747682     
          21          33   1.10711413251075     
          32          33  0.939550529852743     
          32          34  0.990733038881086     
          34          35  0.982377127152920     
          34          36  0.983822984462375     
          34          37  0.982462126391222     
          32          38  0.996833882237051     
          38          39  0.983168514206234     
          38          40  0.982841466704977     
          38          41  0.983785855012211     
          19          42  0.860015368249386     
          42          43   1.11073556685897     
          43          44  0.937490812231531     
          44          45  0.996531413455876     
          45          46  0.982418404320354     
          45          47  0.981879241965089     
          45          48  0.983268910997454     
          44          49  0.990645293621345     
          49          50  0.983576640312480     
          49          51  0.982901301566620     
          49          52  0.979421042125506     
          44          53  0.939384510580221     
          42          54   1.10185889068609     
          53          54  0.935853700125242     
          53          55  0.996194346007148     
          55          56  0.982584017236135     
          55          57  0.982901567584562     
          55          58  0.983317401800517     
          53          59  0.991066514328540     
          59          60  0.981978788377446     
          59          61  0.983310900394997     
          59          62  0.983366391498829     
          19          63  0.873538074239114     
          63          64   1.10789086338665     
          64          65  0.939222269569903     
          65          66  0.991115510954207     
          66          67  0.978621731299527     
          66          68  0.982757502637141     
          66          69  0.983166627928172     
          65          70  0.996202511772581     
          70          71  0.982134228323242     
          70          72  0.983508221497978     
          70          73  0.982351313321330     
          65          74  0.937445119957909     
          63          75   1.11680187116314     
          74          75  0.937248364388479     
          74          76  0.995631215699132     
          76          77  0.983052333651010     
          76          78  0.982392828515319     
          76          79  0.981964488520750     
          74          80  0.991137128242549     
          80          81  0.983838436417514     
          80          82  0.983189856585069     
          80          83  0.983348097862645     
           4          84  0.968871328424689     
          14          85  0.969086377058651     
          19          86  0.590434898178558     
          20          86  0.341825257688389     
          86          87   1.40568375743000     
          86          88   1.35586143335792     
          87          89   1.37979842028649     
          88          89  0.104394569960732     
          88          90   1.42865154768432     
          88          91  0.960596412755069     
          89          92   1.41521308142991     
          90          92   1.38891326500133     
          89          93   1.01850335157175     
          90          94   1.02428855606548     
          92          95  0.967776137234219     
          93          96  0.970724431584138     
          93          97  0.985354350558523     
          93          98  0.971807409734117     
          94          99  0.984138960620194     
          94         100  0.975530349566562     
          94         101  0.966360548905316     
