   -0.11095212
    0.07969065
   -0.04269519
   -0.02222639
   -0.04380567
    0.04852555
    0.05085440
    0.05559819
    0.04966448
    0.07809502
   -0.11693227
    0.04205263
   -0.04458933
   -0.02360956
   -0.04378084
    0.04698688
    0.04978086
    0.07319635
   -0.16144857
    0.07748135
    0.40220091
   -0.40619826
    0.12981225
   -0.12181263
    0.05364609
    0.04444590
    0.05160937
   -0.10947164
    0.04729812
    0.04194723
    0.02802423
    0.13068385
   -0.40425095
   -0.12027284
    0.04952543
    0.04627191
    0.04936097
   -0.12008323
    0.04718810
    0.05313617
    0.04518430
    0.39857794
   -0.38524456
    0.12859902
   -0.12537663
    0.05361063
    0.05585548
    0.04919236
   -0.12206348
    0.04804706
    0.04496746
    0.05388678
    0.12784554
   -0.38659595
   -0.12409321
    0.05421167
    0.05371890
    0.04801185
   -0.12185066
    0.04146730
    0.05244997
    0.04952804
    0.40117214
   -0.38054985
    0.12531270
   -0.12952762
    0.05878839
    0.05253540
    0.04957631
   -0.12847504
    0.05924832
    0.05041934
    0.05152672
    0.12667628
   -0.38047438
   -0.12399866
    0.05034019
    0.05355831
    0.05425340
   -0.12223074
    0.03966463
    0.05113160
    0.05389714
    0.05376288
    0.05019175
    0.06490878
   -0.24577683
   -0.04692965
    0.08321106
   -0.02009727
    0.04221761
    0.00356964
   -0.05817877
    0.03744529
   -0.03699769
   -0.02819059
    0.03551504
   -0.03444342
    0.03564826
   -0.03300631
    0.03423756
   -0.03489985
    0.03800025
    0.03401740
    0.03807309
