           1           2   1.31502374344005     
           2           3   1.34828710624328     
           3           4   1.48346064752963     
           4           5   1.38339318544545     
           1           6   1.39034154669279     
           3           6  0.106446469903054     
           5           6   1.45930406970483     
           6           7  0.956531134766893     
           5           8  0.968482904255879     
           3           9  0.961698798418749     
           2          10   1.08889877958325     
          10          11   1.30610520205381     
          11          12   1.38878651539282     
          12          13   1.45587164254598     
          13          14   1.38615488322702     
          10          15   1.35234460588672     
          12          15  0.105620782886650     
          14          15   1.47799961320276     
          15          16  0.961805650674992     
          13          17  0.969099081438055     
          12          18  0.947275331933491     
           1          19  0.448900381982278     
          11          19  0.432895362213619     
          19          20  0.516238524367542     
          19          21  0.728652595514676     
          21          22   1.09195979894484     
          22          23  0.943007720012879     
          23          24  0.996439443810167     
          24          25  0.982708939081649     
          24          26  0.983692655283312     
          24          27  0.983201561131034     
          23          28  0.989819240346580     
          28          29  0.984071441714744     
          28          30  0.984051347504303     
          28          31  0.985308694277163     
          23          32  0.941230912620498     
          21          33   1.10884122940635     
          32          33  0.939136850660226     
          32          34  0.990832602519188     
          34          35  0.982473042133330     
          34          36  0.983721550737459     
          34          37  0.982511908905902     
          32          38  0.996923377096140     
          38          39  0.983158447980035     
          38          40  0.982791825420147     
          38          41  0.983715131557541     
          19          42  0.861927380365032     
          42          43   1.11324921677659     
          43          44  0.937454555343335     
          44          45  0.996518609905870     
          45          46  0.982391814899296     
          45          47  0.981715756211945     
          45          48  0.983235218949000     
          44          49  0.990665429522289     
          49          50  0.983484275094565     
          49          51  0.982959303083439     
          49          52  0.979174770487342     
          44          53  0.939122011586562     
          42          54   1.10088379869608     
          53          54  0.935738361156787     
          53          55  0.996124593527089     
          55          56  0.982496427083894     
          55          57  0.982886241330287     
          55          58  0.983226377919196     
          53          59  0.991252957106802     
          59          60  0.982999114426152     
          59          61  0.983202348393674     
          59          62  0.983214396243698     
          19          63  0.872067321606373     
          63          64   1.10930136664042     
          64          65  0.938994615152629     
          65          66  0.991202461755356     
          66          67  0.978471926179933     
          66          68  0.982728470879912     
          66          69  0.983095607047396     
          65          70  0.996195078201305     
          70          71  0.982128159524572     
          70          72  0.983479363665352     
          70          73  0.982282098268025     
          65          74  0.937328041771985     
          63          75   1.11742085130375     
          74          75  0.936971372269551     
          74          76  0.995666711236055     
          76          77  0.982998925764260     
          76          78  0.982337725376634     
          76          79  0.982071269181183     
          74          80  0.991253703075727     
          80          81  0.983668923429307     
          80          82  0.983093140176489     
          80          83  0.983322175667295     
           4          84  0.968654699528042     
          14          85  0.968852252981989     
          19          86  0.588233276658774     
          20          86  0.347082601096019     
          86          87   1.42778840751903     
          86          88   1.33231309909142     
          87          89   1.35270834515989     
          88          89  0.105751544781120     
          88          90   1.46600734265765     
          88          91  0.962428412844437     
          89          92   1.04776790471527     
          89          93   1.38850172744696     
          90          93   1.41752625919920     
          90          94  0.967268248916436     
          92          95   1.38730400125906     
          92          96   1.38273431705003     
          93          97  0.966423066376234     
          95          98   1.45234389436933     
          96          98  0.107839470831385     
          95          99  0.967277999294920     
          95         100  0.107116833744728     
          96         100   1.45601753850514     
          96         101  0.966155428921615     
          92         102  0.104320432209380     
          98         102   1.43413832357824     
         100         102   1.43173600616853     
          98         103  0.970359187290438     
         100         104  0.970407986775214     
         102         105  0.971002355980970     
