           1           2   1.37182746253978     
           2           3   1.27926842046504     
           3           4   1.16876979179983     
           4           5   1.62966121308011     
           2           6   1.05647160362363     
           4           6  0.104013113187279     
           5           6   1.08444478061522     
           5           7   1.03659471695350     
           1           8  0.114944588563203     
           3           8   1.34681793314488     
           8           9   1.48204429273805     
           1          10   1.46432301132398     
           9          10   1.40105869836916     
           1          11  0.966538910593727     
           7          12  0.977577061357602     
           7          13  0.958116623637231     
           7          14  0.958111756448458     
           8          15  0.967108447950134     
           9          16  0.969378532675162     
          10          17  0.969557679487983     
