   -0.12041377
    0.07499198
   -0.04316181
   -0.02280084
   -0.04382506
    0.04718369
    0.05442516
    0.05628121
    0.04713129
    0.07071275
   -0.12631478
    0.04135172
   -0.04498507
   -0.02516689
   -0.04561514
    0.04620344
    0.05178894
    0.07766766
   -0.16866178
    0.10541964
    0.40337964
   -0.40761790
    0.12975114
   -0.12117028
    0.05303871
    0.04467872
    0.05119288
   -0.10953133
    0.04740331
    0.04196775
    0.02784696
    0.13047405
   -0.40274311
   -0.12112168
    0.05222973
    0.04546654
    0.04897568
   -0.12001004
    0.04685953
    0.05301110
    0.04504218
    0.40234717
   -0.38350267
    0.12833407
   -0.12596753
    0.05468815
    0.05593878
    0.04942469
   -0.12172596
    0.04836612
    0.04627506
    0.05222825
    0.12738306
   -0.38123716
   -0.12456782
    0.05454421
    0.05428267
    0.04800040
   -0.12397369
    0.04372168
    0.05257544
    0.05072507
    0.40237337
   -0.37871560
    0.12482648
   -0.13091736
    0.05874463
    0.05417067
    0.05021465
   -0.12931350
    0.06071027
    0.05040940
    0.05214634
    0.12720523
   -0.37923537
   -0.12413070
    0.05067584
    0.05380561
    0.05491797
   -0.12154876
    0.04055116
    0.04803053
    0.05456832
    0.05301137
    0.04969486
   -0.05594706
    0.05965363
   -0.06713838
   -0.21678437
    0.02931395
    0.05846026
    0.04074929
    0.05030135
