           1           2   1.30913369475804     
           2           3   1.34791850029236     
           3           4   1.48429354147035     
           4           5   1.38032416279502     
           1           6   1.38617150757278     
           3           6  0.106007166085248     
           5           6   1.46214213248289     
           6           7  0.956753317925695     
           5           8  0.968397530631081     
           3           9  0.961687737325233     
           2          10   1.09317269393116     
          10          11   1.30210093408672     
          11          12   1.38506468615235     
          12          13   1.45813262885253     
          13          14   1.38421310957041     
          10          15   1.35335208456698     
          12          15  0.104975595493383     
          14          15   1.47839821088925     
          15          16  0.961653376932301     
          13          17  0.968883182630368     
          12          18  0.947529517744716     
           1          19  0.452691513196278     
          11          19  0.441970298760051     
          19          20  0.552562119955261     
          19          21  0.734745525906330     
          21          22   1.09213560529677     
          22          23  0.942988201626531     
          23          24  0.996324812733493     
          24          25  0.982727371980283     
          24          26  0.983636949494752     
          24          27  0.983213904854348     
          23          28  0.990100509418257     
          28          29  0.984109692416771     
          28          30  0.984047917674087     
          28          31  0.985217984308660     
          23          32  0.940742918137603     
          21          33   1.11111905688417     
          32          33  0.939638044084803     
          32          34  0.990783074323915     
          34          35  0.980949917568412     
          34          36  0.983617913132666     
          34          37  0.982021559519265     
          32          38  0.996831384203719     
          38          39  0.983117830180710     
          38          40  0.982888558739849     
          38          41  0.983800552663022     
          19          42  0.867034152925771     
          42          43   1.11365338799219     
          43          44  0.936765606649400     
          44          45  0.996885531727749     
          45          46  0.982301411410645     
          45          47  0.982003411410959     
          45          48  0.983198674045947     
          44          49  0.990687923118126     
          49          50  0.983460169377924     
          49          51  0.981868929120392     
          49          52  0.979839711177596     
          44          53  0.939187445490476     
          42          54   1.10926854080391     
          53          54  0.935333408702789     
          53          55  0.996149074461761     
          55          56  0.982410444111547     
          55          57  0.982825906778989     
          55          58  0.983205610948814     
          53          59  0.991397666663331     
          59          60  0.982927978268317     
          59          61  0.983149249246558     
          59          62  0.983024688141981     
          19          63  0.866662153125926     
          63          64   1.10742004840659     
          64          65  0.937997691068173     
          65          66  0.991021781208234     
          66          67  0.979030157234774     
          66          68  0.982551052716290     
          66          69  0.983132071991321     
          65          70  0.996574098788225     
          70          71  0.981975682524192     
          70          72  0.983451918391334     
          70          73  0.982322598690833     
          65          74  0.938151996950652     
          63          75   1.11893137660008     
          74          75  0.936081864878080     
          74          76  0.996014209275543     
          76          77  0.982994273511128     
          76          78  0.982194591981702     
          76          79  0.980933672218074     
          74          80  0.990975714914441     
          80          81  0.984161211581862     
          80          82  0.983198682214534     
          80          83  0.983299575450045     
           4          84  0.968792577674771     
          14          85  0.968971211924743     
          19          86  0.585475212690670     
          20          86  0.338089103141737     
          86          87   1.57034937608537     
          86          88   1.23897391373338     
          87          89   1.09623164963928     
          87          90  0.966232756392432     
          87          91  0.147352165275384     
          88          91   1.62804677880177     
          89          91   1.11860629142470     
          88          92  0.970031257176597     
          91          93  0.965549562629530     
