   -0.10451762
    0.08194081
   -0.04288846
   -0.02268660
   -0.04339211
    0.04760952
    0.05270978
    0.05632241
    0.04705019
    0.07873773
   -0.11421823
    0.04018713
   -0.04530412
   -0.02525845
   -0.04493926
    0.04765832
    0.04975983
    0.07394946
   -0.15708184
    0.10211995
    0.40424748
   -0.40515003
    0.12960361
   -0.12214652
    0.05392726
    0.04523836
    0.05227170
   -0.11035181
    0.04818970
    0.04299074
    0.02804605
    0.13049102
   -0.40217909
   -0.12165443
    0.05227285
    0.04640976
    0.04940641
   -0.12037517
    0.04723023
    0.05317415
    0.04584819
    0.40007408
   -0.38488447
    0.12860864
   -0.12553215
    0.05435013
    0.05585917
    0.04917608
   -0.12165172
    0.04827366
    0.04556824
    0.05298640
    0.12770337
   -0.38436585
   -0.12427763
    0.05463280
    0.05380377
    0.04815590
   -0.12255002
    0.04275338
    0.05255711
    0.04923272
    0.40139656
   -0.37999126
    0.12506648
   -0.12997840
    0.05868567
    0.05305468
    0.04977969
   -0.12895399
    0.05973278
    0.05041048
    0.05189282
    0.12701436
   -0.37935535
   -0.12406146
    0.05065966
    0.05403232
    0.05436333
   -0.12229763
    0.04055888
    0.04978139
    0.05444478
    0.05394997
    0.05017957
   -0.03611791
    0.07214014
   -0.04380284
    0.01760344
   -0.25856966
   -0.03861961
    0.04604230
   -0.05393268
   -0.14801423
    0.12523485
    0.04075576
    0.03763653
   -0.12359367
    0.06630127
    0.07255181
    0.07829667
