           1           2   1.31463112689961     
           2           3   1.35048377505583     
           3           4   1.48109608491492     
           4           5   1.38534824018477     
           1           6   1.39091253152354     
           3           6  0.106041859067577     
           5           6   1.45784124497672     
           6           7  0.956759294241822     
           5           8  0.968408939811879     
           3           9  0.961447757248414     
           2          10   1.08783872670683     
          10          11   1.30387137874341     
          11          12   1.38929277944157     
          12          13   1.45377143897868     
          13          14   1.38899773674777     
          10          15   1.35730166855399     
          12          15  0.104559063464278     
          14          15   1.47435793259601     
          15          16  0.961378647141361     
          13          17  0.969074281784885     
          12          18  0.947449987261782     
           1          19  0.452378846761953     
          11          19  0.441130833748083     
          19          20  0.530189965212191     
          19          21  0.735194370656378     
          21          22   1.09459182965630     
          22          23  0.941984657688976     
          23          24  0.996478691679385     
          24          25  0.982641272728444     
          24          26  0.983584495698975     
          24          27  0.983104198985444     
          23          28  0.990113695287217     
          28          29  0.984016676753897     
          28          30  0.983955293478362     
          28          31  0.985226588209166     
          23          32  0.940982083591140     
          21          33   1.11208553476067     
          32          33  0.938296647139885     
          32          34  0.990875010281706     
          34          35  0.981215432325853     
          34          36  0.983566929611209     
          34          37  0.982120265026998     
          32          38  0.996984852942549     
          38          39  0.983073746945811     
          38          40  0.982811806746502     
          38          41  0.983691786683571     
          19          42  0.857618151519162     
          42          43   1.11293883722785     
          43          44  0.936771109635115     
          44          45  0.996726086438530     
          45          46  0.982380381736897     
          45          47  0.981702350063085     
          45          48  0.983175511429965     
          44          49  0.990662377191317     
          49          50  0.983515427270121     
          49          51  0.982351402541623     
          49          52  0.979490985607609     
          44          53  0.939389632369373     
          42          54   1.10687996332138     
          53          54  0.934949895878020     
          53          55  0.996291509748596     
          55          56  0.982394239118048     
          55          57  0.982880319998255     
          55          58  0.983204628906050     
          53          59  0.991344544432055     
          59          60  0.982730166311314     
          59          61  0.983117759718554     
          59          62  0.983206860670218     
          19          63  0.859150114467328     
          63          64   1.10723033354912     
          64          65  0.938590201068287     
          65          66  0.991141293807607     
          66          67  0.978581692386563     
          66          68  0.982661163828327     
          66          69  0.983136466038973     
          65          70  0.996211715232843     
          70          71  0.982091890328102     
          70          72  0.983489779022760     
          70          73  0.982317614677514     
          65          74  0.937887699381834     
          63          75   1.11938930277576     
          74          75  0.936043681487751     
          74          76  0.996026649196835     
          76          77  0.982942496785947     
          76          78  0.982165747641353     
          76          79  0.981489692570111     
          74          80  0.991109637160052     
          80          81  0.983922999695617     
          80          82  0.983162966881056     
          80          83  0.983280984512715     
           4          84  0.968673451810734     
          14          85  0.968898296405235     
          19          86  0.579163336576870     
          20          86  0.349463883337675     
          86          87   1.29798030796170     
          86          88   1.40561279633785     
          87          89   1.26884594526228     
          87          90   1.16630938992249     
          88          91   1.41770318873148     
          88          92  0.961047822926386     
          89          93   1.39162057586526     
          91          93   1.43611816315064     
          89          94   1.09361544847061     
          90          94  0.164141665018923     
          90          95   1.69410114037924     
          94          95   1.05499931451802     
          91          96  0.967863785454468     
          93          97  0.968645072808736     
          95          98   1.04059595092300     
          98          99  0.976018430724708     
          98         100  0.964778685863680     
          98         101  0.961227248782889     
