   -0.12238969
    0.07609361
   -0.04360533
   -0.02220913
   -0.04415081
    0.04817624
    0.05210313
    0.05597343
    0.04732885
    0.07235187
   -0.12929747
    0.04144864
   -0.04501429
   -0.02485432
   -0.04492918
    0.04572299
    0.05125425
    0.07491873
   -0.15306039
    0.08265741
    0.40377584
   -0.40830579
    0.13016680
   -0.12156714
    0.05362591
    0.04508819
    0.05138780
   -0.10910232
    0.04779778
    0.04159266
    0.02758741
    0.13084702
   -0.40386248
   -0.12096054
    0.05083243
    0.04623608
    0.05002617
   -0.12011412
    0.04694165
    0.05359672
    0.04551715
    0.40293327
   -0.38413933
    0.12873765
   -0.12606933
    0.05537174
    0.05609316
    0.04999232
   -0.12206662
    0.04864236
    0.04570157
    0.05317125
    0.12796534
   -0.38395828
   -0.12452428
    0.05414541
    0.05445011
    0.04876282
   -0.12271107
    0.04467113
    0.05295908
    0.04921190
    0.40308756
   -0.37887228
    0.12512959
   -0.13049395
    0.05915923
    0.05382304
    0.05055498
   -0.12910849
    0.06050134
    0.05096993
    0.05173813
    0.12704736
   -0.37968463
   -0.12435000
    0.05119884
    0.05387298
    0.05506426
   -0.12219691
    0.04021160
    0.04987485
    0.05485584
    0.05329717
    0.04990582
   -0.00739971
   -0.04619792
   -0.05813484
    0.04885826
    0.02205144
    0.09828583
    0.04098095
   -0.27149081
    0.02506923
   -0.12990549
    0.06891174
    0.06153395
    0.05288517
