           1           2   1.31031127895905     
           2           3   1.34596965533221     
           3           4   1.48580321489760     
           4           5   1.38002209793350     
           1           6   1.38788759440339     
           3           6  0.106186447783901     
           5           6   1.46173094981610     
           6           7  0.957021848126275     
           5           8  0.968451107225750     
           3           9  0.961795805304317     
           2          10   1.09403369167814     
          10          11   1.30024519904067     
          11          12   1.38263153577996     
          12          13   1.46052996451347     
          13          14   1.38196473803245     
          10          15   1.35213011574279     
          12          15  0.105117157953502     
          14          15   1.47969644202666     
          15          16  0.961767011232459     
          13          17  0.968920416106888     
          12          18  0.947838664075530     
           1          19  0.444490902505417     
          11          19  0.432185951124451     
          19          20  0.531925652913482     
          19          21  0.718193155371993     
          21          22   1.09351075431253     
          22          23  0.941679267475310     
          23          24  0.996607577887191     
          24          25  0.982698151072985     
          24          26  0.983524086420524     
          24          27  0.983219416213546     
          23          28  0.990181009455133     
          28          29  0.983985514615935     
          28          30  0.984009956769635     
          28          31  0.985114172797310     
          23          32  0.941321708215417     
          21          33   1.11074577064305     
          32          33  0.938349903915778     
          32          34  0.990870083478939     
          34          35  0.981706386976509     
          34          36  0.983627230260058     
          34          37  0.982088970561289     
          32          38  0.996986947606377     
          38          39  0.983120948516035     
          38          40  0.982698456144442     
          38          41  0.983661893506220     
          19          42  0.856833313929903     
          42          43   1.11615892780527     
          43          44  0.935276768923150     
          44          45  0.996856996557951     
          45          46  0.982175981233409     
          45          47  0.981798487391974     
          45          48  0.983052464281385     
          44          49  0.990965486385011     
          49          50  0.983430107951653     
          49          51  0.982566625063603     
          49          52  0.979106071140541     
          44          53  0.939498548591372     
          42          54   1.10827147241773     
          53          54  0.933617442687188     
          53          55  0.996467476094435     
          55          56  0.982441470506788     
          55          57  0.982783330949881     
          55          58  0.983116052130678     
          53          59  0.991482331720242     
          59          60  0.981169024336622     
          59          61  0.983059633653341     
          59          62  0.983172449243406     
          19          63  0.866469708066343     
          63          64   1.11125243342585     
          64          65  0.937387091059334     
          65          66  0.991297079248824     
          66          67  0.978639749735832     
          66          68  0.982555812461893     
          66          69  0.983003978015213     
          65          70  0.996475989409534     
          70          71  0.981959726747299     
          70          72  0.983349739566962     
          70          73  0.982281671113590     
          65          74  0.937714927266813     
          63          75   1.12052494223795     
          74          75  0.935209058998984     
          74          76  0.995957245112422     
          76          77  0.982849913866216     
          76          78  0.982209026459652     
          76          79  0.981611674656436     
          74          80  0.991364797691826     
          80          81  0.983942892395976     
          80          82  0.983139896219082     
          80          83  0.983193501209309     
           4          84  0.968725598920508     
          14          85  0.968940291862264     
          19          86  0.595997003715981     
          20          86  0.345889408882398     
          86          87   1.37239108717402     
          86          88   1.38868181745438     
          87          89   1.43504030318597     
          88          89  0.104942723508399     
          87          90  0.963804677520735     
          88          91   1.40509675685655     
          88          92  0.959724539678828     
          89          93   1.42735107238744     
          91          93   1.39064434772497     
          89          94  0.962071019693077     
          91          95   1.02059627313420     
          95          96  0.979160082393270     
          95          97  0.962694714573213     
          95          98  0.980147412995788     
