   -0.10652269
    0.08430201
   -0.04116925
   -0.02201091
   -0.04294708
    0.04789806
    0.05355264
    0.05768957
    0.04884109
    0.08324574
   -0.11340106
    0.03965835
   -0.04580999
   -0.02417358
   -0.04345975
    0.04937567
    0.04895970
    0.07455523
   -0.15906230
    0.10336246
    0.40212479
   -0.40643359
    0.12970006
   -0.12253985
    0.05466056
    0.04532423
    0.05178289
   -0.11006285
    0.04792851
    0.04200633
    0.02798673
    0.13030597
   -0.40042533
   -0.12108204
    0.04989547
    0.04709298
    0.05041387
   -0.12053306
    0.04736341
    0.05356907
    0.04565903
    0.40003391
   -0.38161195
    0.12816548
   -0.12633938
    0.05492247
    0.05657715
    0.04952859
   -0.12269443
    0.04861827
    0.04587768
    0.05423809
    0.12757352
   -0.38517695
   -0.12430746
    0.05472792
    0.05326038
    0.04860090
   -0.12332779
    0.04369160
    0.05320223
    0.04856579
    0.39900468
   -0.37810794
    0.12475829
   -0.13061458
    0.05981386
    0.05309603
    0.04976724
   -0.12931132
    0.05955402
    0.05066503
    0.05182050
    0.12619133
   -0.37830461
   -0.12459000
    0.05064531
    0.05418757
    0.05453860
   -0.12350322
    0.04038923
    0.05142151
    0.05442397
    0.05548227
    0.05007451
   -0.04086724
    0.06222897
   -0.04800332
    0.10908425
   -0.32279212
   -0.04045546
    0.05078113
   -0.07115541
   -0.26358408
    0.21258399
    0.04729244
    0.04509183
   -0.01464472
   -0.03143780
   -0.03197705
   -0.04093469
    0.04417634
   -0.04227185
    0.04283832
    0.02430556
    0.04791701
    0.04657942
   -0.12624049
    0.05669557
    0.05612007
    0.06552002
