           1           2   1.32024459686134     
           2           3   1.35300691179342     
           3           4   1.47802777179896     
           4           5   1.38899157333311     
           1           6   1.39245024078917     
           3           6  0.105962999640521     
           5           6   1.45563213939475     
           6           7  0.956539962631635     
           5           8  0.968251103107091     
           3           9  0.961315360602762     
           2          10   1.08258428039681     
          10          11   1.31315072764745     
          11          12   1.39544345869109     
          12          13   1.44966320562457     
          13          14   1.39381027947713     
          10          15   1.35705335683993     
          12          15  0.105073493535172     
          14          15   1.47308688337454     
          15          16  0.961063241493920     
          13          17  0.969139932373644     
          12          18  0.946774555395015     
           1          19  0.440307407180881     
          11          19  0.429313891623807     
          19          20  0.521102178506499     
          19          21  0.749623177904652     
          21          22   1.09103751391714     
          22          23  0.942645473720439     
          23          24  0.996523713308250     
          24          25  0.982634077319771     
          24          26  0.983608657182439     
          24          27  0.983201456276354     
          23          28  0.989851046679074     
          28          29  0.984044177837286     
          28          30  0.984053146948622     
          28          31  0.985464555463119     
          23          32  0.941309470310141     
          21          33   1.11316736273940     
          32          33  0.938747319099725     
          32          34  0.990768445779211     
          34          35  0.982609066640864     
          34          36  0.983662317782448     
          34          37  0.982446193509423     
          32          38  0.996912033945667     
          38          39  0.983180859445470     
          38          40  0.982741553235638     
          38          41  0.983695356970225     
          19          42  0.861177335960612     
          42          43   1.11754076906690     
          43          44  0.936404459967231     
          44          45  0.996612602052190     
          45          46  0.982325799397475     
          45          47  0.981435185883777     
          45          48  0.983126189034791     
          44          49  0.990686728444739     
          49          50  0.983446414404407     
          49          51  0.982592109976586     
          49          52  0.979305896253182     
          44          53  0.939246184726309     
          42          54   1.10426695096235     
          53          54  0.934648136200473     
          53          55  0.996299673790943     
          55          56  0.982400111908629     
          55          57  0.982931742769645     
          55          58  0.983176354025795     
          53          59  0.991345533401737     
          59          60  0.982801839914557     
          59          61  0.983034911812334     
          59          62  0.983283291014468     
          19          63  0.865162984115427     
          63          64   1.10981118777966     
          64          65  0.938945518661977     
          65          66  0.991286229520218     
          66          67  0.978053872659737     
          66          68  0.982655185608757     
          66          69  0.983104278551314     
          65          70  0.996019017417895     
          70          71  0.982106027838810     
          70          72  0.983472751213025     
          70          73  0.982301060797719     
          65          74  0.937366491917425     
          63          75   1.11745306244465     
          74          75  0.937045699692128     
          74          76  0.995738455306671     
          76          77  0.983043596788963     
          76          78  0.982342673237288     
          76          79  0.981747136797625     
          74          80  0.991092456680175     
          80          81  0.983758400959617     
          80          82  0.983081378691574     
          80          83  0.983275673999990     
           4          84  0.968468474582767     
          14          85  0.968850217771718     
          19          86  0.578851506474946     
          20          86  0.357352553218732     
          86          87   1.29305344616130     
          86          88   1.41202519143074     
          87          89   1.26050066042040     
          87          90   1.18852819973004     
          88          91   1.41575489711899     
          88          92  0.961254725740092     
          86          93  0.100205895275423     
          89          93   1.37152785845986     
          91          93   1.43909940046614     
          89          94   1.05501829316890     
          90          94  0.101686320523462     
          90          95   1.57115637591224     
          94          95   1.06247198067508     
          91          96  0.968633288380711     
          93          97  0.967058471862487     
          95          98   1.08574711020573     
          98          99   1.35828128692426     
          98         100   1.36566831573065     
          99         101   1.47224880640384     
         100         101  0.100220044011619     
          99         102  0.966145551612651     
          99         103  0.101183568669446     
         100         103   1.46614795651513     
         100         104  0.968439237172785     
         101         105   1.39303801596284     
         103         105   1.39804706808382     
         101         106  0.967617901194074     
         103         107  0.967944149830179     
         105         108   1.03087987076441     
         108         109  0.979727333201316     
         108         110  0.979836303640610     
         108         111  0.961554162268269     
