   -0.12386119
    0.07754169
   -0.04194148
   -0.02012103
   -0.04130530
    0.04961759
    0.05553791
    0.06126742
    0.04995283
    0.07369586
   -0.13156662
    0.04302800
   -0.04306749
   -0.02266894
   -0.04488014
    0.04986144
    0.05451435
    0.07693245
   -0.14382870
    0.09473760
    0.40812036
   -0.40462005
    0.12997050
   -0.12292628
    0.05574156
    0.04683296
    0.05284563
   -0.10999441
    0.04975388
    0.04324553
    0.02635060
    0.13122481
   -0.40488550
   -0.12316674
    0.05392822
    0.04801891
    0.05120187
   -0.12024716
    0.04575486
    0.05446025
    0.04729957
    0.40780754
   -0.37540216
    0.12896201
   -0.13171773
    0.06303107
    0.05841362
    0.05393969
   -0.12156118
    0.05035565
    0.04994848
    0.05024250
    0.12875652
   -0.38904554
   -0.12254921
    0.04954628
    0.05186931
    0.05015434
   -0.12496094
    0.05345507
    0.05359567
    0.05004316
    0.40539740
   -0.37334531
    0.12556483
   -0.13599914
    0.06015119
    0.06287259
    0.05422617
   -0.13137484
    0.06505401
    0.05283389
    0.05196257
    0.12688612
   -0.37849860
   -0.12610774
    0.05368140
    0.05376976
    0.05771251
   -0.12355313
    0.04034392
    0.05148604
    0.05685677
    0.05765193
    0.05369085
   -0.05496080
   -0.05346165
    0.06020870
    0.08437875
    0.05390467
   -0.12026469
   -0.02286753
   -0.17544037
