           1           2   1.31817845815201     
           2           3   1.35286095989754     
           3           4   1.47869495954052     
           4           5   1.38929693267649     
           1           6   1.39138448556422     
           3           6  0.105651476030697     
           5           6   1.45582972817174     
           6           7  0.956775528152935     
           5           8  0.967791962542274     
           3           9  0.961348622614450     
           2          10   1.08680796954377     
          10          11   1.30962382285944     
          11          12   1.38904305396518     
          12          13   1.45361347337525     
          13          14   1.39137141883096     
          10          15   1.35775844407588     
          12          15  0.104753538706043     
          14          15   1.47382522817474     
          15          16  0.961209093630428     
          13          17  0.968559857349314     
          12          18  0.946723176650740     
           1          19  0.427695804757761     
          11          19  0.414767739480669     
          19          20  0.572498257445335     
          19          21  0.733284779817291     
          21          22   1.10266667036467     
          22          23  0.938816603264172     
          23          24  0.996864182576029     
          24          25  0.982313717568753     
          24          26  0.983266963398040     
          24          27  0.982979706624446     
          23          28  0.990623166922618     
          28          29  0.983738672678374     
          28          30  0.983895516002126     
          28          31  0.985029650059569     
          23          32  0.941182481961990     
          21          33   1.11254809561060     
          32          33  0.935367197815894     
          32          34  0.991437889188042     
          34          35  0.980768226268365     
          34          36  0.983281081851423     
          34          37  0.981386742534917     
          32          38  0.997428771008660     
          38          39  0.983175449521079     
          38          40  0.982367942094601     
          38          41  0.983386811660656     
          19          42  0.847830570268135     
          42          43   1.14261107946157     
          43          44  0.932001996744976     
          44          45  0.996111035230250     
          45          46  0.979052773114636     
          45          47  0.980856765592967     
          45          48  0.982112415470721     
          44          49  0.991922753343007     
          49          50  0.982802362157652     
          49          51  0.982529229388616     
          49          52  0.979906819359075     
          44          53  0.936681949397565     
          42          54   1.10473200795453     
          53          54  0.930522411918429     
          53          55  0.995017397751534     
          55          56  0.982718850268667     
          55          57  0.982877930815569     
          55          58  0.982615782560029     
          53          59  0.993688685275691     
          59          60  0.978733007361560     
          59          61  0.982174996526620     
          59          62  0.982758362139639     
          19          63  0.845914666418145     
          63          64   1.11988278281948     
          64          65  0.931856854455946     
          65          66  0.992122074504069     
          66          67  0.977914079686349     
          66          68  0.979642642949836     
          66          69  0.982277160661312     
          65          70  0.996833998794448     
          70          71  0.981336841415193     
          70          72  0.983020206283424     
          70          73  0.982231320749416     
          65          74  0.938282532777294     
          63          75   1.12584363126177     
          74          75  0.930712610124923     
          74          76  0.996537113279815     
          76          77  0.982341597597282     
          76          78  0.982152693811446     
          76          79  0.981800150442998     
          74          80  0.991905401545671     
          80          81  0.983920345723176     
          80          82  0.982993662919114     
          80          83  0.982879903292956     
           4          84  0.968226442642575     
          14          85  0.968521732532390     
          19          86  0.569188439898864     
          20          86  0.316982289952897     
          86          87   1.20485549946150     
          86          88   1.55970115137776     
          87          89   1.58976856797030     
          87          90  0.954950241233639     
          88          91  0.997929395623490     
          87          92  0.101504062839634     
          88          92   1.10121371906972     
          89          92   1.14458103730208     
          89          93  0.976739287928628     
