           1           2   1.41583387473024     
           2           3  0.989703458149793     
           3           4  0.982419726398310     
           4           5   1.22862752374829     
           5           6   1.54655231318104     
           6           7   1.33301514000700     
           4           8   1.22874648937945     
           5           8  0.130942534322517     
           7           8   1.54626486909733     
           2           9   1.41681293253198     
           1          10  0.111843876425482     
           9          10   1.44354874828062     
           2          11  0.110139313220532     
          10          11   1.43966042476046     
           1          12   1.44466251610098     
           9          12  0.111622095966954     
          11          12   1.43874656004886     
           1          13  0.968622254467022     
           3          14  0.966231531029663     
           3          15  0.966745522569781     
           5          16  0.970250720121900     
           6          17  0.975476416133498     
           7          18  0.975478626380514     
           8          19  0.970125014221825     
           9          20  0.968600305488335     
          10          21  0.970542199146298     
          11          22  0.970923967455024     
          12          23  0.970558789405781     
