   -0.12235032
    0.07573626
   -0.04348207
   -0.02320577
   -0.04468230
    0.04799780
    0.05078410
    0.05336179
    0.04464445
    0.07193494
   -0.12659083
    0.04185936
   -0.04573081
   -0.02535404
   -0.04551242
    0.04322113
    0.04934646
    0.07523492
   -0.15879224
    0.08520271
    0.40203584
   -0.41098900
    0.13047308
   -0.12070343
    0.05289260
    0.04405251
    0.05023322
   -0.10814270
    0.04646906
    0.04050570
    0.02763439
    0.13095015
   -0.40464397
   -0.11937675
    0.04909951
    0.04518310
    0.04921031
   -0.11943505
    0.04687815
    0.05274283
    0.04432409
    0.40313887
   -0.38508806
    0.12870544
   -0.12549659
    0.05515513
    0.05515848
    0.04884323
   -0.12112459
    0.04769239
    0.04462147
    0.05238341
    0.12762058
   -0.38335973
   -0.12394285
    0.05316920
    0.05406906
    0.04749465
   -0.12350375
    0.04531200
    0.05162354
    0.05038049
    0.40093400
   -0.37891667
    0.12507328
   -0.13005473
    0.05878907
    0.05381675
    0.04922305
   -0.12858038
    0.06018406
    0.04986503
    0.05125078
    0.12695615
   -0.38196923
   -0.12350923
    0.04999902
    0.05272841
    0.05427294
   -0.12160832
    0.03994040
    0.04908627
    0.05370340
    0.05044957
    0.04730325
   -0.02128052
   -0.03203785
   -0.03843603
   -0.04834656
    0.01872478
   -0.04525123
    0.03750406
    0.00730115
    0.02290336
    0.03039223
   -0.11767109
    0.05082821
    0.04236260
    0.04820095
