           1           2   1.30627148643213     
           2           3   1.34540041549401     
           3           4   1.48670013200593     
           4           5   1.37735943698253     
           1           6   1.38597873658236     
           3           6  0.106041887808469     
           5           6   1.46351868437231     
           6           7  0.957081771133913     
           5           8  0.968750892001458     
           3           9  0.961863518122409     
           2          10   1.09603152514101     
          10          11   1.29924238916087     
          11          12   1.38366811854263     
          12          13   1.46060747471520     
          13          14   1.38029014329005     
          10          15   1.35026019917076     
          12          15  0.105245510869027     
          14          15   1.48153829868839     
          15          16  0.961842650955830     
          13          17  0.969143304888504     
          12          18  0.948015743505628     
           1          19  0.449470382789604     
          11          19  0.438544968440326     
          19          20  0.528772049966318     
          19          21  0.719313455933639     
          21          22   1.08752790051713     
          22          23  0.943638633894439     
          23          24  0.996473919441005     
          24          25  0.982818606297491     
          24          26  0.983708971988452     
          24          27  0.983371625115197     
          23          28  0.989788261377961     
          28          29  0.984177946172723     
          28          30  0.984114817536247     
          28          31  0.985323716664440     
          23          32  0.941370829394630     
          21          33   1.10824291080704     
          32          33  0.940237218335805     
          32          34  0.990619312485137     
          34          35  0.982315573639958     
          34          36  0.983858708087610     
          34          37  0.982437987680087     
          32          38  0.996748704072239     
          38          39  0.983203262223785     
          38          40  0.982854501876385     
          38          41  0.983829129288216     
          19          42  0.862154294484389     
          42          43   1.11230712473713     
          43          44  0.937040388535972     
          44          45  0.996655801457812     
          45          46  0.982272403953997     
          45          47  0.981975831459949     
          45          48  0.983228784950631     
          44          49  0.990775816379217     
          49          50  0.983549717673156     
          49          51  0.982657969575119     
          49          52  0.979611786355586     
          44          53  0.939209391297288     
          42          54   1.10592675748169     
          53          54  0.935805747964922     
          53          55  0.996211997336175     
          55          56  0.982585317418396     
          55          57  0.982835583024308     
          55          58  0.983317890524711     
          53          59  0.991214794807422     
          59          60  0.982001913750478     
          59          61  0.983229328140598     
          59          62  0.983080348132980     
          19          63  0.874505689441852     
          63          64   1.10957766817070     
          64          65  0.939309877453836     
          65          66  0.991109204373793     
          66          67  0.978640403073350     
          66          68  0.982580102763576     
          66          69  0.983178543423819     
          65          70  0.996275691574879     
          70          71  0.982026115839097     
          70          72  0.983519071963870     
          70          73  0.982359866521104     
          65          74  0.937299499672270     
          63          75   1.11525547278191     
          74          75  0.937387211804180     
          74          76  0.995584687688785     
          76          77  0.983079313442810     
          76          78  0.982400743482298     
          76          79  0.981641261320428     
          74          80  0.991173332163241     
          80          81  0.983983598793860     
          80          82  0.983267959486146     
          80          83  0.983355071265831     
           4          84  0.969054374616447     
          14          85  0.969209536754772     
          19          86  0.587660729382812     
          20          86  0.350883760709280     
          86          87   1.39335570377777     
          86          88   1.37527609135058     
          87          89   1.43218216599293     
          88          89  0.105409305755440     
          87          90  0.963813931064191     
          87          91  0.104777999464803     
          88          91   1.45684375476487     
          88          92  0.960920558662476     
          89          93   1.41523167229215     
          91          93   1.39471460764010     
          89          94  0.967979017568474     
          91          95  0.968196174039087     
          93          96   1.02359231121957     
          96          97  0.969595290426497     
          96          98  0.985099012807013     
          96          99  0.978154979189855     
