   -0.12374080
    0.07792444
   -0.04176402
   -0.02225313
   -0.04332714
    0.04931837
    0.04999824
    0.05484556
    0.04550684
    0.07219684
   -0.13003673
    0.04271000
   -0.04489545
   -0.02533197
   -0.04427570
    0.04622062
    0.05053891
    0.06997938
   -0.14507937
    0.09168054
    0.40664767
   -0.40849823
    0.13055878
   -0.12126605
    0.05327689
    0.04605627
    0.05180533
   -0.11066947
    0.04894624
    0.04346315
    0.02900319
    0.13132471
   -0.40368716
   -0.12140736
    0.05441928
    0.04610579
    0.04774780
   -0.11915071
    0.04712923
    0.05182363
    0.04622339
    0.40704844
   -0.38430343
    0.12956444
   -0.12418509
    0.05522611
    0.05582179
    0.04953633
   -0.11980372
    0.04852686
    0.04520892
    0.05123636
    0.12814936
   -0.38329466
   -0.12309869
    0.05298201
    0.05341595
    0.04863508
   -0.11947058
    0.04306111
    0.05336114
    0.04951768
    0.40569473
   -0.37853553
    0.12587005
   -0.12733162
    0.05553142
    0.05436815
    0.04937616
   -0.12930917
    0.06094703
    0.05054415
    0.05277269
    0.12801976
   -0.38381438
   -0.12395164
    0.05143768
    0.05390437
    0.05456542
   -0.12210330
    0.04052374
    0.04957400
    0.05552073
    0.05179658
    0.04965928
   -0.03204346
    0.01376169
   -0.04794411
   -0.07045078
   -0.04464593
    0.06857540
    0.05834160
   -0.00549238
    0.05203252
    0.03470691
   -0.05163306
    0.04273939
   -0.21058772
   -0.11083260
   -0.10767432
    0.02982618
    0.04614655
    0.03814022
    0.03482016
    0.03799616
    0.03817323
    0.03919992
    0.02458090
