           1           2   1.30212287009550     
           2           3   1.34776603490212     
           3           4   1.48407826989297     
           4           5   1.37933001980830     
           1           6   1.38404702703319     
           3           6  0.105452970312907     
           5           6   1.46241398070867     
           6           7  0.957178439377998     
           5           8  0.968596160135748     
           3           9  0.961727424504827     
           2          10   1.09468597779926     
          10          11   1.29038838696871     
          11          12   1.37994226200760     
          12          13   1.45991561773121     
          13          14   1.38257305753042     
          10          15   1.35670044678314     
          12          15  0.103449661822147     
          14          15   1.47568327664383     
          15          16  0.961494990371199     
          13          17  0.968996480763596     
          12          18  0.951087182397894     
           1          19  0.445056349401386     
          11          19  0.440499294557907     
          19          20  0.542249058177041     
          19          21  0.700084739132445     
          21          22   1.09644440070187     
          22          23  0.939916199228482     
          23          24  0.996647076575523     
          24          25  0.982634550980809     
          24          26  0.983397069327788     
          24          27  0.983056932962597     
          23          28  0.990637029667098     
          28          29  0.983761363652700     
          28          30  0.983596848926764     
          28          31  0.984920968770656     
          23          32  0.940686999932759     
          21          33   1.11459234984025     
          32          33  0.937122554695513     
          32          34  0.991128133153066     
          34          35  0.979327856312355     
          34          36  0.983384513456599     
          34          37  0.981587729791631     
          32          38  0.996818891977786     
          38          39  0.983033325614896     
          38          40  0.982443262190328     
          38          41  0.983557374968206     
          19          42  0.839342970644532     
          42          43   1.11643785981522     
          43          44  0.935294048946120     
          44          45  0.996352589902225     
          45          46  0.980790740961102     
          45          47  0.981398166352007     
          45          48  0.982926561493286     
          44          49  0.991404783442327     
          49          50  0.983090842944130     
          49          51  0.982392044520035     
          49          52  0.979316286030595     
          44          53  0.937084867353672     
          42          54   1.11674654791915     
          53          54  0.933244449114937     
          53          55  0.995619392867391     
          55          56  0.982089665683541     
          55          57  0.982756423905256     
          55          58  0.982877038872758     
          53          59  0.992783999753176     
          59          60  0.980989498412233     
          59          61  0.982627022325181     
          59          62  0.982912359551695     
          19          63  0.846855558766863     
          63          64   1.10964712950073     
          64          65  0.937392028498895     
          65          66  0.991300454780616     
          66          67  0.978973825360946     
          66          68  0.982404983976047     
          66          69  0.983004163724626     
          65          70  0.996224415101985     
          70          71  0.981905716054556     
          70          72  0.983386171191165     
          70          73  0.982210218198336     
          65          74  0.938452136212869     
          63          75   1.11977211249818     
          74          75  0.932645411624482     
          74          76  0.996686540698308     
          76          77  0.982435103502888     
          76          78  0.981688223275887     
          76          79  0.981873137324565     
          74          80  0.991569522718805     
          80          81  0.983769982015663     
          80          82  0.983151193818756     
          80          83  0.983023222742001     
           4          84  0.968939146973398     
          14          85  0.969068822780721     
          19          86  0.590103272109501     
          20          86  0.339493608326975     
          86          87   1.35598935949841     
          86          88   1.36882061823276     
          87          89   1.01170191389591     
          87          90   1.40256565486977     
          88          91   1.43131791742178     
          88          92  0.956004162254734     
          89          93  0.975118801107813     
          89          94  0.951154741793969     
          89          95  0.972726571013230     
          90          96   1.43602813174467     
          91          96   1.39621660181096     
          90          97  0.963678641881276     
          91          98  0.944372810286031     
          93          99   1.01090978846540     
          93         100   1.00770062346981     
          93         101  0.966362856868291     
          96         102  0.968405805482419     
          99         103  0.986121519294446     
          99         104  0.984510368322000     
          99         105  0.985856714343144     
         100         106  0.986556967875363     
         100         107  0.985656808471566     
         100         108  0.985563728601739     
