   -0.12067642
    0.07929691
   -0.04201989
   -0.02134415
   -0.04330621
    0.04844796
    0.05576267
    0.05683666
    0.04574521
    0.07694242
   -0.12862660
    0.04161282
   -0.04448725
   -0.02192936
   -0.04317204
    0.04621624
    0.04796554
    0.07705455
   -0.15106546
    0.09313615
    0.40228698
   -0.40941935
    0.13044622
   -0.12159519
    0.05452683
    0.04405020
    0.05049549
   -0.10725243
    0.04618799
    0.03972857
    0.02570159
    0.13094998
   -0.40434730
   -0.12023332
    0.04820018
    0.04629671
    0.05091738
   -0.11923859
    0.04544397
    0.05323224
    0.04441279
    0.40158906
   -0.38417810
    0.12832048
   -0.12769111
    0.05649477
    0.05659812
    0.04951241
   -0.12269821
    0.04709929
    0.04674600
    0.05411069
    0.12717165
   -0.38260369
   -0.12348958
    0.05208010
    0.05258201
    0.04800705
   -0.12668496
    0.05024512
    0.05241658
    0.05040235
    0.39734742
   -0.37159319
    0.12410959
   -0.13316077
    0.06024626
    0.05584508
    0.05082272
   -0.13027327
    0.06066542
    0.05063330
    0.05348321
    0.12596784
   -0.37661482
   -0.12532656
    0.05061057
    0.05239572
    0.05665845
   -0.12405811
    0.04061605
    0.05099958
    0.05422307
    0.05255500
    0.04823685
   -0.02915180
   -0.02744552
    0.02612912
   -0.02376500
    0.03967770
   -0.14194860
   -0.04487897
    0.22207515
   -0.03960813
    0.07787284
    0.07800759
    0.05493317
    0.04535431
   -0.33113699
   -0.25333950
    0.03926963
    0.06042317
    0.11432764
   -0.05000154
   -0.05893711
   -0.04256477
    0.05308974
   -0.04136179
    0.05350582
    0.05185251
    0.05402116
