           1           2   1.31982377885031     
           2           3   1.35130727824293     
           3           4   1.48030993651541     
           4           5   1.38753744603855     
           1           6   1.39341908604103     
           3           6  0.106132975349040     
           5           6   1.45620334319876     
           6           7  0.956378797982710     
           5           8  0.968365427168878     
           3           9  0.961791931649435     
           2          10   1.08592301142535     
          10          11   1.31386337846281     
          11          12   1.39391559902457     
          12          13   1.45254734120130     
          13          14   1.39053211497289     
          10          15   1.35442475118447     
          12          15  0.105654540608399     
          14          15   1.47643329603393     
          15          16  0.961633436997919     
          13          17  0.969256887597106     
          12          18  0.946749758958607     
           1          19  0.420605339467356     
          11          19  0.395464997216817     
          19          20  0.525706502035105     
          19          21  0.730418136349381     
          21          22   1.08883742943111     
          22          23  0.943841906989597     
          23          24  0.996547372826941     
          24          25  0.982623761842574     
          24          26  0.983677041622988     
          24          27  0.983339600540698     
          23          28  0.989648729862141     
          28          29  0.984142094834511     
          28          30  0.984084496598089     
          28          31  0.985078225249491     
          23          32  0.941640972304045     
          21          33   1.10615579236972     
          32          33  0.940213756180015     
          32          34  0.990717447396909     
          34          35  0.983428541864656     
          34          36  0.983778506314467     
          34          37  0.982044352478584     
          32          38  0.996790329260358     
          38          39  0.983311170122512     
          38          40  0.982579839556781     
          38          41  0.983759889656135     
          19          42  0.862230378797019     
          42          43   1.10897450367684     
          43          44  0.937034131356686     
          44          45  0.996253297517543     
          45          46  0.981674211446453     
          45          47  0.981647519626624     
          45          48  0.983130006179056     
          44          49  0.991129743445887     
          49          50  0.983422097568368     
          49          51  0.982964848795735     
          49          52  0.978357775517101     
          44          53  0.938376882086179     
          42          54   1.10660270543562     
          53          54  0.934507668478869     
          53          55  0.996079026043557     
          55          56  0.982600470060166     
          55          57  0.982907000535324     
          55          58  0.983160187737285     
          53          59  0.991587473524945     
          59          60  0.981131098116693     
          59          61  0.983032898995333     
          59          62  0.982995358869130     
          19          63  0.885455564792212     
          63          64   1.11630547603499     
          64          65  0.937212949974009     
          65          66  0.991443521842761     
          66          67  0.978451295780338     
          66          68  0.982272432111867     
          66          69  0.983018858413992     
          65          70  0.996910131811351     
          70          71  0.981988301439548     
          70          72  0.983239651911212     
          70          73  0.982166177923472     
          65          74  0.938301651891693     
          63          75   1.11331966923232     
          74          75  0.937386609171184     
          74          76  0.995811915939957     
          76          77  0.983116507858683     
          76          78  0.982720185480482     
          76          79  0.982137109238935     
          74          80  0.990730179809464     
          80          81  0.983662229841336     
          80          82  0.983174735631657     
          80          83  0.983340055018998     
           4          84  0.968780557749898     
          14          85  0.969051124597749     
          19          86  0.579623407843335     
          20          86  0.354077134975890     
          86          87   1.42737057052611     
          86          88   1.32888300548600     
          87          89   1.33936471450270     
          87          90  0.959253212928962     
          88          91   1.03344106193019     
          88          92   1.40110433197983     
          89          93   1.09685358280145     
          89          94   1.35526195099445     
          92          94   1.45555420728163     
          91          95  0.947574200267293     
          91          96  0.955495075896409     
          91          97  0.982757167807003     
          92          98  0.965016696249263     
          93          99   1.55878824489216     
          93         100   1.06806914689591     
          94         101  0.968074887889601     
          99         102   1.19037610631909     
         100         103   1.06259647569220     
         102         103   1.26714066751992     
         102         104   1.33911881843934     
         103         105   1.37290296636932     
         104         105  0.112268827844377     
         104         106   1.48359979535761     
         104         107  0.967850977226651     
         105         108   1.46136294000005     
         106         108   1.39906308355564     
         105         109  0.966655565501726     
         106         110  0.969587820740238     
         108         111  0.969753085125747     
