   -0.12297851
    0.07902140
   -0.04183897
   -0.02149866
   -0.04263944
    0.04918557
    0.05371943
    0.05500817
    0.04610117
    0.07461613
   -0.12238582
    0.04260665
   -0.04547767
   -0.02446351
   -0.04662205
    0.04743389
    0.05249794
    0.07606966
   -0.15258217
    0.08187765
    0.39840617
   -0.41110487
    0.13069300
   -0.12047855
    0.05276375
    0.04392619
    0.04934974
   -0.10906851
    0.04608772
    0.04045077
    0.02974832
    0.13103248
   -0.40379838
   -0.11832599
    0.04638066
    0.04592351
    0.04870784
   -0.11895759
    0.04711243
    0.05202039
    0.04406412
    0.40434484
   -0.37856966
    0.12789360
   -0.12667634
    0.05497955
    0.05706230
    0.04903995
   -0.12222824
    0.04781694
    0.04491650
    0.05349240
    0.12724272
   -0.38234962
   -0.12373601
    0.05254252
    0.05393437
    0.04780239
   -0.12454353
    0.04601565
    0.05219028
    0.05128928
    0.39791066
   -0.37422669
    0.12513217
   -0.12840636
    0.05648408
    0.05450313
    0.04849474
   -0.12941462
    0.06052577
    0.04954660
    0.05274009
    0.12641768
   -0.38549513
   -0.12357241
    0.04960610
    0.05199060
    0.05366700
   -0.12279406
    0.03989399
    0.05118687
    0.05334148
    0.05178788
    0.05094358
   -0.02025125
   -0.05979855
   -0.04458779
    0.05268930
    0.03442787
   -0.04067421
    0.04521626
   -0.01557751
   -0.08420996
    0.03477471
   -0.03159451
    0.21534558
   -0.06254929
   -0.12187764
    0.02832370
   -0.04991256
    0.06680171
    0.05742001
    0.05007382
    0.01676428
   -0.03312909
   -0.03440523
   -0.03027053
    0.05301335
   -0.03095457
    0.05324103
   -0.03830242
    0.04848676
    0.04836094
    0.48409667
   -0.22262421
   -0.22297057
   -0.23065321
