           1           2   1.31419432167141     
           2           3   1.35309794231439     
           3           4   1.47852211381440     
           4           5   1.38748501326375     
           1           6   1.39147880474992     
           3           6  0.105670614310467     
           5           6   1.45648987754378     
           6           7  0.956484570378271     
           5           8  0.968601552338373     
           3           9  0.962738328155422     
           2          10   1.08538688992325     
          10          11   1.30999771363662     
          11          12   1.38834031736579     
          12          13   1.45601461593223     
          13          14   1.38680963899316     
          10          15   1.35464590409983     
          12          15  0.105703500713593     
          14          15   1.47727484805056     
          15          16  0.962519776214096     
          13          17  0.968802671514197     
          12          18  0.948177298756402     
           1          19  0.424687842409617     
          11          19  0.436947181758287     
          19          20  0.522681756899664     
          19          21  0.724632421918488     
          21          22   1.08496028904117     
          22          23  0.944736253764683     
          23          24  0.996527387791259     
          24          25  0.982700526527519     
          24          26  0.983781665123991     
          24          27  0.983398989829922     
          23          28  0.989527049187011     
          28          29  0.984192534040375     
          28          30  0.984130401300489     
          28          31  0.985432135760496     
          23          32  0.941112969667540     
          21          33   1.10993738001454     
          32          33  0.941164677159345     
          32          34  0.990669052307602     
          34          35  0.983595885601479     
          34          36  0.983827679589158     
          34          37  0.982761748721778     
          32          38  0.996469394313944     
          38          39  0.983155659161923     
          38          40  0.982636730790926     
          38          41  0.983798259955986     
          19          42  0.855042045712832     
          42          43   1.12302876619057     
          43          44  0.937275730016271     
          44          45  0.996287151181572     
          45          46  0.982102911134910     
          45          47  0.981688938682872     
          45          48  0.983306660535837     
          44          49  0.991004202694107     
          49          50  0.983346354118639     
          49          51  0.983001730137735     
          49          52  0.979010506228019     
          44          53  0.937545143108104     
          42          54   1.10493119149912     
          53          54  0.936069590478708     
          53          55  0.996044064095380     
          55          56  0.982383964591923     
          55          57  0.982732811075507     
          55          58  0.983185966875181     
          53          59  0.991737903858403     
          59          60  0.982378826451231     
          59          61  0.983058735157996     
          59          62  0.982892793034556     
          19          63  0.869256287957602     
          63          64   1.11730832162134     
          64          65  0.939994823129120     
          65          66  0.991140595113586     
          66          67  0.979225924531570     
          66          68  0.982454189374218     
          66          69  0.983232674486541     
          65          70  0.996226076989698     
          70          71  0.981965501049148     
          70          72  0.983547695066765     
          70          73  0.982137542797986     
          65          74  0.937532390710486     
          63          75   1.10836792855696     
          74          75  0.937863276583601     
          74          76  0.995924701287012     
          76          77  0.983081726493889     
          76          78  0.982708922505677     
          76          79  0.982483188260020     
          74          80  0.991148994926231     
          80          81  0.983207215214535     
          80          82  0.983160939475682     
          80          83  0.983364014793785     
           4          84  0.968860347727438     
          14          85  0.968829527104729     
          19          86  0.599824579401465     
          20          86  0.352716086614967     
          86          87   1.44175229378049     
          86          88   1.30802786019623     
          87          89   1.32370366895691     
          87          90  0.956906125888060     
          88          91   1.52525805427613     
          88          92  0.959037369286323     
          89          93   1.26962276095586     
          91          93   1.30583907535431     
          89          94   1.16749758171625     
          91          95  0.965918269726246     
          93          96   1.21020390403229     
          94          97   1.24429279012601     
          94          98   1.00709519594010     
          96          99   1.67724187450853     
          97          99   1.12896034454582     
          96         100  0.964517595058329     
          97         101  0.959802472622213     
          98         102  0.976091445035208     
          98         103  0.973163661413953     
          98         104  0.974502632747053     
          99         105  0.973854259990716     
         101         106   1.40165345522976     
         101         107   1.39850703245519     
         106         108   1.45462926241243     
         107         108  0.104418857813643     
         106         109  0.968778389514207     
         106         110  0.104767535429368     
         107         110   1.45444424327288     
         107         111  0.968634260835588     
         101         112  0.106400264470183     
         108         112   1.39982808121598     
         110         112   1.39923645829615     
         108         113  0.967766634515927     
         110         114  0.967732058228828     
         112         115  0.952346641499619     
         115         116  0.939312392790535     
         115         117  0.938562525680035     
         115         118  0.924060176154932     
