   -0.12179807
    0.07731029
   -0.04206059
   -0.02244959
   -0.04340344
    0.04861573
    0.05174672
    0.05463127
    0.04525802
    0.07291376
   -0.12289663
    0.04205798
   -0.04502957
   -0.02436763
   -0.04545768
    0.04545115
    0.05135618
    0.07670963
   -0.15518387
    0.08238330
    0.40134587
   -0.41211068
    0.13079155
   -0.12057735
    0.05295854
    0.04423582
    0.04996577
   -0.10805270
    0.04651270
    0.04043440
    0.02778168
    0.13102786
   -0.40418903
   -0.11867282
    0.04700729
    0.04593632
    0.04946351
   -0.11915850
    0.04700011
    0.05250252
    0.04441436
    0.40561529
   -0.38224155
    0.12849897
   -0.12616976
    0.05536186
    0.05620320
    0.04941601
   -0.12154075
    0.04823542
    0.04488139
    0.05291833
    0.12755011
   -0.38182288
   -0.12406364
    0.05321025
    0.05453294
    0.04808641
   -0.12415259
    0.04542103
    0.05231358
    0.05107127
    0.39964599
   -0.37667938
    0.12502922
   -0.13000483
    0.05882708
    0.05418168
    0.04914906
   -0.12895382
    0.06038141
    0.05009877
    0.05173664
    0.12657315
   -0.38295746
   -0.12339750
    0.05006524
    0.05210004
    0.05411993
   -0.12223293
    0.03991903
    0.05048567
    0.05370752
    0.05157433
    0.04945910
   -0.02091728
   -0.03208774
   -0.03676791
   -0.04524426
    0.02209987
   -0.03881001
    0.04216409
   -0.00660331
    0.02541219
    0.03627878
    0.04301599
   -0.12179762
   -0.08441321
    0.04438782
    0.18496818
   -0.01667864
    0.02444535
   -0.05891009
   -0.04363877
   -0.04324315
    0.02459276
   -0.04676194
    0.02376888
    0.02336544
    0.02081760
