           1           2   1.30797387973534     
           2           3   1.34856693186292     
           3           4   1.48355154600146     
           4           5   1.38075671520258     
           1           6   1.38591774460372     
           3           6  0.105771429213462     
           5           6   1.46186797339581     
           6           7  0.956764243636271     
           5           8  0.968609001281980     
           3           9  0.962103256183136     
           2          10   1.09253918543332     
          10          11   1.30239306162206     
          11          12   1.38395853500882     
          12          13   1.45948623720753     
          13          14   1.38255935412374     
          10          15   1.35186971366589     
          12          15  0.105419417666770     
          14          15   1.48031234779159     
          15          16  0.961979704270184     
          13          17  0.968908899805408     
          12          18  0.947617304684334     
           1          19  0.444308505938954     
          11          19  0.444478981985787     
          19          20  0.539180407748131     
          19          21  0.713058356351678     
          21          22   1.08692722415388     
          22          23  0.943649809777129     
          23          24  0.996598569431195     
          24          25  0.982730512481884     
          24          26  0.983707886346145     
          24          27  0.983354442266356     
          23          28  0.989725386303305     
          28          29  0.984126821864124     
          28          30  0.984071153089465     
          28          31  0.985357969113041     
          23          32  0.941341987273028     
          21          33   1.10977668866422     
          32          33  0.940141715232519     
          32          34  0.990759264435306     
          34          35  0.983215214050114     
          34          36  0.983799396937353     
          34          37  0.982415378577914     
          32          38  0.996629397434960     
          38          39  0.983209038645687     
          38          40  0.982736893707051     
          38          41  0.983781756486557     
          19          42  0.853574724231806     
          42          43   1.11839289974571     
          43          44  0.935858112932721     
          44          45  0.996716350538308     
          45          46  0.982119863244164     
          45          47  0.981680070826056     
          45          48  0.983135266065498     
          44          49  0.991014195216084     
          49          50  0.983409087788820     
          49          51  0.983018635630050     
          49          52  0.979290392504273     
          44          53  0.938807150792138     
          42          54   1.10755104409259     
          53          54  0.935020653874337     
          53          55  0.996291548217066     
          55          56  0.982523303522802     
          55          57  0.982730391599039     
          55          58  0.983188415495903     
          53          59  0.991504564394522     
          59          60  0.981837980501166     
          59          61  0.983063235462386     
          59          62  0.982910690307006     
          19          63  0.868299140917904     
          63          64   1.11502133570065     
          64          65  0.938950952349623     
          65          66  0.991259417172911     
          66          67  0.978440881506525     
          66          68  0.982509864437351     
          66          69  0.983102614572199     
          65          70  0.996289954768807     
          70          71  0.981970918657429     
          70          72  0.983458515058078     
          70          73  0.982223733648663     
          65          74  0.937213936503976     
          63          75   1.11407375794217     
          74          75  0.937244691701974     
          74          76  0.995583308804620     
          76          77  0.983028267493731     
          76          78  0.982547097458826     
          76          79  0.982124693001746     
          74          80  0.991331956102758     
          80          81  0.983609483452777     
          80          82  0.983181515689583     
          80          83  0.983338874073814     
           4          84  0.968931578035925     
          14          85  0.968999002665466     
          19          86  0.608226351588659     
          20          86  0.337828759636430     
          86          87   1.37902967539361     
          86          88   1.36044885104238     
          87          89   1.45250991566820     
          87          90  0.963771413583987     
          88          91   1.47782252259530     
          88          92  0.959425280580352     
          89          93   1.37042070949431     
          91          93   1.35144189929723     
          89          94  0.965798447883203     
          91          95  0.966571181379375     
          93          96   1.08591403520258     
          96          97   1.16865557484180     
          96          98   1.51370508584758     
          97          99   1.18817947557515     
          97         100  0.933240187892926     
          98         101   1.25099474804906     
          99         101   1.23175389040037     
          98         102  0.972498592200766     
          99         103   1.34092090129746     
         101         104   1.32221675333474     
         103         104  0.109627472842946     
         103         105   1.48807590391876     
         103         106  0.968530636845180     
         104         107   1.50611054596514     
         105         107   1.36933329826204     
         104         108  0.969998736100571     
         105         109  0.972354624753362     
         107         110  0.972011452726122     
