           1           2   1.50734956785512     
           2           3   1.36454885469959     
           1           4  0.112494652371105     
           3           4   1.49861248868810     
           4           5   1.33182787652883     
           5           6   1.17241171596305     
           6           7  0.987580726346277     
           7           8  0.984076071536397     
           8           9  0.900830226933747     
           8          10  0.901310907123591     
           8          11  0.887800415995633     
           6          12   1.17858107231164     
          12          13   1.56063583660144     
          13          14   1.02871498736550     
           1          15   1.32913530440977     
           5          15   1.22641740980039     
          13          15   1.21241508689655     
           1          16  0.968943686515924     
           2          17  0.971831112527347     
           3          18  0.972013575717631     
           4          19  0.968095580905249     
           9          20  0.982835982203570     
           9          21  0.982562481358020     
           9          22  0.989231851980969     
          10          23  0.984155714819723     
          10          24  0.989343159481676     
          10          25  0.982987610912779     
          11          26  0.984865531632344     
          11          27  0.985490267407958     
          11          28  0.995214394704562     
          12          29  0.968423256572438     
          14          30  0.985389831731275     
          14          31  0.973872648756859     
          14          32  0.972933181959003     
