   -0.12245460
    0.07510882
   -0.04344731
   -0.02375415
   -0.04482871
    0.04772914
    0.05080012
    0.05301567
    0.04407361
    0.07182928
   -0.12432434
    0.04196989
   -0.04621339
   -0.02561320
   -0.04580685
    0.04304451
    0.04808068
    0.07411159
   -0.15924844
    0.08655539
    0.40194052
   -0.41168506
    0.13049079
   -0.12087619
    0.05287868
    0.04415835
    0.05034819
   -0.10787381
    0.04633706
    0.04032808
    0.02749831
    0.13086364
   -0.40370948
   -0.11849827
    0.04693391
    0.04581481
    0.04921102
   -0.11903444
    0.04692211
    0.05222956
    0.04433106
    0.40556691
   -0.38390012
    0.12883044
   -0.12578256
    0.05754048
    0.05489540
    0.04851068
   -0.12046577
    0.04791463
    0.04497332
    0.05104227
    0.12774648
   -0.38367959
   -0.12309607
    0.05260601
    0.05296385
    0.04746938
   -0.12254089
    0.04912379
    0.05136378
    0.04699957
    0.40013574
   -0.37852176
    0.12526440
   -0.12953351
    0.05835789
    0.05411021
    0.04885147
   -0.12846028
    0.06001844
    0.04979655
    0.05125838
    0.12664855
   -0.38244585
   -0.12329395
    0.04976038
    0.05233603
    0.05412827
   -0.12193796
    0.03971016
    0.04941039
    0.05354453
    0.04996940
    0.04695642
   -0.02773102
   -0.04895072
   -0.05808540
   -0.01574846
    0.02331697
    0.05509234
    0.04424200
    0.02126126
   -0.11240827
   -0.32913116
   -0.14573192
    0.04093332
    0.04670473
    0.04707297
    0.14846141
    0.19294152
   -0.13918276
    0.07867518
    0.06724246
    0.06764310
