           1           2   1.30349211654768     
           2           3   1.34529083580324     
           3           4   1.48697900713679     
           4           5   1.37594557666566     
           1           6   1.38446405568201     
           3           6  0.105902217370735     
           5           6   1.46452912111968     
           6           7  0.957000014365970     
           5           8  0.968796723324395     
           3           9  0.961924578160931     
           2          10   1.09690743105389     
          10          11   1.29770684708170     
          11          12   1.38352385247719     
          12          13   1.46107141411105     
          13          14   1.37865920641924     
          10          15   1.34884368970904     
          12          15  0.105364341476647     
          14          15   1.48286217870467     
          15          16  0.961893163186398     
          13          17  0.969275471517940     
          12          18  0.947937408150859     
           1          19  0.454569852698956     
          11          19  0.444718385703514     
          19          20  0.529607697887995     
          19          21  0.720627615946769     
          21          22   1.08524119496100     
          22          23  0.944044759585600     
          23          24  0.996455820148985     
          24          25  0.982830910767846     
          24          26  0.983712240781630     
          24          27  0.983359138750356     
          23          28  0.989668671455873     
          28          29  0.984170790429560     
          28          30  0.984099059152355     
          28          31  0.985240426046525     
          23          32  0.941106312775374     
          21          33   1.10935419413047     
          32          33  0.940958824051396     
          32          34  0.990573881603816     
          34          35  0.983276002898172     
          34          36  0.983839668727228     
          34          37  0.982441657093767     
          32          38  0.996448616678085     
          38          39  0.983219137305718     
          38          40  0.982912766048085     
          38          41  0.983870573518312     
          19          42  0.854782802435473     
          42          43   1.11539559386887     
          43          44  0.936732996037676     
          44          45  0.996638557827596     
          45          46  0.981907105556535     
          45          47  0.981786600882910     
          45          48  0.983213256789364     
          44          49  0.990654942954559     
          49          50  0.983544558158193     
          49          51  0.982645315654569     
          49          52  0.980236024578578     
          44          53  0.938750292854836     
          42          54   1.10631236020710     
          53          54  0.935450434894363     
          53          55  0.995802231606389     
          55          56  0.982593453440408     
          55          57  0.982961479710195     
          55          58  0.983376181050566     
          53          59  0.991624886928759     
          59          60  0.981442159776557     
          59          61  0.983027280835251     
          59          62  0.983237465029280     
          19          63  0.872389201943409     
          63          64   1.11276143505546     
          64          65  0.939076192588165     
          65          66  0.991238435381228     
          66          67  0.978430592742295     
          66          68  0.982506940813713     
          66          69  0.983231304360513     
          65          70  0.996248859690153     
          70          71  0.982102242113453     
          70          72  0.983533205851811     
          70          73  0.982384773952251     
          65          74  0.937296943959918     
          63          75   1.11190763061110     
          74          75  0.938317377705789     
          74          76  0.995483646021449     
          76          77  0.983214455440466     
          76          78  0.982615229133509     
          76          79  0.981630023336159     
          74          80  0.990861873127802     
          80          81  0.983983515088089     
          80          82  0.983310170526348     
          80          83  0.983457661246362     
           4          84  0.969117515673451     
          14          85  0.969248445478707     
          19          86  0.586359786931165     
          20          86  0.348660763537479     
          86          87   1.34344863464551     
          86          88   1.42958065450342     
          87          89   1.44707602754241     
          88          89  0.106614388134246     
          87          90  0.961511989128199     
          88          91   1.33614028994700     
          88          92  0.957819911442297     
          89          93   1.32289097044316     
          91          93   1.25788604314752     
          89          94   1.01945462976379     
          91          95   1.19211216145260     
          93          96   1.14582146490293     
          95          96  0.111096394502377     
          94          97  0.985476343437205     
          94          98  0.973339205699451     
          94          99  0.974883773720230     
          95         100   1.55922365525584     
          96         100   1.20782511791694     
          96         101  0.932705313084459     
         100         102   1.02941102388394     
         102         103  0.979998517939509     
         102         104  0.967086482609448     
         102         105  0.967130865952713     
