           1           2   1.47803447993543     
           2           3   1.38290071741668     
           3           4   1.45682800815860     
           4           5   1.34713524139193     
           5           6   1.20708080721582     
           6           7   1.18657685242344     
           7           8   1.58780588663982     
           1           9   1.35753246267415     
           5           9   1.20305090087634     
           8           9   1.20488987954764     
           8          10   1.01684208073938     
          10          11   1.00210551651032     
           1          12  0.968111346718237     
           2          13  0.971025458187738     
           3          14  0.965425244546752     
           6          15  0.924766593779208     
           7          16  0.968559511539566     
          10          17  0.975538758040456     
          10          18  0.971860252396654     
          11          19  0.988761842540103     
          11          20  0.986544601027917     
          11          21  0.988393369079834     
