   -0.12079131
    0.07646266
   -0.04302393
   -0.02257966
   -0.04389097
    0.04769728
    0.05295743
    0.05519769
    0.04608491
    0.07275328
   -0.12669147
    0.04187516
   -0.04515617
   -0.02463873
   -0.04543686
    0.04519512
    0.05005701
    0.07533402
   -0.15634295
    0.09110173
    0.40148900
   -0.40887595
    0.13008903
   -0.12148831
    0.05370415
    0.04455800
    0.05074007
   -0.10900692
    0.04706759
    0.04116777
    0.02793393
    0.13063981
   -0.40297124
   -0.12041002
    0.05003908
    0.04574630
    0.04970524
   -0.11994987
    0.04705410
    0.05305453
    0.04480370
    0.40146608
   -0.38362055
    0.12840255
   -0.12604120
    0.05506539
    0.05583221
    0.04914900
   -0.12187310
    0.04807412
    0.04550888
    0.05326675
    0.12742646
   -0.38303201
   -0.12423443
    0.05406317
    0.05387403
    0.04792485
   -0.12372016
    0.04442382
    0.05234603
    0.04937188
    0.39949498
   -0.37811948
    0.12470869
   -0.13089216
    0.05956643
    0.05374887
    0.04964040
   -0.12909731
    0.06019865
    0.05027351
    0.05158054
    0.12659453
   -0.37923705
   -0.12412486
    0.05037909
    0.05334015
    0.05464477
   -0.12259029
    0.04081907
    0.04992471
    0.05414426
    0.05202404
    0.04883710
   -0.02663964
   -0.03977131
   -0.04014298
   -0.01998886
    0.02924013
   -0.05867983
    0.05137687
    0.11204686
   -0.07656785
    0.04708546
   -0.22783021
    0.07072356
    0.04260184
    0.05575932
