           1           2   1.30964813036708     
           2           3   1.34785338967712     
           3           4   1.48413716781747     
           4           5   1.38092421002286     
           1           6   1.38762775099587     
           3           6  0.105935393126853     
           5           6   1.46112628609706     
           6           7  0.956901307312461     
           5           8  0.968538600032680     
           3           9  0.961736100388164     
           2          10   1.09251503817987     
          10          11   1.30328667082197     
          11          12   1.38726674518627     
          12          13   1.45751745788959     
          13          14   1.38413738008862     
          10          15   1.35246605300330     
          12          15  0.105223520980739     
          14          15   1.47925429276850     
          15          16  0.961686796847979     
          13          17  0.969074809309273     
          12          18  0.948073202462104     
           1          19  0.444700342699194     
          11          19  0.430586244539206     
          19          20  0.526682530369383     
          19          21  0.729461836183081     
          21          22   1.08936131511937     
          22          23  0.943156926803125     
          23          24  0.996512368516365     
          24          25  0.982732168048670     
          24          26  0.983646446319664     
          24          27  0.983312146561450     
          23          28  0.989870391231339     
          28          29  0.984127196667183     
          28          30  0.984074321326705     
          28          31  0.985324258629972     
          23          32  0.941305491692815     
          21          33   1.10981304758615     
          32          33  0.939798439164248     
          32          34  0.990651650608496     
          34          35  0.982166575412843     
          34          36  0.983785959996592     
          34          37  0.982335138391569     
          32          38  0.996823408647217     
          38          39  0.983171016610753     
          38          40  0.982801604284317     
          38          41  0.983777442293360     
          19          42  0.860896588685405     
          42          43   1.11472202846956     
          43          44  0.936628930475404     
          44          45  0.996730353119397     
          45          46  0.982260510938658     
          45          47  0.981811167297999     
          45          48  0.983156612104885     
          44          49  0.990850260791390     
          49          50  0.983471393130683     
          49          51  0.982471413860397     
          49          52  0.979437618777548     
          44          53  0.939143317411193     
          42          54   1.10677323515144     
          53          54  0.935458438404675     
          53          55  0.996261454165545     
          55          56  0.982489709716712     
          55          57  0.982842354979752     
          55          58  0.983227684268355     
          53          59  0.991341042144082     
          59          60  0.982120373652107     
          59          61  0.983104362499255     
          59          62  0.983141222788091     
          19          63  0.871848358561954     
          63          64   1.11014407442592     
          64          65  0.938985905865460     
          65          66  0.991186576492128     
          66          67  0.978361933581662     
          66          68  0.982569224213869     
          66          69  0.983102598800492     
          65          70  0.996245649478342     
          70          71  0.981992693329662     
          70          72  0.983481137848601     
          70          73  0.982287760832211     
          65          74  0.937110128262017     
          63          75   1.11888138100891     
          74          75  0.936784800746066     
          74          76  0.995592231248113     
          76          77  0.983009580335629     
          76          78  0.982322291876272     
          76          79  0.981473363164131     
          74          80  0.991354766984325     
          80          81  0.983923825128800     
          80          82  0.983158060618453     
          80          83  0.983284751024631     
           4          84  0.968887845188362     
          14          85  0.969050863391805     
          19          86  0.580613013277219     
          20          86  0.354861199985228     
          86          87   1.44648178794950     
          86          88   1.32927825048282     
          87          89   1.32245687279736     
          87          90  0.962443574881256     
          87          91  0.108186490323932     
          88          91   1.48920841105418     
          88          92  0.960530169678476     
          89          93   1.28451669839402     
          91          93   1.34442981910914     
          89          94   1.19183604335070     
          91          95  0.965793314201183     
          93          96   1.06999017942569     
          94          97   1.67081771382052     
          96          97   1.09718568659044     
          94          98  0.972930677292312     
          97          99  0.965181562646310     
