           1           2  0.999271330630121     
           2           3   1.69715575288714     
           2           4   1.14589830420581     
           3           4  0.172835741713697     
           4           5  0.945719008246574     
           1           6   1.38249516835778     
           6           7   1.46625628438353     
           7           8   1.35482494317202     
           8           9   1.09568781857615     
           9          10   2.79999550717403     
           6          11  0.102899870048630     
           8          11   1.35588567075324     
           1          12   1.38239905876685     
           7          12  0.102505990071927     
          11          12   1.46518738255317     
           5          13  0.977704865961684     
           5          14  0.975701497985607     
           5          15  0.974073067964830     
           6          16  0.962473596901855     
           7          17  0.966914636098881     
          11          18  0.966912862555217     
          12          19  0.962559189627210     
