   -0.12459527
    0.07764562
   -0.04245026
   -0.02224905
   -0.04352887
    0.04802036
    0.05200950
    0.05511653
    0.04673485
    0.07223287
   -0.12084506
    0.04287580
   -0.04456324
   -0.02512256
   -0.04534836
    0.04651366
    0.05182709
    0.07587931
   -0.16039158
    0.09590547
    0.40439830
   -0.40911302
    0.13020627
   -0.12039631
    0.05236739
    0.04474012
    0.05076823
   -0.10958318
    0.04762991
    0.04230787
    0.02799930
    0.13107322
   -0.40485441
   -0.12057855
    0.05226578
    0.04515855
    0.04835483
   -0.11945142
    0.04676577
    0.05239627
    0.04514552
    0.40557109
   -0.38781976
    0.12921384
   -0.12458619
    0.05342324
    0.05499041
    0.04903513
   -0.12066519
    0.04762749
    0.04479977
    0.05255284
    0.12787732
   -0.38164585
   -0.12397596
    0.05384541
    0.05463843
    0.04772529
   -0.12217293
    0.04229421
    0.05174909
    0.05135795
    0.40335736
   -0.38018875
    0.12536802
   -0.12908971
    0.05732176
    0.05326972
    0.04921129
   -0.12874031
    0.06034648
    0.04988004
    0.05197951
    0.12784089
   -0.38300027
   -0.12301506
    0.05021421
    0.05308580
    0.05377113
   -0.12083613
    0.04021479
    0.04767910
    0.05420348
    0.05252766
    0.04969200
   -0.04733492
    0.02131689
   -0.04906969
   -0.10484159
   -0.10176782
   -0.02718419
    0.03836022
    0.05238376
    0.04680973
    0.03841447
    0.03871726
