           1           2   1.30632896863316     
           2           3   1.35073286627003     
           3           4   1.48146950356941     
           4           5   1.38271022527103     
           1           6   1.38756276001518     
           3           6  0.105280543035020     
           5           6   1.45980220055339     
           6           7  0.957365583061358     
           5           8  0.968550664997992     
           3           9  0.961700685402583     
           2          10   1.09185617722120     
          10          11   1.30055730270611     
          11          12   1.38475794192065     
          12          13   1.45709854352502     
          13          14   1.38550872780119     
          10          15   1.35558916618987     
          12          15  0.104504260391263     
          14          15   1.47643266564551     
          15          16  0.961620028866796     
          13          17  0.968872458480222     
          12          18  0.948357373617411     
           1          19  0.439979141379351     
          11          19  0.447022494027080     
          19          20  0.551671734086603     
          19          21  0.722743933509218     
          21          22   1.09168122446920     
          22          23  0.942639159061103     
          23          24  0.996290874910891     
          24          25  0.982763983294916     
          24          26  0.983626783143092     
          24          27  0.983188081589295     
          23          28  0.990185531243748     
          28          29  0.983990803890031     
          28          30  0.983923939994647     
          28          31  0.985173955116460     
          23          32  0.940704570474792     
          21          33   1.11086622827165     
          32          33  0.938937530089757     
          32          34  0.990962417250396     
          34          35  0.980523647552635     
          34          36  0.983537541510254     
          34          37  0.981841497702636     
          32          38  0.996875614776062     
          38          39  0.983146800136823     
          38          40  0.982848696975840     
          38          41  0.983738140948092     
          19          42  0.862731534504295     
          42          43   1.10836673668228     
          43          44  0.936839269614374     
          44          45  0.996768333697350     
          45          46  0.982409363623105     
          45          47  0.981911500862573     
          45          48  0.983183869648748     
          44          49  0.990841116074122     
          49          50  0.983460310277658     
          49          51  0.981899002589109     
          49          52  0.979013673139235     
          44          53  0.938853380875831     
          42          54   1.11048297908616     
          53          54  0.935284463279982     
          53          55  0.996119798059607     
          55          56  0.982415541723149     
          55          57  0.982746327456875     
          55          58  0.983192467519265     
          53          59  0.991514729974380     
          59          60  0.982877778063974     
          59          61  0.983129744664534     
          59          62  0.982930822906962     
          19          63  0.859858365010639     
          63          64   1.10600275717956     
          64          65  0.938900999402118     
          65          66  0.990975331482314     
          66          67  0.978879982237701     
          66          68  0.982644596410481     
          66          69  0.983231125826762     
          65          70  0.996371688646378     
          70          71  0.982024742700502     
          70          72  0.983513141419003     
          70          73  0.982345645336491     
          65          74  0.938158756768664     
          63          75   1.11570712011907     
          74          75  0.936243782083629     
          74          76  0.996046707512339     
          76          77  0.982945445999771     
          76          78  0.982119431730520     
          76          79  0.981015361237922     
          74          80  0.991071065660029     
          80          81  0.984169929621996     
          80          82  0.983257584878445     
          80          83  0.983309768440480     
           4          84  0.968848919858498     
          14          85  0.968984038215448     
          19          86  0.572793190471838     
          20          86  0.331669417674097     
          86          87   1.59279116424354     
          86          88   1.20452306923789     
          87          89   1.09434709394366     
          88          89  0.101975169067969     
          87          90   1.03315613431321     
          87          91  0.108102438909719     
          88          91   1.66106505886878     
          89          91   1.15853584650257     
          88          92  0.954742472820710     
          90          93  0.976969532387791     
          90          94  0.972761594597827     
          90          95  0.969519015685743     
          91          96  0.969685930123308     
