   -0.12129173
    0.07429171
   -0.04387551
   -0.02476219
   -0.04586401
    0.04751115
    0.04831266
    0.05019630
    0.04160469
    0.07016200
   -0.12096242
    0.04163696
   -0.04705764
   -0.02674436
   -0.04608634
    0.03987020
    0.04695279
    0.07563611
   -0.17291338
    0.09567892
    0.40206204
   -0.41365181
    0.13082239
   -0.11929431
    0.05151603
    0.04290251
    0.04914237
   -0.10707603
    0.04519927
    0.03958099
    0.02736260
    0.13118171
   -0.40678298
   -0.11821572
    0.04894369
    0.04365721
    0.04799255
   -0.11858270
    0.04638631
    0.05193105
    0.04317066
    0.40192782
   -0.38626421
    0.12846006
   -0.12553458
    0.05502509
    0.05480337
    0.04858178
   -0.12024361
    0.04687458
    0.04321024
    0.05148269
    0.12735848
   -0.38239031
   -0.12359374
    0.05246747
    0.05388024
    0.04671476
   -0.12334283
    0.04518038
    0.05138347
    0.05048725
    0.40098195
   -0.37971380
    0.12500903
   -0.12998095
    0.05846994
    0.05381929
    0.04855082
   -0.12835589
    0.06033050
    0.04906260
    0.05101657
    0.12742852
   -0.38531404
   -0.12261829
    0.04927289
    0.05186526
    0.05356861
   -0.12018708
    0.03897523
    0.04723371
    0.05295961
    0.04714908
    0.04399898
   -0.05196768
   -0.06792364
   -0.03561163
   -0.03773010
    0.00367088
    0.00388538
    0.03055428
    0.02707555
   -0.06928932
    0.07191462
    0.07061237
    0.06427462
