           1           2   1.29953504722240     
           2           3   1.34301680402309     
           3           4   1.48965608802827     
           4           5   1.37140960546892     
           1           6   1.38159841367292     
           3           6  0.106013515124077     
           5           6   1.46807899760262     
           6           7  0.957182613128757     
           5           8  0.969091401468364     
           3           9  0.962127296946784     
           2          10   1.10086105465778     
          10          11   1.29484739872438     
          11          12   1.38063307541887     
          12          13   1.46349569112985     
          13          14   1.37581678166056     
          10          15   1.34739574450781     
          12          15  0.105240984971368     
          14          15   1.48429420669674     
          15          16  0.962152084662978     
          13          17  0.969397455322148     
          12          18  0.948087560653664     
           1          19  0.464659252867615     
          11          19  0.455642625368642     
          19          20  0.542772596880877     
          19          21  0.716229261411592     
          21          22   1.08416813054196     
          22          23  0.945239166857882     
          23          24  0.996232794309288     
          24          25  0.982965205862393     
          24          26  0.983895086792074     
          24          27  0.983496124856211     
          23          28  0.989613341312184     
          28          29  0.984339950126329     
          28          30  0.984222960197039     
          28          31  0.985372774544686     
          23          32  0.941167861872917     
          21          33   1.10453532167848     
          32          33  0.941830685320644     
          32          34  0.990485741479786     
          34          35  0.982008322401551     
          34          36  0.984011002366058     
          34          37  0.982579275271308     
          32          38  0.996547550033351     
          38          39  0.983268671614621     
          38          40  0.983020307888983     
          38          41  0.983998288417651     
          19          42  0.871875852522760     
          42          43   1.10631056858707     
          43          44  0.938764806368102     
          44          45  0.996416039307825     
          45          46  0.982367692583060     
          45          47  0.982108062660673     
          45          48  0.983401673815047     
          44          49  0.990482167596674     
          49          50  0.983689332649460     
          49          51  0.982633164646262     
          49          52  0.979812337031803     
          44          53  0.939116000916868     
          42          54   1.10375604900767     
          53          54  0.937846268054857     
          53          55  0.996153429263118     
          55          56  0.982667190819228     
          55          57  0.982895664598517     
          55          58  0.983453938846162     
          53          59  0.990751675637995     
          59          60  0.982666828289451     
          59          61  0.983483696259230     
          59          62  0.983250088165517     
          19          63  0.877028434937926     
          63          64   1.10531513603042     
          64          65  0.940623443372168     
          65          66  0.990747042684210     
          66          67  0.978800483125415     
          66          68  0.982656634374395     
          66          69  0.983316188948218     
          65          70  0.996171331554055     
          70          71  0.982061097258757     
          70          72  0.983681414174775     
          70          73  0.982447113355781     
          65          74  0.937770155895524     
          63          75   1.11077101585177     
          74          75  0.938342760352382     
          74          76  0.995708390194137     
          76          77  0.983179096166552     
          76          78  0.982491917928956     
          76          79  0.981701400783977     
          74          80  0.990820211286571     
          80          81  0.984043088013193     
          80          82  0.983475116206030     
          80          83  0.983514097849324     
           4          84  0.969411882066386     
          14          85  0.969531429643985     
          19          86  0.594429645205206     
          20          86  0.341829525149338     
          86          87   1.29158476794346     
          86          88   1.49049057720848     
          87          89   1.53535759020220     
          88          89  0.130781754782451     
          87          90  0.971532262491963     
          88          91   1.22315552084738     
          89          91   1.22261527576412     
          88          92  0.965309770198013     
          89          93  0.969312339034357     
          91          94   1.00424551472638     
          94          95  0.979298908136340     
          94          96  0.976913719104003     
          94          97  0.972130407405920     
