   -0.12598040
    0.07376730
   -0.04373026
   -0.02329735
   -0.04451851
    0.04787753
    0.05161041
    0.05316110
    0.04466244
    0.06922257
   -0.13049539
    0.04186908
   -0.04575494
   -0.02557053
   -0.04602565
    0.04342376
    0.04976728
    0.07854480
   -0.16801112
    0.09408195
    0.40146802
   -0.41115069
    0.13035652
   -0.11998230
    0.05196069
    0.04345859
    0.04990580
   -0.10797740
    0.04593333
    0.04065889
    0.02738374
    0.13105539
   -0.40588855
   -0.11918714
    0.04976784
    0.04434116
    0.04833332
   -0.11913517
    0.04647190
    0.05228166
    0.04386826
    0.40335016
   -0.38378372
    0.12859503
   -0.12516185
    0.05499527
    0.05475108
    0.04877000
   -0.12088334
    0.04768536
    0.04460930
    0.05197640
    0.12734561
   -0.37917805
   -0.12416564
    0.05341763
    0.05457670
    0.04721090
   -0.12353665
    0.04626875
    0.05058676
    0.05185195
    0.40255109
   -0.37834508
    0.12514739
   -0.13048377
    0.05867822
    0.05422762
    0.04942968
   -0.12890376
    0.06076982
    0.04988893
    0.05198891
    0.12725941
   -0.38184322
   -0.12329935
    0.04999070
    0.05283432
    0.05431637
   -0.12101468
    0.03999170
    0.04778747
    0.05390098
    0.05007006
    0.04696112
   -0.01020356
   -0.10024523
   -0.07678611
    0.02224404
    0.16621142
   -0.08411037
    0.00979221
   -0.11857957
    0.01100393
    0.04356694
    0.05174561
    0.04564717
