           1           2   1.30403196162297     
           2           3   1.34598019061747     
           3           4   1.48616304470666     
           4           5   1.37666155676888     
           1           6   1.38531792840156     
           3           6  0.105712221349640     
           5           6   1.46403891419459     
           6           7  0.957043958230852     
           5           8  0.968775861209774     
           3           9  0.961955574871991     
           2          10   1.09662297451324     
          10          11   1.29767166899349     
          11          12   1.38308628811675     
          12          13   1.46014937319818     
          13          14   1.38059260075730     
          10          15   1.35094838119117     
          12          15  0.104824544956774     
          14          15   1.48043963842759     
          15          16  0.961937512559246     
          13          17  0.969114848264113     
          12          18  0.947769885249801     
           1          19  0.448108693797121     
          11          19  0.440099288386280     
          19          20  0.543989271851658     
          19          21  0.722437593960943     
          21          22   1.08633721574297     
          22          23  0.944528548692918     
          23          24  0.996285575449812     
          24          25  0.982877261802890     
          24          26  0.983799804135390     
          24          27  0.983364133660493     
          23          28  0.989776776065018     
          28          29  0.984253965146714     
          28          30  0.984123694667359     
          28          31  0.985214736060532     
          23          32  0.941039597822067     
          21          33   1.10739758860302     
          32          33  0.941032607656465     
          32          34  0.990635887410623     
          34          35  0.981809731908501     
          34          36  0.983836112770568     
          34          37  0.982346047855828     
          32          38  0.996691681498006     
          38          39  0.983177215364209     
          38          40  0.982968222734033     
          38          41  0.983921739787816     
          19          42  0.864322193409311     
          42          43   1.11438038221464     
          43          44  0.936941760492588     
          44          45  0.996782126509320     
          45          46  0.982342194796291     
          45          47  0.982102733182825     
          45          48  0.983255446508738     
          44          49  0.990543369679547     
          49          50  0.983582305132065     
          49          51  0.982427968321979     
          49          52  0.979783735555705     
          44          53  0.939191971072663     
          42          54   1.10890445896712     
          53          54  0.936027274215016     
          53          55  0.996105461979058     
          55          56  0.982573441551245     
          55          57  0.982820784204167     
          55          58  0.983347285847306     
          53          59  0.991347567393784     
          59          60  0.982394647776597     
          59          61  0.983303635646468     
          59          62  0.982890469365699     
          19          63  0.870109070112024     
          63          64   1.11058464790438     
          64          65  0.938305667675225     
          65          66  0.991066979199883     
          66          67  0.978698671512119     
          66          68  0.982511950110765     
          66          69  0.983201443016571     
          65          70  0.996497489595620     
          70          71  0.982000994856044     
          70          72  0.983510221799430     
          70          73  0.982340944597202     
          65          74  0.937951606405318     
          63          75   1.11499700892809     
          74          75  0.936984525701272     
          74          76  0.995959479035660     
          76          77  0.983099283891814     
          76          78  0.982375232075473     
          76          79  0.981401241241232     
          74          80  0.990870276165383     
          80          81  0.984151417741486     
          80          82  0.983366517909662     
          80          83  0.983420210789541     
           4          84  0.969121134561953     
          14          85  0.969263666468827     
          19          86  0.594593111122078     
          20          86  0.339742418945577     
          86          87   1.20014450000030     
          86          88   1.49672187027930     
          86          89  0.118739678737933     
          87          89   1.19736300292508     
          87          90  0.940289942613652     
          88          91   1.31765794564118     
          89          91   1.52005456139420     
          88          92  0.970886487734362     
          89          93   1.02639620638048     
          91          94  0.974299482552823     
          93          95  0.974145094020871     
          93          96  0.983797594399888     
          93          97  0.974037436865626     
