   -0.11716211
    0.08152820
   -0.04208006
   -0.02114717
   -0.04280726
    0.04922612
    0.05159599
    0.05831454
    0.04936166
    0.07757341
   -0.12263123
    0.04060211
   -0.04428201
   -0.02449549
   -0.04460273
    0.04841094
    0.05436671
    0.07717306
   -0.14329636
    0.09933941
    0.40829798
   -0.40678649
    0.13015628
   -0.12184000
    0.05379851
    0.04601067
    0.05283213
   -0.11012417
    0.04936765
    0.04325962
    0.02660430
    0.13163495
   -0.40814509
   -0.12171581
    0.05251593
    0.04673468
    0.04988258
   -0.11991464
    0.04593498
    0.05364296
    0.04683129
    0.40961455
   -0.38619382
    0.13026466
   -0.12462773
    0.05605675
    0.05256897
    0.05093947
   -0.11979199
    0.04890804
    0.04701771
    0.04978576
    0.12797175
   -0.38781382
   -0.12359505
    0.04923023
    0.05412530
    0.04921283
   -0.12797351
    0.05378200
    0.05206985
    0.05312108
    0.40691843
   -0.38305579
    0.12729379
   -0.12517407
    0.05365646
    0.05308812
    0.04992487
   -0.12870304
    0.06125076
    0.05081314
    0.05257731
    0.12783859
   -0.38354484
   -0.12393555
    0.05133073
    0.05313522
    0.05568746
   -0.12185525
    0.03970487
    0.05022022
    0.05525609
    0.05591322
    0.05249986
   -0.06250456
    0.15974974
    0.08588222
   -0.06342610
   -0.25705060
   -0.15919453
   -0.05351654
   -0.04242822
    0.06402171
    0.08094350
    0.06804371
