           1           2   1.31969323771484     
           2           3   1.35115587528432     
           3           4   1.48081840831572     
           4           5   1.38796017901572     
           1           6   1.39241621581863     
           3           6  0.106325414371064     
           5           6   1.45656072854788     
           6           7  0.957152081801697     
           5           8  0.968167577811597     
           3           9  0.961355452461313     
           2          10   1.08808499531648     
          10          11   1.30743145826188     
          11          12   1.38358195831190     
          12          13   1.45664002126606     
          13          14   1.38884250430021     
          10          15   1.35735597861720     
          12          15  0.104848060797628     
          14          15   1.47446715637343     
          15          16  0.961281381051465     
          13          17  0.968532498308415     
          12          18  0.946295157171979     
           1          19  0.429032579569843     
          11          19  0.428543363671539     
          19          20  0.555996630210534     
          19          21  0.722578105663784     
          21          22   1.10064040916999     
          22          23  0.939812625105671     
          23          24  0.996618128516428     
          24          25  0.982538268440585     
          24          26  0.983427310063474     
          24          27  0.983025942695916     
          23          28  0.990453936255318     
          28          29  0.983833405929150     
          28          30  0.983919938820038     
          28          31  0.984664429481673     
          23          32  0.941162723853341     
          21          33   1.10730067485241     
          32          33  0.936678591969459     
          32          34  0.991232542638475     
          34          35  0.980914739422036     
          34          36  0.983453550964136     
          34          37  0.981222278100441     
          32          38  0.997277195241617     
          38          39  0.983142481821266     
          38          40  0.982490168660575     
          38          41  0.983525590641345     
          19          42  0.845273864417151     
          42          43   1.12645687873510     
          43          44  0.935679766444788     
          44          45  0.995686338917875     
          45          46  0.981291830469735     
          45          47  0.981983529229183     
          45          48  0.982783589410604     
          44          49  0.991748839873093     
          49          50  0.983094278884747     
          49          51  0.982711030874300     
          49          52  0.979918086587465     
          44          53  0.936847274613705     
          42          54   1.10262376265879     
          53          54  0.932688883453007     
          53          55  0.995137836018487     
          55          56  0.982754088883531     
          55          57  0.982657570113706     
          55          58  0.982896287535166     
          53          59  0.992795310505140     
          59          60  0.978971227636721     
          59          61  0.982691682767934     
          59          62  0.982573006114831     
          19          63  0.849072277478555     
          63          64   1.10950657328087     
          64          65  0.935837706961295     
          65          66  0.991407012384739     
          66          67  0.979783506611313     
          66          68  0.982350555550621     
          66          69  0.983114831746257     
          65          70  0.996830345216755     
          70          71  0.981935539599006     
          70          72  0.983304720214022     
          70          73  0.982277492501401     
          65          74  0.938895362707134     
          63          75   1.11739283527510     
          74          75  0.934395429170113     
          74          76  0.996276870804909     
          76          77  0.982774301523767     
          76          78  0.982308641414121     
          76          79  0.982224457389119     
          74          80  0.991179307128861     
          80          81  0.984026911142258     
          80          82  0.983147392960780     
          80          83  0.983190306712919     
           4          84  0.968401100519617     
          14          85  0.968637131802768     
          19          86  0.586055170670524     
          20          86  0.330313519997781     
          86          87   1.34648567574568     
          86          88   1.35016326677778     
          87          89   1.40636203039444     
          87          90  0.918910085434104     
          88          91  0.964467518663583     
          88          92   1.40880648653731     
          89          93   1.42456322981761     
          92          93   1.43235458343604     
          89          94  0.964522966713985     
          92          95  0.962740601330349     
          93          96  0.966556943995961     
