   -0.12251509
    0.07600476
   -0.04295337
   -0.02303779
   -0.04400097
    0.04690218
    0.05326218
    0.05489908
    0.04655300
    0.07130820
   -0.12147622
    0.04148205
   -0.04537762
   -0.02583278
   -0.04573792
    0.04621199
    0.05062914
    0.07631430
   -0.16599427
    0.10361331
    0.40311149
   -0.40896577
    0.12997003
   -0.12060160
    0.05242055
    0.04438212
    0.05076934
   -0.10962987
    0.04716634
    0.04216571
    0.02804709
    0.13075776
   -0.40386888
   -0.12061243
    0.05208981
    0.04498316
    0.04834487
   -0.11957148
    0.04675789
    0.05235132
    0.04478170
    0.40360179
   -0.38531903
    0.12865510
   -0.12530703
    0.05390735
    0.05538287
    0.04903777
   -0.12125685
    0.04765003
    0.04547784
    0.05260315
    0.12739976
   -0.38079684
   -0.12423472
    0.05421820
    0.05421877
    0.04762826
   -0.12378413
    0.04356549
    0.05213880
    0.05085138
    0.40234624
   -0.37945718
    0.12497093
   -0.13032279
    0.05809345
    0.05400489
    0.04948053
   -0.12913410
    0.06054143
    0.04990044
    0.05211845
    0.12756630
   -0.38141801
   -0.12344096
    0.05015915
    0.05329646
    0.05422896
   -0.12106933
    0.04039090
    0.04742774
    0.05415605
    0.05195154
    0.04877496
   -0.06928202
    0.10302347
   -0.06934932
   -0.23167938
   -0.11389806
    0.05400832
    0.03690003
    0.06111897
    0.05287367
    0.04583670
    0.04514038
