           1           2   1.30491011065082     
           2           3   1.34920378921064     
           3           4   1.48312542565652     
           4           5   1.38026640439167     
           1           6   1.38557252486347     
           3           6  0.105461739599765     
           5           6   1.46184655959033     
           6           7  0.957075853920203     
           5           8  0.968565711303232     
           3           9  0.961728605490367     
           2          10   1.09351747531786     
          10          11   1.29955753420755     
          11          12   1.38464506119635     
          12          13   1.45804643703661     
          13          14   1.38385507304158     
          10          15   1.35399288344055     
          12          15  0.104726136050826     
          14          15   1.47791410366384     
          15          16  0.961662408905260     
          13          17  0.969006524113041     
          12          18  0.948302808651383     
           1          19  0.450248492083727     
          11          19  0.448905522691031     
          19          20  0.551694071834576     
          19          21  0.729094945774574     
          21          22   1.09035518780727     
          22          23  0.943524440051847     
          23          24  0.996247414057803     
          24          25  0.982761562897970     
          24          26  0.983690554721227     
          24          27  0.983211576114469     
          23          28  0.990041593865131     
          28          29  0.984089939602154     
          28          30  0.983983298532717     
          28          31  0.985187495176776     
          23          32  0.940567907659984     
          21          33   1.11042747630110     
          32          33  0.939971580682402     
          32          34  0.990800303254489     
          34          35  0.980770912925119     
          34          36  0.983599507709715     
          34          37  0.981872887237388     
          32          38  0.996770957242404     
          38          39  0.983145150259009     
          38          40  0.982908640183876     
          38          41  0.983820878200967     
          19          42  0.865680963729489     
          42          43   1.11053087566079     
          43          44  0.937341189020366     
          44          45  0.996778299683271     
          45          46  0.982390891354083     
          45          47  0.981993033523199     
          45          48  0.983234645197365     
          44          49  0.990677927769620     
          49          50  0.983501315480442     
          49          51  0.981581173635947     
          49          52  0.979263468359415     
          44          53  0.938859252485222     
          42          54   1.11054864863957     
          53          54  0.935947353903000     
          53          55  0.995994562087312     
          55          56  0.982383787221225     
          55          57  0.982809789625064     
          55          58  0.983258140146226     
          53          59  0.991421645708054     
          59          60  0.982676049699790     
          59          61  0.983134541121455     
          59          62  0.983003439338592     
          19          63  0.863478486944125     
          63          64   1.10596969303511     
          64          65  0.938786522453321     
          65          66  0.990942688311261     
          66          67  0.978986034216061     
          66          68  0.982564949247660     
          66          69  0.983236719309756     
          65          70  0.996440360850336     
          70          71  0.982011985795568     
          70          72  0.983531423441896     
          70          73  0.982345887224756     
          65          74  0.938193745952996     
          63          75   1.11624174826106     
          74          75  0.936636535456535     
          74          76  0.996064561666595     
          76          77  0.983031612926280     
          76          78  0.982223107682400     
          76          79  0.980660425546486     
          74          80  0.990907402451396     
          80          81  0.984203145472495     
          80          82  0.983255408447481     
          80          83  0.983352152335207     
           4          84  0.968923322136243     
          14          85  0.969081170034353     
          19          86  0.587066298250735     
          20          86  0.338429836682017     
          86          87   1.54579416366280     
          86          88   1.23170968980136     
          87          89   1.07772851328424     
          87          90   1.02539205918278     
          87          91  0.138849454968515     
          88          91   1.63313461131568     
          89          91   1.10853421067424     
          88          92  0.968321555257539     
          90          93  0.976366847467133     
          90          94  0.977840320405901     
          90          95  0.969218171878993     
          91          96  0.965676527132627     
