   -0.12033531
    0.07820555
   -0.04246768
   -0.01905428
   -0.04015733
    0.04445997
    0.07585006
    0.06390531
    0.05511824
    0.07563035
   -0.13327206
    0.04356774
   -0.04070451
   -0.02042406
   -0.04440343
    0.05585848
    0.05938049
    0.08090256
   -0.14231579
    0.10884836
    0.40397121
   -0.40415857
    0.12928109
   -0.12523042
    0.05543272
    0.04865810
    0.05526423
   -0.11300410
    0.05145177
    0.04509998
    0.02875457
    0.12955355
   -0.39384379
   -0.12326055
    0.04775416
    0.05176500
    0.05233752
   -0.12242295
    0.04848844
    0.05543123
    0.04916034
    0.39445303
   -0.37676224
    0.12804322
   -0.12888272
    0.05535932
    0.05889308
    0.05111213
   -0.12792271
    0.05014363
    0.05507593
    0.05620908
    0.12642727
   -0.38123815
   -0.12607679
    0.05791473
    0.05536375
    0.05016444
   -0.12513938
    0.04102987
    0.05491080
    0.05175882
    0.40181231
   -0.37763204
    0.12381087
   -0.13179403
    0.05161905
    0.05671259
    0.05606036
   -0.13055024
    0.06113447
    0.05388724
    0.05387390
    0.12569411
   -0.36136525
   -0.12851642
    0.05468248
    0.05839961
    0.05716317
   -0.12326836
    0.04370264
    0.04999850
    0.05845121
    0.06081764
    0.05930938
   -0.05688963
    0.06405947
   -0.02195197
   -0.23509845
    0.06763033
    0.48423166
   -0.05226575
    0.16930816
   -0.19340703
   -0.21568158
   -0.22636179
    0.07679361
   -0.16428352
