           1           2   1.32884369839850     
           2           3   1.35848688204204     
           3           4   1.47203395343115     
           4           5   1.40052361940291     
           1           6   1.39992007649922     
           3           6  0.105722456899406     
           5           6   1.44647526992662     
           6           7  0.950985964878823     
           5           8  0.967443747740421     
           3           9  0.960711008134469     
           2          10   1.07718692433877     
          10          11   1.32081775802200     
          11          12   1.39975975812007     
          12          13   1.44383647081206     
          13          14   1.40286285983388     
          10          15   1.36300232484749     
          12          15  0.104707149884820     
          14          15   1.46731180342125     
          15          16  0.960546143955097     
          13          17  0.967973707914062     
          12          18  0.945470056157915     
           1          19  0.412812052357328     
          11          19  0.390462987165909     
          19          20  0.534782269717873     
          19          21  0.760527042288636     
          21          22   1.09602461409456     
          22          23  0.938745343850188     
          23          24  0.997038780503274     
          24          25  0.982024085504624     
          24          26  0.983034465836976     
          24          27  0.982592555268184     
          23          28  0.990598922959061     
          28          29  0.983527511158741     
          28          30  0.983646050803558     
          28          31  0.984088660531760     
          23          32  0.940466250419141     
          21          33   1.12591779780990     
          32          33  0.935515186586175     
          32          34  0.991493960193960     
          34          35  0.981249338127389     
          34          36  0.982591647434883     
          34          37  0.980587706449709     
          32          38  0.996929064850485     
          38          39  0.982745672246432     
          38          40  0.982390862721252     
          38          41  0.983268968516245     
          19          42  0.854047334994011     
          42          43   1.14101779178253     
          43          44  0.933113213543519     
          44          45  0.997433198845282     
          45          46  0.981530509244146     
          45          47  0.982141971760097     
          45          48  0.983103820672436     
          44          49  0.990420237552784     
          49          50  0.983439298178159     
          49          51  0.982347084608194     
          49          52  0.977752743752074     
          44          53  0.938443840929653     
          42          54   1.11238202768749     
          53          54  0.930688946320755     
          53          55  0.995783577205197     
          55          56  0.981631318852278     
          55          57  0.982748468009950     
          55          58  0.982860788357317     
          53          59  0.992780503986048     
          59          60  0.983289103431129     
          59          61  0.982734110940383     
          59          62  0.982836666480434     
          19          63  0.849081098770533     
          63          64   1.10491354523836     
          64          65  0.934446907216083     
          65          66  0.992556373193433     
          66          67  0.982392023893954     
          66          68  0.982133279249567     
          66          69  0.982418226083388     
          65          70  0.995733508086466     
          70          71  0.981852928043203     
          70          72  0.982635752751585     
          70          73  0.982146982039659     
          65          74  0.937015504330915     
          63          75   1.14774970188682     
          74          75  0.934843113524316     
          74          76  0.996237638649852     
          76          77  0.982699276641188     
          76          78  0.981967033228946     
          76          79  0.981640959462148     
          74          80  0.990282059898268     
          80          81  0.983944241843882     
          80          82  0.980501724092675     
          80          83  0.982172920061799     
           4          84  0.967755258891088     
          14          85  0.967807043498932     
          19          86  0.580987414042016     
          20          86  0.354340527287813     
          86          87   1.32590136431101     
          86          88   1.35099279094174     
          87          89   1.45254965855501     
          87          90  0.951384585343369     
          88          91  0.946227039708081     
          87          92  0.111371202065411     
          88          92   1.40690256352031     
          89          93   1.39327710114384     
          92          93   1.39162291007204     
          91          94  0.963862872296128     
          91          95  0.934818951964871     
          91          96  0.922616104813864     
          92          97  0.961857322217296     
          93          98  0.969074071708136     
