   -0.11920603
    0.07996245
   -0.04080155
   -0.01865356
   -0.03997384
    0.04970700
    0.05791447
    0.06490512
    0.05577197
    0.07621168
   -0.12797209
    0.04346598
   -0.04104587
   -0.02016790
   -0.04381007
    0.05708645
    0.05930918
    0.07540818
   -0.14455933
    0.09277483
    0.40371277
   -0.40109372
    0.12911354
   -0.12402913
    0.05581948
    0.04794317
    0.05359386
   -0.11286033
    0.05100937
    0.04485556
    0.02941074
    0.12994722
   -0.39771323
   -0.12390004
    0.05330759
    0.04939673
    0.05138350
   -0.12220384
    0.04867725
    0.05491742
    0.04821883
    0.40313395
   -0.38035974
    0.12845683
   -0.12728439
    0.05496517
    0.05908584
    0.05241101
   -0.12395155
    0.05229590
    0.04943502
    0.05428495
    0.12814335
   -0.38468951
   -0.12585060
    0.05727519
    0.05515470
    0.05159777
   -0.12124422
    0.04131622
    0.05583541
    0.04772427
    0.40174171
   -0.37990391
    0.12514515
   -0.13146982
    0.05942920
    0.05357769
    0.05297059
   -0.13013595
    0.06041227
    0.05318754
    0.05322428
    0.12656293
   -0.37382196
   -0.12639399
    0.05325462
    0.05663099
    0.05626507
   -0.12439694
    0.04152207
    0.05307864
    0.05710957
    0.06260561
    0.06067403
   -0.05195603
    0.08017306
    0.07718578
   -0.26617126
    0.03606342
   -0.25745637
    0.05198118
    0.17335575
    0.11555209
   -0.23356643
