           1           2   1.32399261786336     
           2           3   1.35750463677643     
           3           4   1.47390841192676     
           4           5   1.39594453953861     
           1           6   1.39473214278256     
           3           6  0.105395640650256     
           5           6   1.45123520577276     
           6           7  0.956043345608552     
           5           8  0.967307667567482     
           3           9  0.961000702221471     
           2          10   1.07935338452618     
          10          11   1.31612384742776     
          11          12   1.39484417290943     
          12          13   1.44798997971828     
          13          14   1.39866057750020     
          10          15   1.36226383434186     
          12          15  0.104630138383389     
          14          15   1.46967739179882     
          15          16  0.960707053120566     
          13          17  0.967967347983018     
          12          18  0.947214288886556     
           1          19  0.423532596528194     
          11          19  0.419429992236657     
          19          20  0.526163892277982     
          19          21  0.745799034980163     
          21          22   1.10316416419992     
          22          23  0.938219926955654     
          23          24  0.996917760730950     
          24          25  0.982334060631519     
          24          26  0.983143512374025     
          24          27  0.982878407867116     
          23          28  0.990747201484058     
          28          29  0.983559126992600     
          28          30  0.983744693245267     
          28          31  0.985361453527555     
          23          32  0.941191077107581     
          21          33   1.12248631453174     
          32          33  0.934561467535242     
          32          34  0.991329471266037     
          34          35  0.981157654347191     
          34          36  0.983159081465950     
          34          37  0.981756520790362     
          32          38  0.997440720121903     
          38          39  0.982928170336577     
          38          40  0.982512349061441     
          38          41  0.983259927401462     
          19          42  0.844317682361563     
          42          43   1.12983814648296     
          43          44  0.930717442776009     
          44          45  0.997500161202405     
          45          46  0.982100897289243     
          45          47  0.981244107028447     
          45          48  0.982515135670581     
          44          49  0.991445385915918     
          49          50  0.982858021942015     
          49          51  0.982239072880774     
          49          52  0.979583202643824     
          44          53  0.939305026713663     
          42          54   1.11312093965587     
          53          54  0.929169652924447     
          53          55  0.996575429892053     
          55          56  0.981996687930859     
          55          57  0.982576618248630     
          55          58  0.982568337343641     
          53          59  0.992534284229583     
          59          60  0.982621007599528     
          59          61  0.982288301598931     
          59          62  0.982996211755156     
          19          63  0.849626523788320     
          63          64   1.11477834939761     
          64          65  0.933698800487323     
          65          66  0.991795142888975     
          66          67  0.978371474415082     
          66          68  0.982464295236814     
          66          69  0.982539844186205     
          65          70  0.996818243256994     
          70          71  0.981884909223581     
          70          72  0.982978902471559     
          70          73  0.982023980871488     
          65          74  0.938090958177880     
          63          75   1.13239207790260     
          74          75  0.931385525640809     
          74          76  0.996370006529840     
          76          77  0.982414035395053     
          76          78  0.981792852050323     
          76          79  0.981500369687933     
          74          80  0.991948049399632     
          80          81  0.983669454859834     
          80          82  0.982737205734159     
          80          83  0.982821978025725     
           4          84  0.967611864367104     
          14          85  0.967702954005305     
          19          86  0.602472399657050     
          20          86  0.357121174232660     
          86          87   1.34518447062056     
          86          88   1.33170680391828     
          87          89   1.45173815700631     
          87          90  0.957454390080371     
          88          91   1.47265188755018     
          88          92  0.954157104261084     
          89          93   1.34981236404815     
          91          93   1.33254595808198     
          93          94   1.06944942232401     
          94          95   2.80611642770117     
