   -0.10597902
    0.08618008
   -0.04028746
   -0.01956596
   -0.04105297
    0.05228847
    0.05348664
    0.06056824
    0.04871776
    0.08043676
   -0.13955898
    0.04489165
   -0.04359354
   -0.02360286
   -0.04531220
    0.04787883
    0.05637295
    0.07050854
   -0.14682074
    0.10211655
    0.40661770
   -0.40474531
    0.12987284
   -0.12389034
    0.05588332
    0.04818387
    0.05295708
   -0.11194078
    0.05125148
    0.04338927
    0.02967179
    0.13027376
   -0.39827707
   -0.12348192
    0.05335460
    0.04978474
    0.05065668
   -0.12157083
    0.04837988
    0.05495206
    0.04858710
    0.39965042
   -0.37784521
    0.12738334
   -0.12567736
    0.05017101
    0.05974754
    0.05192785
   -0.12407288
    0.05132446
    0.04831664
    0.05455328
    0.12729422
   -0.38628676
   -0.12507246
    0.05525378
    0.05457538
    0.05092297
   -0.11974980
    0.03526570
    0.05506367
    0.05099135
    0.40323790
   -0.37576205
    0.12536198
   -0.12871448
    0.05547736
    0.05496354
    0.05264685
   -0.13058720
    0.06130210
    0.05287179
    0.05363956
    0.12671044
   -0.37938869
   -0.12668242
    0.05345580
    0.05609678
    0.05651108
   -0.12426222
    0.03967249
    0.05373968
    0.05714072
    0.05812392
    0.05635786
   -0.01898094
   -0.02102039
   -0.02605906
    0.35567800
   -0.02916178
    0.01897682
    0.06859493
   -0.45899024
   -0.28507598
   -0.03421572
    0.05620627
    0.11686035
    0.02684585
    0.05409810
   -0.26733414
    0.05411852
    0.08772271
    0.06850407
