           1           2   1.31849677085066     
           2           3   1.35021902296157     
           3           4   1.48078157184666     
           4           5   1.39006234612388     
           1           6   1.39512309692771     
           3           6  0.106417759334337     
           5           6   1.45410105685212     
           6           7  0.955491738169474     
           5           8  0.967904869543269     
           3           9  0.961903441405183     
           2          10   1.08476599840008     
          10          11   1.30674611933040     
          11          12   1.38289674924838     
          12          13   1.45750671657175     
          13          14   1.38832619583135     
          10          15   1.35686610034009     
          12          15  0.104777208754317     
          14          15   1.47347224644136     
          15          16  0.961640107591384     
          13          17  0.968320553116727     
          12          18  0.950311950003492     
           1          19  0.441193581998674     
          11          19  0.425312590176321     
          19          20  0.516094113843481     
          19          21  0.731782367403473     
          21          22   1.10137135589262     
          22          23  0.938013479402139     
          23          24  0.996847154624200     
          24          25  0.982332083592101     
          24          26  0.983185774677195     
          24          27  0.982978243955966     
          23          28  0.990622352890367     
          28          29  0.983566320064373     
          28          30  0.983635091527808     
          28          31  0.985198021133476     
          23          32  0.940973651171631     
          21          33   1.12184653683674     
          32          33  0.934503919339753     
          32          34  0.991206447106398     
          34          35  0.981046999950752     
          34          36  0.983217164526833     
          34          37  0.982226933675734     
          32          38  0.997194836682841     
          38          39  0.982915712856394     
          38          40  0.982158571766567     
          38          41  0.983267805750521     
          19          42  0.835599227426325     
          42          43   1.12790278257642     
          43          44  0.935001322835801     
          44          45  0.996445668098244     
          45          46  0.982078482787397     
          45          47  0.981330631521754     
          45          48  0.982913679598863     
          44          49  0.991165100892278     
          49          50  0.982872523466446     
          49          51  0.982293082757681     
          49          52  0.979285390313298     
          44          53  0.937445199336207     
          42          54   1.11036102828422     
          53          54  0.932983285828430     
          53          55  0.995842588695955     
          55          56  0.982074797064407     
          55          57  0.982663269099081     
          55          58  0.982708583300178     
          53          59  0.992733061899976     
          59          60  0.981652044519813     
          59          61  0.982561808782209     
          59          62  0.982853201440332     
          19          63  0.857968751108444     
          63          64   1.11730287704940     
          64          65  0.935319798333971     
          65          66  0.991367255860512     
          66          67  0.979665408482081     
          66          68  0.982262165851676     
          66          69  0.982750660294099     
          65          70  0.996478141493313     
          70          71  0.981814518560473     
          70          72  0.983098045327979     
          70          73  0.982021686187064     
          65          74  0.938452652561671     
          63          75   1.12484563761648     
          74          75  0.930779610037436     
          74          76  0.996834519109426     
          76          77  0.982313814738693     
          76          78  0.981918588847986     
          76          79  0.982004314313528     
          74          80  0.991874503980880     
          80          81  0.982684415270069     
          80          82  0.982782834031610     
          80          83  0.982730158052983     
           4          84  0.968129524467576     
          14          85  0.968242286060192     
          19          86  0.596956537637305     
          20          86  0.360265791688573     
          86          87   1.32845792846192     
          86          88   1.37151082424689     
          87          89   1.01228939162351     
          87          90   1.34612246627499     
          88          91   1.38593907867342     
          88          92  0.957952092567843     
          89          93   1.68200412502009     
          89          94   1.10961734431105     
          93          94  0.157842264526055     
          90          95   1.49174217593272     
          91          95   1.30610103693148     
          90          96  0.963537444577152     
          91          97   1.10327430966460     
          94          98  0.952442159811387     
          95          99  0.968050854701463     
          97         100   2.78166203563346     
          98         101  0.974570941668997     
          98         102  0.978663903327143     
          98         103  0.976721459141711     
