   -0.12110038
    0.07820487
   -0.04090064
   -0.02153954
   -0.04209109
    0.04661411
    0.05525501
    0.05851524
    0.04985935
    0.07450691
   -0.12027810
    0.04197759
   -0.04474497
   -0.02394693
   -0.04508783
    0.05129276
    0.05239702
    0.07318772
   -0.16110139
    0.10506415
    0.40297089
   -0.40786141
    0.12996737
   -0.12219328
    0.05393773
    0.04562312
    0.05173892
   -0.11069893
    0.04812033
    0.04273503
    0.02936336
    0.13067206
   -0.40015897
   -0.12021032
    0.04989864
    0.04675325
    0.04927847
   -0.11989570
    0.04784342
    0.05235207
    0.04561315
    0.40521113
   -0.38133345
    0.12861507
   -0.12459037
    0.05289526
    0.05624536
    0.04901592
   -0.12152387
    0.04881200
    0.04599578
    0.05400664
    0.12768933
   -0.38237473
   -0.12375339
    0.05501706
    0.05351243
    0.04808496
   -0.11983065
    0.04198587
    0.05148586
    0.04799245
    0.39849741
   -0.37763807
    0.12485826
   -0.12982635
    0.05807539
    0.05312833
    0.04930097
   -0.12954256
    0.05990444
    0.05053953
    0.05299138
    0.12657156
   -0.37959769
   -0.12416858
    0.05040153
    0.05417440
    0.05410054
   -0.12336823
    0.04125277
    0.05080002
    0.05476567
    0.05569243
    0.05323380
   -0.07139526
    0.12491906
   -0.04573250
   -0.22051860
   -0.12419215
    0.06783736
    0.05292453
    0.07557100
    0.06668108
    0.06145728
    0.22333879
   -0.44196333
   -0.14846539
    0.08014799
    0.07076273
    0.07938876
