           1           2   1.30854143439785     
           2           3   1.35366243553718     
           3           4   1.47861719418217     
           4           5   1.38558484908295     
           1           6   1.38514730436434     
           3           6  0.105124843517289     
           5           6   1.45930062128834     
           6           7  0.956513612444293     
           5           8  0.968121315629104     
           3           9  0.961871530563201     
           2          10   1.08715096210700     
          10          11   1.30574082868870     
          11          12   1.38949106928692     
          12          13   1.45428161781476     
          13          14   1.38870823245184     
          10          15   1.35680087010271     
          12          15  0.104980820326616     
          14          15   1.47561296893927     
          15          16  0.961648206857566     
          13          17  0.968818878428355     
          12          18  0.949053306778560     
           1          19  0.447326586395443     
          11          19  0.446591004604864     
          19          20  0.555170435288062     
          19          21  0.739394497046480     
          21          22   1.09081700164645     
          22          23  0.941999229469025     
          23          24  0.996765665842036     
          24          25  0.982614871332876     
          24          26  0.983523686023301     
          24          27  0.983150152306437     
          23          28  0.990039538303562     
          28          29  0.983982770579827     
          28          30  0.983903133096375     
          28          31  0.985387998169143     
          23          32  0.941124849014288     
          21          33   1.11590468454562     
          32          33  0.939000874582145     
          32          34  0.990834836670987     
          34          35  0.982143832405117     
          34          36  0.983639548315270     
          34          37  0.982233223334788     
          32          38  0.996725032131223     
          38          39  0.983106820522336     
          38          40  0.982716097389492     
          38          41  0.983659024188814     
          19          42  0.848575023509121     
          42          43   1.12239500899768     
          43          44  0.935939910653373     
          44          45  0.996818551781641     
          45          46  0.982101776529336     
          45          47  0.981522800149872     
          45          48  0.983081288500284     
          44          49  0.990981095098453     
          49          50  0.983197242968148     
          49          51  0.982199657792226     
          49          52  0.979488391575241     
          44          53  0.937804630577547     
          42          54   1.10976346665139     
          53          54  0.935586619573382     
          53          55  0.995499266261928     
          55          56  0.982122231992549     
          55          57  0.982806908310637     
          55          58  0.983123310323447     
          53          59  0.992171825472100     
          59          60  0.982292649047509     
          59          61  0.982887866267419     
          59          62  0.983026263074827     
          19          63  0.856982537606755     
          63          64   1.11156936503077     
          64          65  0.938573715730107     
          65          66  0.991217114670260     
          66          67  0.978205826473048     
          66          68  0.982551846311027     
          66          69  0.983094708130775     
          65          70  0.996264363586533     
          70          71  0.982048711764821     
          70          72  0.983452796042109     
          70          73  0.982158653781859     
          65          74  0.937583531908547     
          63          75   1.11974097784250     
          74          75  0.935957522631112     
          74          76  0.995976766153625     
          76          77  0.982948077717070     
          76          78  0.982192705776448     
          76          79  0.981393429340092     
          74          80  0.991299901844209     
          80          81  0.983829138063731     
          80          82  0.983101823735160     
          80          83  0.983240425378098     
           4          84  0.968505309200094     
          14          85  0.968612056706208     
          19          86  0.582696277701092     
          20          86  0.333997781492511     
          86          87   1.47079062263144     
          86          88   1.30121287279060     
          87          89   1.11185154866134     
          87          90   1.03142767990766     
          87          91  0.115765884834938     
          88          91   1.47306057110735     
          89          91   1.06929623107276     
          88          92  0.966454743046116     
          90          93  0.970545671514269     
          90          94  0.976217931096905     
          90          95  0.962866252772010     
          91          96   1.10651377703078     
          96          97   1.71827941871784     
          96          98   1.00440047021699     
          98          99  0.958695080814939     
          98         100  0.983802643688105     
          98         101  0.960842169128509     
