   -0.12535441
    0.07746788
   -0.04220998
   -0.02020923
   -0.04201140
    0.04966550
    0.05413430
    0.05983297
    0.04992284
    0.07332255
   -0.13394883
    0.04190147
   -0.04314145
   -0.02270713
   -0.04462017
    0.04965116
    0.05492168
    0.07734398
   -0.14420286
    0.09054264
    0.40598276
   -0.40525072
    0.12996484
   -0.12224894
    0.05440225
    0.04608089
    0.05276849
   -0.10990889
    0.04917745
    0.04314514
    0.02670154
    0.13136012
   -0.40680590
   -0.12185391
    0.05210586
    0.04720550
    0.04998580
   -0.12013652
    0.04623035
    0.05372002
    0.04678612
    0.40983800
   -0.38462545
    0.13018038
   -0.12425556
    0.05511559
    0.05337512
    0.05105458
   -0.12066257
    0.04938887
    0.04754575
    0.05082689
    0.12806888
   -0.38690327
   -0.12384569
    0.05040410
    0.05402490
    0.04952175
   -0.12661385
    0.05201697
    0.05237254
    0.05229398
    0.40718630
   -0.38122847
    0.12717393
   -0.12473096
    0.05408249
    0.05181878
    0.05011744
   -0.12885104
    0.06093748
    0.05118996
    0.05326643
    0.12745220
   -0.38117044
   -0.12459330
    0.05171951
    0.05397452
    0.05584875
   -0.12290140
    0.04045624
    0.05144073
    0.05572877
    0.05699739
    0.05391922
   -0.03814198
   -0.02017759
    0.09546826
    0.00633744
    0.04220124
   -0.04377220
   -0.15362254
   -0.03127016
    0.11521429
    0.07957352
    0.05978250
   -0.28026297
