           1           2   1.31887732473996     
           2           3   1.35164596485630     
           3           4   1.47995029686374     
           4           5   1.38843089069710     
           1           6   1.39206929628391     
           3           6  0.105880727063667     
           5           6   1.45622513767017     
           6           7  0.956831199042085     
           5           8  0.967983080419482     
           3           9  0.961362532549659     
           2          10   1.08770927474740     
          10          11   1.30970554937332     
          11          12   1.38689768383336     
          12          13   1.45553551593598     
          13          14   1.38984225572475     
          10          15   1.35657990456626     
          12          15  0.104886796449604     
          14          15   1.47490293068091     
          15          16  0.961239210060039     
          13          17  0.968489296525782     
          12          18  0.946709693976068     
           1          19  0.422636674372190     
          11          19  0.409290987970933     
          19          20  0.545188785098678     
          19          21  0.728673674051218     
          21          22   1.10152945408199     
          22          23  0.939831179616599     
          23          24  0.996752854692467     
          24          25  0.982483869331896     
          24          26  0.983381114413187     
          24          27  0.983017508414040     
          23          28  0.990464206250491     
          28          29  0.983825997864197     
          28          30  0.983914060398976     
          28          31  0.984931197958131     
          23          32  0.941273286897104     
          21          33   1.10821651013070     
          32          33  0.936848339470846     
          32          34  0.991161433666974     
          34          35  0.981354647274819     
          34          36  0.983434198847901     
          34          37  0.981458828328523     
          32          38  0.997335073669921     
          38          39  0.983129746297391     
          38          40  0.982477515630106     
          38          41  0.983490011447410     
          19          42  0.849472182366313     
          42          43   1.12753587516773     
          43          44  0.934801630144005     
          44          45  0.995959987942263     
          45          46  0.981470934112423     
          45          47  0.981914321910125     
          45          48  0.982756358264676     
          44          49  0.991819912183888     
          49          50  0.983018505349330     
          49          51  0.982734038283540     
          49          52  0.979812732063707     
          44          53  0.937033546011849     
          42          54   1.10381624178810     
          53          54  0.932196319332995     
          53          55  0.995375310987500     
          55          56  0.982629873169380     
          55          57  0.982638519799634     
          55          58  0.982813407739911     
          53          59  0.992783691639903     
          59          60  0.979402725658876     
          59          61  0.982676630332071     
          59          62  0.982661292386788     
          19          63  0.859846247946865     
          63          64   1.11116672426950     
          64          65  0.935501179717757     
          65          66  0.991491712766258     
          66          67  0.979646740371611     
          66          68  0.982496821152577     
          66          69  0.983053937669056     
          65          70  0.996927828366862     
          70          71  0.981930347428847     
          70          72  0.983211130240041     
          70          73  0.982160777620774     
          65          74  0.938711870889276     
          63          75   1.11879949011106     
          74          75  0.933891165994455     
          74          76  0.996329664522286     
          76          77  0.982712270068982     
          76          78  0.982273645260480     
          76          79  0.982188002173066     
          74          80  0.991320868079066     
          80          81  0.983909769284401     
          80          82  0.983027633261151     
          80          83  0.983096006757535     
           4          84  0.968294864462855     
          14          85  0.968502889995794     
          19          86  0.586033916084373     
          20          86  0.341128493311640     
          86          87   1.39445594219514     
          86          88   1.34278243984606     
          87          89   1.34856757646163     
          87          90  0.961404169717307     
          88          91   1.39477337713443     
          88          92  0.973777839011031     
          89          93   1.33991987786375     
          91          93   1.45330206120654     
          89          94   1.10880100663232     
          91          95  0.961580802963832     
          93          96  0.967548232100693     
          94          97   2.77470117428528     
