   -0.12473949
    0.07795651
   -0.04170220
   -0.01953228
   -0.04087896
    0.05006112
    0.05549988
    0.06250630
    0.05125352
    0.07414501
   -0.13390066
    0.04284150
   -0.04287290
   -0.02204597
   -0.04456757
    0.05153760
    0.05597321
    0.07586291
   -0.14237200
    0.08902157
    0.40824359
   -0.40475903
    0.13013453
   -0.12292469
    0.05569332
    0.04700454
    0.05309066
   -0.10991017
    0.05003266
    0.04342126
    0.02606162
    0.13141924
   -0.40614084
   -0.12259183
    0.05280663
    0.04846340
    0.05098314
   -0.12021298
    0.04577673
    0.05443930
    0.04757511
    0.40813659
   -0.37737048
    0.12938300
   -0.13017371
    0.06078401
    0.05809362
    0.05391472
   -0.12144751
    0.05053336
    0.04991849
    0.05040538
    0.12905807
   -0.39136048
   -0.12253435
    0.04940695
    0.05206415
    0.05047022
   -0.12406121
    0.05186489
    0.05373424
    0.05018015
    0.40583358
   -0.37433276
    0.12593965
   -0.13345868
    0.05815653
    0.06099500
    0.05400632
   -0.13110256
    0.06457371
    0.05296381
    0.05265928
    0.12714563
   -0.37967335
   -0.12592520
    0.05369690
    0.05396149
    0.05728210
   -0.12355346
    0.03999430
    0.05220689
    0.05701604
    0.05923035
    0.05590179
   -0.05310084
   -0.02858978
    0.06880988
    0.00754708
    0.04592550
    0.00829095
   -0.11604361
    0.11203863
   -0.27204852
