           1           2   1.31994038542039     
           2           3   1.35356258973620     
           3           4   1.47786535832517     
           4           5   1.39080719582461     
           1           6   1.39207183860320     
           3           6  0.105591131467512     
           5           6   1.45493339600052     
           6           7  0.956643534219330     
           5           8  0.967629829258842     
           3           9  0.961219061918434     
           2          10   1.08587634018592     
          10          11   1.31058727397021     
          11          12   1.38859165829728     
          12          13   1.45370206317412     
          13          14   1.39212807575814     
          10          15   1.35853217781779     
          12          15  0.104626635397919     
          14          15   1.47322265363015     
          15          16  0.961028013677653     
          13          17  0.968376896206827     
          12          18  0.946906240986554     
           1          19  0.424283893334662     
          11          19  0.412196929600623     
          19          20  0.576541675028066     
          19          21  0.729516675936400     
          21          22   1.10427280381520     
          22          23  0.938469466493665     
          23          24  0.996926805727852     
          24          25  0.982311709489933     
          24          26  0.983215904246324     
          24          27  0.982944204295224     
          23          28  0.990693445111334     
          28          29  0.983680637641285     
          28          30  0.983858253689705     
          28          31  0.985006869638615     
          23          32  0.941281703286671     
          21          33   1.11196718466772     
          32          33  0.935078914429732     
          32          34  0.991496433833736     
          34          35  0.981274044076367     
          34          36  0.983238613998825     
          34          37  0.981441188282795     
          32          38  0.997524822407563     
          38          39  0.983151954876885     
          38          40  0.982318541816292     
          38          41  0.983313243086986     
          19          42  0.848687440224095     
          42          43   1.14193349535320     
          43          44  0.932152101246269     
          44          45  0.996075809857778     
          45          46  0.979438738343794     
          45          47  0.980979766207531     
          45          48  0.982145471196467     
          44          49  0.992077079593000     
          49          50  0.982725300184028     
          49          51  0.982528687031671     
          49          52  0.979837934539288     
          44          53  0.936604250856675     
          42          54   1.10179393177333     
          53          54  0.930522131721027     
          53          55  0.995069487507308     
          55          56  0.982679005459735     
          55          57  0.982795075672301     
          55          58  0.982514340001958     
          53          59  0.993778744343028     
          59          60  0.978862144224882     
          59          61  0.982144089099729     
          59          62  0.982750065348441     
          19          63  0.845723472300868     
          63          64   1.11798892225733     
          64          65  0.931729928905048     
          65          66  0.992115928768914     
          66          67  0.978676344816375     
          66          68  0.980046575109436     
          66          69  0.982366017013121     
          65          70  0.997027957024910     
          70          71  0.981387030430153     
          70          72  0.982943628526454     
          70          73  0.982149677149147     
          65          74  0.938711012295105     
          63          75   1.12589598235526     
          74          75  0.930504164862798     
          74          76  0.996757262089916     
          76          77  0.982335924587703     
          76          78  0.982257502953900     
          76          79  0.981916814933307     
          74          80  0.991805728060301     
          80          81  0.983797026497144     
          80          82  0.982930649305257     
          80          83  0.982857902400706     
           4          84  0.968034418410926     
          14          85  0.968282104175112     
          19          86  0.575179598137001     
          20          86  0.314116863474072     
          86          87   1.26537459234799     
          86          88   1.50657723092781     
          87          89   1.47785171464609     
          87          90  0.957508438033085     
          87          91  0.111035377654665     
          88          91   1.14373344357707     
          89          91   1.10976271471269     
          88          92   1.00824454493962     
          89          93   1.15710879716591     
          93          94   2.73920909245270     
