   -0.12312856
    0.07582919
   -0.04398934
   -0.02226531
   -0.04437489
    0.04867980
    0.05216217
    0.05571694
    0.04661945
    0.07303681
   -0.13223493
    0.04205128
   -0.04560444
   -0.02492626
   -0.04519658
    0.04468309
    0.04923044
    0.07395433
   -0.14859013
    0.08076928
    0.40589706
   -0.40791688
    0.13033168
   -0.12156108
    0.05377301
    0.04486574
    0.05158989
   -0.10805585
    0.04726425
    0.04100332
    0.02645645
    0.13112416
   -0.40568799
   -0.12023961
    0.04918212
    0.04678169
    0.05031107
   -0.11954183
    0.04601418
    0.05341835
    0.04554533
    0.40393178
   -0.38161727
    0.12804010
   -0.12583285
    0.05486133
    0.05659067
    0.04993368
   -0.12165198
    0.04882261
    0.04733526
    0.05182111
    0.12780974
   -0.38480291
   -0.12352855
    0.05260935
    0.05347694
    0.04889024
   -0.12143664
    0.04240241
    0.05197024
    0.04913998
    0.40393779
   -0.37857752
    0.12618973
   -0.12902290
    0.05849386
    0.05330730
    0.05084455
   -0.12938577
    0.06135768
    0.05115423
    0.05260559
    0.12704834
   -0.38015534
   -0.12465930
    0.05124265
    0.05298533
    0.05605352
   -0.12254725
    0.03990815
    0.05038406
    0.05487589
    0.05270529
    0.04867915
   -0.01382994
   -0.05768558
   -0.01235416
    0.09814132
    0.02049972
   -0.04863918
    0.08150302
   -0.29068462
   -0.12407686
   -0.04688040
    0.06528380
   -0.06160129
    0.06546387
    0.05168836
    0.04928363
    0.01532147
    0.03561069
    0.04606022
   -0.12162933
    0.05521402
    0.05592182
    0.04822171
