           1           2   1.31019900562720     
           2           3   1.34520170545641     
           3           4   1.48648999061836     
           4           5   1.37954226350691     
           1           6   1.38861608604503     
           3           6  0.106219216259200     
           5           6   1.46162711581343     
           6           7  0.956653691074603     
           5           8  0.968497337442196     
           3           9  0.961826348779131     
           2          10   1.09489190920229     
          10          11   1.30130121321924     
          11          12   1.38347183322538     
          12          13   1.46087884409069     
          13          14   1.38049745988102     
          10          15   1.34960006616357     
          12          15  0.105493738506134     
          14          15   1.48148056920857     
          15          16  0.961838322227504     
          13          17  0.969135868497573     
          12          18  0.947240255694122     
           1          19  0.442495537620755     
          11          19  0.416558610568788     
          19          20  0.524744835710036     
          19          21  0.710795070517494     
          21          22   1.09401252194495     
          22          23  0.941871782310583     
          23          24  0.996659545492982     
          24          25  0.982673320954703     
          24          26  0.983547963657722     
          24          27  0.983182772363927     
          23          28  0.990036095417398     
          28          29  0.984003095536962     
          28          30  0.983991221440455     
          28          31  0.984765745801604     
          23          32  0.941317397011474     
          21          33   1.10894814268850     
          32          33  0.938547468652547     
          32          34  0.990969007744552     
          34          35  0.982639206035357     
          34          36  0.983606854005972     
          34          37  0.982084628388070     
          32          38  0.996923214793762     
          38          39  0.983157270666234     
          38          40  0.982686509839830     
          38          41  0.983641101861594     
          19          42  0.849499103464768     
          42          43   1.12013267804181     
          43          44  0.936370853090782     
          44          45  0.996246966455202     
          45          46  0.981059986437420     
          45          47  0.981541491052858     
          45          48  0.983135207954426     
          44          49  0.991136170028974     
          49          50  0.983322080940623     
          49          51  0.982959224692505     
          49          52  0.979779695321491     
          44          53  0.938192894864786     
          42          54   1.10642360691813     
          53          54  0.933846722321447     
          53          55  0.995760672451693     
          55          56  0.982604985800715     
          55          57  0.982853536306646     
          55          58  0.983099677982734     
          53          59  0.992026793946087     
          59          60  0.979720339945878     
          59          61  0.982980385630890     
          59          62  0.982963537278506     
          19          63  0.873899098260297     
          63          64   1.11135084494601     
          64          65  0.935152153278799     
          65          66  0.991548003713207     
          66          67  0.978762311470575     
          66          68  0.982221609842581     
          66          69  0.982870706663340     
          65          70  0.996969370822026     
          70          71  0.981850648858776     
          70          72  0.983191450774721     
          70          73  0.982173386298789     
          65          74  0.938381191287588     
          63          75   1.11515197838749     
          74          75  0.935697982393395     
          74          76  0.995867786938925     
          76          77  0.982912788500786     
          76          78  0.982370457651146     
          76          79  0.982064333643083     
          74          80  0.990973544079314     
          80          81  0.983786077315523     
          80          82  0.983168736722704     
          80          83  0.983268462021170     
           4          84  0.968770997162654     
          14          85  0.969048957236179     
          19          86  0.594308616600869     
          20          86  0.349247401709638     
          86          87   1.48689417489567     
          86          88   1.23505775563351     
          87          89   1.28441452474185     
          87          90  0.960214502178666     
          88          91   1.28104562432909     
          88          92   1.23430859921541     
          89          93   1.50196869580311     
          92          93   1.27018251547096     
          89          94   1.01785216393102     
          91          95   1.55473184233836     
          91          96  0.949250265619976     
          91          97  0.110552418066620     
          92          97   1.27672521160002     
          94          98  0.983640496804298     
          94          99  0.972344942971997     
          94         100  0.970026491773256     
          95         101   1.29609354331628     
          97         101   1.52004710860696     
          95         102  0.968355796651667     
          97         103  0.965032975432881     
         101         104   1.02641318226610     
         104         105  0.971938532750806     
         104         106  0.970238791134136     
         104         107  0.985463095808723     
