           1           2   1.50951465732118     
           2           3   1.36673118669677     
           1           4  0.111326716759089     
           3           4   1.49284652657920     
           4           5   1.33731226595073     
           5           6   1.18972480136604     
           6           7   1.17096576686285     
           7           8   1.07923019557420     
           8           9   1.37603725364934     
           9          10   1.45494658328054     
           8          11  0.101391146721351     
          10          11   1.43304291884996     
           9          12  0.105571688234244     
          11          12   1.42871115639080     
           8          13   1.37208454289794     
          10          13  0.106669214084696     
          12          13   1.46033155737258     
           7          14   1.51823275140632     
           1          15   1.32063813337607     
           5          15   1.23460104496015     
          14          15   1.25001017993327     
           1          16  0.969911948489696     
           2          17  0.971898360046561     
           3          18  0.972181521765574     
           4          19  0.968369366341763     
           6          20  0.932736785730086     
           9          21  0.967632808144718     
          10          22  0.970613234491729     
          11          23  0.971346742401833     
          12          24  0.970465349251357     
          13          25  0.968724471578284     
          14          26  0.972725447824754     
