   -0.12298226
    0.07316014
   -0.04438957
   -0.02457481
   -0.04589935
    0.04748209
    0.04998966
    0.05081163
    0.04249681
    0.06835698
   -0.12533418
    0.04045108
   -0.04704947
   -0.02745640
   -0.04637243
    0.04060038
    0.04757211
    0.07692343
   -0.17178465
    0.09864055
    0.40247566
   -0.41125460
    0.13029047
   -0.11933236
    0.05134859
    0.04298395
    0.04967273
   -0.10773033
    0.04550021
    0.04050991
    0.02740719
    0.13106110
   -0.40695885
   -0.11903547
    0.05074152
    0.04354874
    0.04752517
   -0.11876086
    0.04616914
    0.05191983
    0.04345121
    0.40365437
   -0.38584808
    0.12865731
   -0.12488556
    0.05497410
    0.05414309
    0.04804456
   -0.12008217
    0.04674835
    0.04415966
    0.05083304
    0.12730750
   -0.38088752
   -0.12376011
    0.05284564
    0.05398203
    0.04652041
   -0.12425922
    0.04658073
    0.05058804
    0.05120729
    0.40330603
   -0.38000562
    0.12525587
   -0.12957839
    0.05775530
    0.05405057
    0.04858619
   -0.12828790
    0.06047921
    0.04896285
    0.05124570
    0.12780086
   -0.38441134
   -0.12261982
    0.04927551
    0.05207951
    0.05389031
   -0.11965050
    0.03932190
    0.04609010
    0.05302977
    0.04769878
    0.04412714
   -0.04880513
   -0.01654717
   -0.07135618
   -0.10501721
    0.01520457
   -0.02096956
    0.02115399
    0.19440116
    0.03083536
