           1           2   1.30068927384239     
           2           3   1.34263966771132     
           3           4   1.48973772068338     
           4           5   1.37227201078087     
           1           6   1.38358347580406     
           3           6  0.106099894423015     
           5           6   1.46682384435802     
           6           7  0.957322304068290     
           5           8  0.969042435776595     
           3           9  0.962184885452167     
           2          10   1.10105768787756     
          10          11   1.29332435960432     
          11          12   1.37841071172688     
          12          13   1.46487704668383     
          13          14   1.37496477870094     
          10          15   1.34804990118567     
          12          15  0.105021184904358     
          14          15   1.48373255908145     
          15          16  0.962214460689119     
          13          17  0.969328830481270     
          12          18  0.947938291413958     
           1          19  0.460409389795591     
          11          19  0.454548548366568     
          19          20  0.541602760068415     
          19          21  0.717280788249844     
          21          22   1.08683849605835     
          22          23  0.944918909643780     
          23          24  0.996075148476029     
          24          25  0.982944394537023     
          24          26  0.983850053889671     
          24          27  0.983401512421203     
          23          28  0.989811030675545     
          28          29  0.984309328803624     
          28          30  0.984186968449048     
          28          31  0.985235297223164     
          23          32  0.940769528753947     
          21          33   1.10501094113447     
          32          33  0.941629437155599     
          32          34  0.990594690521912     
          34          35  0.981163754935510     
          34          36  0.983851174098569     
          34          37  0.982242073073352     
          32          38  0.996563891090292     
          38          39  0.983234908082233     
          38          40  0.983058976925445     
          38          41  0.983996935584482     
          19          42  0.871775882199133     
          42          43   1.10714782580036     
          43          44  0.938854910394583     
          44          45  0.996579946244407     
          45          46  0.982350193958457     
          45          47  0.982253837674656     
          45          48  0.983433472093052     
          44          49  0.990383625857455     
          49          50  0.983695711222534     
          49          51  0.982204988715021     
          49          52  0.980027889329088     
          44          53  0.939069810002277     
          42          54   1.10611442784733     
          53          54  0.937469787183606     
          53          55  0.995957599525482     
          55          56  0.982640213394658     
          55          57  0.982899717789137     
          55          58  0.983455078437648     
          53          59  0.991086180006334     
          59          60  0.982489931931539     
          59          61  0.983422000350489     
          59          62  0.983042668338741     
          19          63  0.874657643600891     
          63          64   1.10500371074024     
          64          65  0.939932435447299     
          65          66  0.990792108464057     
          66          67  0.979247208799012     
          66          68  0.982599987346822     
          66          69  0.983369518309493     
          65          70  0.996399849871144     
          70          71  0.982061510315501     
          70          72  0.983664337112102     
          70          73  0.982473451760383     
          65          74  0.938135375247245     
          63          75   1.11080191657464     
          74          75  0.938235229630610     
          74          76  0.995849747297674     
          76          77  0.983210130075655     
          76          78  0.982408414481043     
          76          79  0.981204315833934     
          74          80  0.990632451256192     
          80          81  0.984281294412671     
          80          82  0.983441121254721     
          80          83  0.983535593634286     
           4          84  0.969344728731692     
          14          85  0.969532694626669     
          19          86  0.590769042717831     
          20          86  0.345163415511434     
          86          87   1.50586514232117     
          86          88   1.28557103436316     
          87          89   1.21610411924029     
          87          90  0.968539587959303     
          87          91  0.138556419187831     
          88          91   1.55761577284224     
          89          91   1.22714767974488     
          88          92  0.969836467645558     
          89          93  0.934753895396579     
          91          94  0.970091938456593     
