   -0.12651749
    0.07525613
   -0.04437062
   -0.02183527
   -0.04446127
    0.04870618
    0.05347764
    0.05685385
    0.04828804
    0.07069579
   -0.13573864
    0.04107505
   -0.04510855
   -0.02593096
   -0.04501918
    0.04686594
    0.05187282
    0.07389836
   -0.14898162
    0.07976658
    0.40625478
   -0.40393135
    0.12946371
   -0.12224766
    0.05419416
    0.04599518
    0.05246277
   -0.11028446
    0.04888774
    0.04294658
    0.02750721
    0.13058445
   -0.40340072
   -0.12284487
    0.05304799
    0.04724274
    0.05109070
   -0.12090693
    0.04640639
    0.05482638
    0.04676254
    0.40769868
   -0.37566193
    0.12801887
   -0.12754783
    0.05859059
    0.05664558
    0.05090152
   -0.12290995
    0.05002953
    0.04867067
    0.05170728
    0.12805104
   -0.38407072
   -0.12503660
    0.05431805
    0.05419347
    0.05004195
   -0.12504299
    0.05268353
    0.05383249
    0.04581262
    0.40658605
   -0.37503336
    0.12483451
   -0.13289807
    0.06099284
    0.05614696
    0.05223611
   -0.12938566
    0.06109347
    0.05201916
    0.05155491
    0.12680187
   -0.37609705
   -0.12543424
    0.05211010
    0.05419929
    0.05732783
   -0.12243668
    0.04077839
    0.04970413
    0.05574131
    0.05428244
    0.05034354
    0.07433740
   -0.05519406
   -0.26568553
    0.06586250
    0.02796721
    0.18732634
   -0.29033543
    0.03213959
   -0.13898987
    0.06949447
    0.07697258
    0.07686099
