           1           2   1.31145833593475     
           2           3   1.34437298102610     
           3           4   1.48673868120637     
           4           5   1.38035253991451     
           1           6   1.39065371289695     
           3           6  0.106358342358851     
           5           6   1.46025740601035     
           6           7  0.957116298825108     
           5           8  0.968374322108310     
           3           9  0.962206876885591     
           2          10   1.09496238622901     
          10          11   1.29601422830335     
          11          12   1.37667041274044     
          12          13   1.46477467851465     
          13          14   1.37838293779149     
          10          15   1.35214435631333     
          12          15  0.104888967159991     
          14          15   1.47985725132416     
          15          16  0.962115547341316     
          13          17  0.968821938170044     
          12          18  0.947683146247954     
           1          19  0.435249296392934     
          11          19  0.431061411699889     
          19          20  0.522620268334551     
          19          21  0.715992211876649     
          21          22   1.09923069833843     
          22          23  0.940157909576052     
          23          24  0.996464862004107     
          24          25  0.982528718269994     
          24          26  0.983462436794082     
          24          27  0.983010182559987     
          23          28  0.990413501811678     
          28          29  0.983818921306400     
          28          30  0.983932653684516     
          28          31  0.984712984231252     
          23          32  0.940698823562392     
          21          33   1.11330952872370     
          32          33  0.936685829211065     
          32          34  0.991154521819535     
          34          35  0.980971170959369     
          34          36  0.983382948453828     
          34          37  0.981858751505459     
          32          38  0.997181977445477     
          38          39  0.983049741508930     
          38          40  0.982568549600176     
          38          41  0.983566974031485     
          19          42  0.846934202957845     
          42          43   1.13167593394731     
          43          44  0.933297009270150     
          44          45  0.996877503556725     
          45          46  0.981881778458182     
          45          47  0.981934092400178     
          45          48  0.982932695129157     
          44          49  0.990823597174758     
          49          50  0.983371206119309     
          49          51  0.982390288750600     
          49          52  0.980076943023149     
          44          53  0.939981842415234     
          42          54   1.10757489519095     
          53          54  0.930776980072724     
          53          55  0.996833608941552     
          55          56  0.982480809302542     
          55          57  0.982864491772492     
          55          58  0.982974772835009     
          53          59  0.991853347349544     
          59          60  0.980840139768634     
          59          61  0.982862918067394     
          59          62  0.983386726427938     
          19          63  0.857030238139026     
          63          64   1.12037620235850     
          64          65  0.934992880807366     
          65          66  0.991456628508677     
          66          67  0.978812534531141     
          66          68  0.982259279261331     
          66          69  0.982733270261325     
          65          70  0.996614862350439     
          70          71  0.981870575769167     
          70          72  0.983249459804726     
          70          73  0.982331303658212     
          65          74  0.937468246477440     
          63          75   1.12310948517878     
          74          75  0.933984566510807     
          74          76  0.995829742084152     
          76          77  0.982734198625260     
          76          78  0.982029165098535     
          76          79  0.981464142548594     
          74          80  0.991488274207549     
          80          81  0.984126372293634     
          80          82  0.983041342965203     
          80          83  0.983084448060184     
           4          84  0.968573777307759     
          14          85  0.968914422180211     
          19          86  0.609431853414561     
          20          86  0.342430534784717     
          86          87   1.33483290099416     
          86          88   1.39337497011102     
          87          89   1.45831277379846     
          87          90  0.963746560937977     
          87          91  0.102013689177375     
          88          91   1.39452113296277     
          89          92   1.40881620874865     
          91          92   1.38244555538389     
          89          93  0.960696486431970     
          91          94   1.02194643520857     
          94          95  0.982187101052342     
          94          96  0.967275266426726     
          94          97  0.959597434777044     
