   -0.12331066
    0.08120953
   -0.03940618
   -0.02162234
   -0.04400072
    0.04823733
    0.05048115
    0.05553078
    0.04835515
    0.07826449
   -0.12847289
    0.04093702
   -0.04593905
   -0.02401141
   -0.04112553
    0.04668693
    0.05196744
    0.07681253
   -0.16817820
    0.09560834
    0.40436978
   -0.41162467
    0.13062095
   -0.12042702
    0.05245846
    0.04452321
    0.05060573
   -0.10820742
    0.04739439
    0.04074665
    0.02662996
    0.13096597
   -0.40523241
   -0.11957893
    0.04962570
    0.04553917
    0.04917547
   -0.11951999
    0.04670236
    0.05307733
    0.04483805
    0.40453938
   -0.38328739
    0.12845130
   -0.12606760
    0.05561468
    0.05568217
    0.04978142
   -0.12116927
    0.04854454
    0.04514262
    0.05118718
    0.12740500
   -0.38168941
   -0.12448145
    0.05315643
    0.05458010
    0.04817165
   -0.12448179
    0.04652800
    0.05259471
    0.05121960
    0.40313174
   -0.37901335
    0.12510037
   -0.13063024
    0.05888763
    0.05462706
    0.05004282
   -0.12883107
    0.06079408
    0.05035467
    0.05137644
    0.12733638
   -0.38275388
   -0.12359391
    0.05060792
    0.05280649
    0.05480547
   -0.12090415
    0.03921330
    0.04818804
    0.05420298
    0.05365167
    0.05033185
   -0.04744835
    0.00497252
   -0.08270952
   -0.01756997
    0.10956248
    0.03817875
    0.03216194
   -0.06004740
   -0.34236806
   -0.12420872
    0.06438636
    0.06997807
    0.07024402
    0.06104177
    0.06105844
    0.06090710
