           1           2   1.31395354503436     
           2           3   1.34834350433601     
           3           4   1.48419332666808     
           4           5   1.38171617217546     
           1           6   1.38618175255548     
           3           6  0.106475804226989     
           5           6   1.46226027849440     
           6           7  0.957181342742403     
           5           8  0.968463039028156     
           3           9  0.961483851782428     
           2          10   1.09089700225574     
          10          11   1.30502300622710     
          11          12   1.38162026676816     
          12          13   1.45983588988379     
          13          14   1.38412338617320     
          10          15   1.35397550508094     
          12          15  0.105089391679377     
          14          15   1.47830707912408     
          15          16  0.961489454495530     
          13          17  0.968803008844600     
          12          18  0.947402148442887     
           1          19  0.443951906027816     
          11          19  0.439799941238196     
          19          20  0.551623033917728     
          19          21  0.722205425170927     
          21          22   1.09078888866320     
          22          23  0.942970478155227     
          23          24  0.996360154439142     
          24          25  0.982822343978516     
          24          26  0.983677677677989     
          24          27  0.983304903812384     
          23          28  0.989971941889446     
          28          29  0.984073760319885     
          28          30  0.984079335368836     
          28          31  0.985146955499419     
          23          32  0.941059300897959     
          21          33   1.10846339398062     
          32          33  0.939799690558533     
          32          34  0.990750683760403     
          34          35  0.982010735125823     
          34          36  0.983721817601044     
          34          37  0.982171707473987     
          32          38  0.996778784071192     
          38          39  0.983159825501259     
          38          40  0.982883282918810     
          38          41  0.983803024533169     
          19          42  0.865924900610841     
          42          43   1.11453453628681     
          43          44  0.936435463316121     
          44          45  0.996642663935900     
          45          46  0.982300876519686     
          45          47  0.981975304581243     
          45          48  0.983152224539130     
          44          49  0.990772026775803     
          49          50  0.983486905306784     
          49          51  0.982579201149302     
          49          52  0.979930651520146     
          44          53  0.939236630504374     
          42          54   1.10715992333817     
          53          54  0.935126546181727     
          53          55  0.996318588493629     
          55          56  0.982528099624531     
          55          57  0.982754956594376     
          55          58  0.983228665118668     
          53          59  0.991176581917713     
          59          60  0.982038489422134     
          59          61  0.983151508612381     
          59          62  0.983077499280637     
          19          63  0.868482531182704     
          63          64   1.10897404976223     
          64          65  0.938031005531008     
          65          66  0.991020326404236     
          66          67  0.978871364251648     
          66          68  0.982541171367654     
          66          69  0.983147343642267     
          65          70  0.996533032898809     
          70          71  0.981989545223299     
          70          72  0.983459582223599     
          70          73  0.982369009267384     
          65          74  0.938194920100303     
          63          75   1.11625085170725     
          74          75  0.936343074604829     
          74          76  0.995901788763944     
          76          77  0.983020854662542     
          76          78  0.982379671177855     
          76          79  0.981656315795282     
          74          80  0.990983035507105     
          80          81  0.984057935994912     
          80          82  0.983340795353526     
          80          83  0.983363823752638     
           4          84  0.968686262251068     
          14          85  0.968887104223874     
          19          86  0.608540685993464     
          20          86  0.337437449688075     
          86          87   1.34339984760150     
          86          88   1.33460420307969     
          87          89   1.11993369338716     
          87          90   1.17325285565135     
          88          91   1.46489921756331     
          89          91   1.24065708722646     
          88          92  0.966853313767567     
          89          93   1.00463982593879     
          90          94   2.69239785092289     
          91          95   1.03183290407929     
          93          96  0.978954935149041     
          93          97  0.971245575591593     
          93          98  0.970930561940969     
          95          99  0.982735477385561     
          95         100  0.967593342253366     
          95         101  0.967724709404283     
