   -0.12406639
    0.07746379
   -0.04151653
   -0.02063075
   -0.04175343
    0.04852749
    0.05572064
    0.05872840
    0.04883686
    0.07219622
   -0.12935135
    0.04255827
   -0.04342105
   -0.02271570
   -0.04530853
    0.04967365
    0.05470469
    0.07926628
   -0.15843415
    0.09641647
    0.40129750
   -0.40914398
    0.13018101
   -0.12158647
    0.05380299
    0.04508835
    0.05084139
   -0.10935540
    0.04765516
    0.04146550
    0.02793546
    0.13074884
   -0.40201621
   -0.12043204
    0.04953477
    0.04637263
    0.05015705
   -0.12032326
    0.04736470
    0.05346293
    0.04524116
    0.40428068
   -0.37975687
    0.12840196
   -0.12605923
    0.05498363
    0.05649752
    0.05016290
   -0.12272067
    0.04931207
    0.04655785
    0.05403757
    0.12749491
   -0.37935897
   -0.12508602
    0.05504411
    0.05503188
    0.04893693
   -0.12275071
    0.04438429
    0.05242572
    0.05040711
    0.40009499
   -0.37603532
    0.12469753
   -0.13141529
    0.05967490
    0.05430516
    0.05078334
   -0.12969835
    0.06075650
    0.05123617
    0.05245948
    0.12643598
   -0.37739811
   -0.12456925
    0.05114567
    0.05408083
    0.05505753
   -0.12319749
    0.04123242
    0.05057949
    0.05509493
    0.05560682
    0.05344915
    0.00827023
   -0.10555696
   -0.08393369
    0.02769145
    0.17467570
   -0.00131620
    0.02597390
    0.03214409
   -0.05811017
   -0.27467285
    0.01964281
    0.03695596
    0.02607183
    0.02037318
