           1           2   1.31432215386166     
           2           3   1.35307363379084     
           3           4   1.47860607339782     
           4           5   1.38780128081786     
           1           6   1.39012775271730     
           3           6  0.105373193301466     
           5           6   1.45678203903508     
           6           7  0.956677243627583     
           5           8  0.968124015537003     
           3           9  0.961834840215332     
           2          10   1.08660168837708     
          10          11   1.30774221594568     
          11          12   1.38916969294270     
          12          13   1.45382966057019     
          13          14   1.39025817246081     
          10          15   1.35734992741462     
          12          15  0.104857335945009     
          14          15   1.47462173860696     
          15          16  0.961647053630258     
          13          17  0.968551860290582     
          12          18  0.947397371127215     
           1          19  0.430001264626898     
          11          19  0.429455537450041     
          19          20  0.548464167869707     
          19          21  0.735455600600766     
          21          22   1.08993771309755     
          22          23  0.942542048183527     
          23          24  0.996704359876719     
          24          25  0.982665589464569     
          24          26  0.983567250610196     
          24          27  0.983234989089596     
          23          28  0.989947003634981     
          28          29  0.984028878395449     
          28          30  0.983977313595038     
          28          31  0.985346013437537     
          23          32  0.941411224785995     
          21          33   1.11385209749483     
          32          33  0.938956807669933     
          32          34  0.990866850106293     
          34          35  0.982363394654641     
          34          36  0.983665475173290     
          34          37  0.982283226263335     
          32          38  0.996970684467298     
          38          39  0.983120953995713     
          38          40  0.982729454304676     
          38          41  0.983669637313519     
          19          42  0.854011521438851     
          42          43   1.12494562345656     
          43          44  0.933999124294920     
          44          45  0.997137341660040     
          45          46  0.982281008659573     
          45          47  0.981753682913845     
          45          48  0.982930558688871     
          44          49  0.990996014142091     
          49          50  0.983299593534127     
          49          51  0.982383579972626     
          49          52  0.979300371146498     
          44          53  0.939334066319056     
          42          54   1.11163406600407     
          53          54  0.933291846599860     
          53          55  0.996534578223524     
          55          56  0.982358518421080     
          55          57  0.982689699713020     
          55          58  0.983008164751978     
          53          59  0.991727522571454     
          59          60  0.982175840924679     
          59          61  0.982947136457262     
          59          62  0.982942578066696     
          19          63  0.860191383144622     
          63          64   1.11575556477202     
          64          65  0.936908666851279     
          65          66  0.991427318281831     
          66          67  0.978442227541948     
          66          68  0.982452256250468     
          66          69  0.982934546142512     
          65          70  0.996485101181015     
          70          71  0.981896753569749     
          70          72  0.983300480411490     
          70          73  0.982170310019399     
          65          74  0.937301068622617     
          63          75   1.12289141022033     
          74          75  0.935354472587321     
          74          76  0.995869934558087     
          76          77  0.982902348338180     
          76          78  0.982243218269432     
          76          79  0.981415019785859     
          74          80  0.991478730376203     
          80          81  0.983896986505469     
          80          82  0.983074414720850     
          80          83  0.983150534666064     
           4          84  0.968497752470791     
          14          85  0.968580916128559     
          19          86  0.596898463930450     
          20          86  0.337849137963993     
          86          87   1.18959409404190     
          86          88   1.50710907504873     
          87          89   1.16905566739426     
          87          90  0.937479773882659     
          88          91   1.25989039920987     
          89          91   1.20939411607436     
          88          92  0.968709207967422     
          89          93   1.35834527393529     
          91          94   1.31936321832849     
          93          94  0.100799834324567     
          93          95   1.45439223772373     
          93          96  0.961721211089868     
          94          97   1.49301455323949     
          95          97   1.37010328788338     
          94          98  0.969168611868365     
          97          99  0.965351127448077     
