   -0.12285602
    0.07596674
   -0.04346809
   -0.02209060
   -0.04423459
    0.04730380
    0.05510485
    0.05595732
    0.04462151
    0.07304725
   -0.13535381
    0.04201713
   -0.04472714
   -0.02418068
   -0.04495992
    0.04250163
    0.04810517
    0.07641072
   -0.14714750
    0.09845240
    0.40477118
   -0.40702924
    0.13005344
   -0.12164366
    0.05432353
    0.04466225
    0.05115599
   -0.10832782
    0.04702902
    0.04078241
    0.02649206
    0.13080135
   -0.40405822
   -0.12222412
    0.05304020
    0.04588497
    0.05059237
   -0.11967071
    0.04552666
    0.05367623
    0.04505781
    0.40167576
   -0.38414355
    0.12839865
   -0.12797062
    0.05748175
    0.05670967
    0.04964671
   -0.12215413
    0.04775286
    0.04733677
    0.05257952
    0.12728913
   -0.38125956
   -0.12391171
    0.05258408
    0.05322761
    0.04839950
   -0.12635364
    0.04973988
    0.05298567
    0.05061199
    0.40076786
   -0.37212695
    0.12418192
   -0.13348323
    0.05941914
    0.05734811
    0.05180401
   -0.13036217
    0.06142520
    0.05106008
    0.05316702
    0.12668870
   -0.37596810
   -0.12567801
    0.05153315
    0.05335211
    0.05719586
   -0.12313581
    0.04105564
    0.04934489
    0.05512411
    0.05151472
    0.04611050
   -0.03040912
   -0.04016240
    0.01558773
    0.08257165
    0.04072233
   -0.13956340
   -0.04585772
   -0.05456155
   -0.23889842
    0.07583071
    0.07107987
    0.05229974
    0.05021120
    0.04881842
