           1           2   1.31319296938778     
           2           3   1.34653938204488     
           3           4   1.48525360972689     
           4           5   1.38089423143839     
           1           6   1.38857075487087     
           3           6  0.106264698495480     
           5           6   1.46129957035587     
           6           7  0.956557177286464     
           5           8  0.968447560023163     
           3           9  0.962006038778983     
           2          10   1.09258627596215     
          10          11   1.30564265530735     
          11          12   1.38725510274519     
          12          13   1.45800387504734     
          13          14   1.38435635451911     
          10          15   1.35191976145467     
          12          15  0.105389408501686     
          14          15   1.47895738261212     
          15          16  0.962041511864824     
          13          17  0.969267549114420     
          12          18  0.947316837315776     
           1          19  0.436504831561387     
          11          19  0.397999623565753     
          19          20  0.528787717715779     
          19          21  0.719308010667742     
          21          22   1.09458703338903     
          22          23  0.942214800490845     
          23          24  0.996510369908069     
          24          25  0.982613926744179     
          24          26  0.983583663977711     
          24          27  0.983228373876244     
          23          28  0.990124971820524     
          28          29  0.984031157034573     
          28          30  0.984051687210260     
          28          31  0.984847145083021     
          23          32  0.941172780659021     
          21          33   1.10818934434361     
          32          33  0.938839158647363     
          32          34  0.990867838003481     
          34          35  0.981261527225329     
          34          36  0.983646910183981     
          34          37  0.981945511730254     
          32          38  0.997013596633469     
          38          39  0.983230906168443     
          38          40  0.982597153922032     
          38          41  0.983703262085089     
          19          42  0.859664899715294     
          42          43   1.10878548869830     
          43          44  0.935989025308032     
          44          45  0.996550752513964     
          45          46  0.981375989816691     
          45          47  0.981775562949952     
          45          48  0.983137081700921     
          44          49  0.991192586282966     
          49          50  0.983404241740402     
          49          51  0.982797414604351     
          49          52  0.979373696804383     
          44          53  0.938829695142482     
          42          54   1.11140849621773     
          53          54  0.933602225273003     
          53          55  0.996319984377608     
          55          56  0.982559239580613     
          55          57  0.982843874814738     
          55          58  0.983121988444650     
          53          59  0.991603854251787     
          59          60  0.981782627575367     
          59          61  0.982990842902143     
          59          62  0.982927012592122     
          19          63  0.879524773510612     
          63          64   1.11460265626389     
          64          65  0.936739997831196     
          65          66  0.991286637175461     
          66          67  0.978915367854188     
          66          68  0.981918394212771     
          66          69  0.982865914054408     
          65          70  0.996891571002457     
          70          71  0.981870861649635     
          70          72  0.983206370341791     
          70          73  0.982229654784941     
          65          74  0.938344160388883     
          63          75   1.12053494795024     
          74          75  0.934786727919316     
          74          76  0.996142123275858     
          76          77  0.982794619238331     
          76          78  0.982227665991001     
          76          79  0.981858591829542     
          74          80  0.991141723094249     
          80          81  0.983938723331588     
          80          82  0.983207401683188     
          80          83  0.983166479113793     
           4          84  0.968900455476332     
          14          85  0.969279410985497     
          19          86  0.577196365815997     
          20          86  0.353780951250605     
          86          87   1.39050662875572     
          86          88   1.34527894971419     
          87          89   1.40248050953841     
          87          90  0.957923908937916     
          88          91   1.02825717880048     
          88          92   1.41962401311728     
          89          93   1.40939538368357     
          92          93   1.42135861967833     
          89          94  0.925657312691696     
          91          95  0.953137739399326     
          91          96  0.960693694613381     
          91          97  0.983664816256780     
          92          98  0.964241822457168     
          93          99  0.967733450208820     
