           1           2   1.41727136598513     
           2           3   1.02596748281988     
           2           4   1.40542586826238     
           1           5  0.109571975655052     
           4           5   1.45293142571915     
           2           6  0.109760955707483     
           5           6   1.43262163102595     
           1           7   1.44023927251233     
           4           7  0.112021155085120     
           6           7   1.44311907970272     
           1           8  0.969113445941686     
           3           9  0.985650660974521     
           3          10  0.971741294393348     
           3          11  0.972257982643835     
           4          12  0.970162043410029     
           5          13  0.971191757833721     
           6          14  0.971603415922962     
           7          15  0.971246695512846     
