   -0.11490938
    0.07741146
   -0.04231140
   -0.02205632
   -0.04260419
    0.04840940
    0.05438721
    0.05770339
    0.04888207
    0.07422721
   -0.11777641
    0.04312497
   -0.04416390
   -0.02345640
   -0.04541155
    0.04869796
    0.05373505
    0.07875554
   -0.16872851
    0.10323655
    0.40149045
   -0.40646967
    0.12942681
   -0.12166698
    0.05338823
    0.04522549
    0.05145788
   -0.11083423
    0.04802246
    0.04276538
    0.02874974
    0.13011791
   -0.40103378
   -0.12196525
    0.05282085
    0.04600768
    0.04923806
   -0.12062590
    0.04742487
    0.05324517
    0.04547920
    0.40001575
   -0.38226790
    0.12828045
   -0.12618350
    0.05477503
    0.05639290
    0.05030862
   -0.12231824
    0.04961058
    0.04698800
    0.05262414
    0.12717668
   -0.37954424
   -0.12527839
    0.05534283
    0.05512577
    0.04881928
   -0.12343180
    0.04371489
    0.05277535
    0.05121189
    0.40042827
   -0.38064553
    0.12488947
   -0.13148808
    0.05921815
    0.05387904
    0.05095092
   -0.12934909
    0.06036100
    0.05100663
    0.05226523
    0.12693413
   -0.37737394
   -0.12468644
    0.05116197
    0.05463068
    0.05519837
   -0.12205297
    0.04051100
    0.04914983
    0.05505476
    0.05477957
    0.05206497
    0.05749327
   -0.20832515
   -0.07508492
    0.05030402
   -0.06901100
    0.02554993
    0.03572719
    0.03290350
