           1           2   1.31365690467762     
           2           3   1.35196171913555     
           3           4   1.48024550143898     
           4           5   1.38513009497806     
           1           6   1.38751820607824     
           3           6  0.105867716823874     
           5           6   1.45923095890194     
           6           7  0.956501966836271     
           5           8  0.968221564606058     
           3           9  0.961664741086724     
           2          10   1.08715638540987     
          10          11   1.31017725026865     
          11          12   1.39183978983668     
          12          13   1.45233273739486     
          13          14   1.39086789313648     
          10          15   1.35595672939725     
          12          15  0.105411634181047     
          14          15   1.47561498620437     
          15          16  0.961598755865409     
          13          17  0.968679072450645     
          12          18  0.946526948715596     
           1          19  0.449048793145037     
          11          19  0.440636754435739     
          19          20  0.550946452970608     
          19          21  0.746622812705916     
          21          22   1.09349394315018     
          22          23  0.942670918347690     
          23          24  0.996356795465994     
          24          25  0.982641357497329     
          24          26  0.983624429835843     
          24          27  0.983160940300952     
          23          28  0.990136400572672     
          28          29  0.984039845356240     
          28          30  0.984028472138831     
          28          31  0.985443502461779     
          23          32  0.940622385410359     
          21          33   1.11316507904800     
          32          33  0.939342842815864     
          32          34  0.990753060548628     
          34          35  0.980803865853125     
          34          36  0.983570049887453     
          34          37  0.982010164906964     
          32          38  0.996842658992171     
          38          39  0.983084599565317     
          38          40  0.982840873695253     
          38          41  0.983781809467998     
          19          42  0.863843449930897     
          42          43   1.11890249325185     
          43          44  0.934986197969483     
          44          45  0.996989880014162     
          45          46  0.982319977716300     
          45          47  0.981898501496605     
          45          48  0.983065636842923     
          44          49  0.990771259402671     
          49          50  0.983347643436637     
          49          51  0.981957907446256     
          49          52  0.980019634096990     
          44          53  0.939394059415975     
          42          54   1.11117842329214     
          53          54  0.933844348160109     
          53          55  0.996333598453934     
          55          56  0.982310422363135     
          55          57  0.982719783973873     
          55          58  0.983116728607912     
          53          59  0.991463843900449     
          59          60  0.982914964882391     
          59          61  0.983090818673219     
          59          62  0.982975041405921     
          19          63  0.858380146639799     
          63          64   1.10733070563867     
          64          65  0.937163891599683     
          65          66  0.991080990450465     
          66          67  0.978735070360739     
          66          68  0.982569125285883     
          66          69  0.983049074390129     
          65          70  0.996492057902045     
          70          71  0.982029143747220     
          70          72  0.983413881018491     
          70          73  0.982310683139140     
          65          74  0.938210140118533     
          63          75   1.12273755004056     
          74          75  0.935412401462507     
          74          76  0.996083422486025     
          76          77  0.982932708380270     
          76          78  0.982100578800141     
          76          79  0.981063071525879     
          74          80  0.991053578335681     
          80          81  0.984086349811224     
          80          82  0.983123950194645     
          80          83  0.983252081961865     
           4          84  0.968581054315612     
          14          85  0.968676292490128     
          19          86  0.578915178533234     
          20          86  0.333970493224810     
          86          87   1.10700259376965     
          86          88   1.54478658634099     
          86          89  0.137616563085299     
          87          89   1.10832717659699     
          88          90   1.28612128361730     
          89          90   1.60630586885621     
          88          91  0.972304268547125     
          89          92  0.967115997676809     
          90          93  0.974122760610045     
