   -0.03626076
   -0.04714930
   -0.03853973
   -0.05159340
    0.03119107
    0.08404681
   -0.33785844
    0.55551628
   -0.21505789
   -0.21213391
   -0.21582414
    0.02558962
   -0.05488749
   -0.04520959
    0.00038464
   -0.06136023
   -0.10451155
   -0.04461307
   -0.02602719
   -0.02438524
    0.03536252
    0.03196161
    0.03436589
    0.03330937
    0.04555708
    0.04915317
    0.03655490
    0.04205475
    0.04559466
    0.03673329
    0.04516590
    0.04550288
    0.04153238
    0.03568085
    0.03553592
    0.03828094
    0.03761754
    0.03714954
    0.04004566
    0.03678419
    0.03474048
