           1           2   1.47424615667997     
           2           3   1.39122276575476     
           1           4  0.106622485888225     
           3           4   1.47359935414953     
           4           5   1.34979362172465     
           5           6   1.14788643514134     
           6           7  0.985339668907351     
           7           8  0.986953304589074     
           8           9  0.888997752293653     
           8          10  0.900687223349506     
           8          11  0.896531466569919     
           6          12   1.14139798346259     
          12          13   1.34980561174462     
          13          14   1.47626263621971     
          14          15   1.36584638062002     
          15          16   1.01107492302272     
          16          17   1.00197291969077     
          13          18  0.105219275819213     
          15          18   1.44829802577977     
          12          19   1.24484374765853     
          18          19   1.36524289031793     
           1          20   1.36528816548868     
           5          20   1.24285827334687     
          19          20   1.15149277408179     
           1          21  0.968695769660690     
           2          22  0.971481856345437     
           3          23  0.971506665003469     
           4          24  0.967734945132909     
           9          25  0.985114495316558     
           9          26  0.984250405788429     
           9          27  0.994625305521598     
          10          28  0.983521941106735     
          10          29  0.989808904813904     
          10          30  0.984836976398311     
          11          31  0.983281214874760     
          11          32  0.982821569254699     
          11          33  0.990042685095658     
          13          34  0.966965347343327     
          14          35  0.969400840386947     
          16          36  0.973773463491202     
          16          37  0.975215079249238     
          17          38  0.988266346743905     
          17          39  0.986221761803542     
          17          40  0.988470429445971     
          18          41  0.966691815914594     
