   -0.12274786
    0.07526914
   -0.04366002
   -0.02355110
   -0.04502895
    0.04784385
    0.05057298
    0.05257555
    0.04354166
    0.07150738
   -0.12604307
    0.04175817
   -0.04597248
   -0.02558901
   -0.04572929
    0.04219719
    0.04858068
    0.07570029
   -0.15905834
    0.08597210
    0.40208083
   -0.41138027
    0.13055668
   -0.12057529
    0.05283663
    0.04381797
    0.05011201
   -0.10776822
    0.04617699
    0.04019926
    0.02728436
    0.13097119
   -0.40529235
   -0.11933646
    0.04889658
    0.04500358
    0.04931201
   -0.11935139
    0.04662677
    0.05280099
    0.04411607
    0.40304996
   -0.38608226
    0.12870585
   -0.12537684
    0.05437152
    0.05513394
    0.04907057
   -0.12135454
    0.04739208
    0.04448640
    0.05265009
    0.12770553
   -0.38301265
   -0.12419880
    0.05325723
    0.05431312
    0.04753631
   -0.12349937
    0.04395068
    0.05196161
    0.05086817
    0.40066580
   -0.37855826
    0.12488066
   -0.13021987
    0.05901038
    0.05367815
    0.04935774
   -0.12868573
    0.06015963
    0.04986622
    0.05109555
    0.12688081
   -0.38161936
   -0.12342686
    0.04994618
    0.05244382
    0.05426335
   -0.12169213
    0.04007752
    0.04893171
    0.05358282
    0.04944221
    0.04629682
   -0.02262691
   -0.04002440
   -0.06287022
   -0.04739083
    0.01546305
    0.04367292
    0.03574240
   -0.02184587
    0.01819353
   -0.11506111
   -0.07989762
   -0.00435332
    0.18975631
    0.02157206
    0.03713743
