           1           2   1.30517066085984     
           2           3   1.34483221492214     
           3           4   1.48734837048047     
           4           5   1.37612535566423     
           1           6   1.38524479206854     
           3           6  0.106040732910525     
           5           6   1.46440050545080     
           6           7  0.957204373130610     
           5           8  0.968842653065679     
           3           9  0.961958641214528     
           2          10   1.09705695224433     
          10          11   1.29865009868174     
          11          12   1.38342340862195     
          12          13   1.46100804124849     
          13          14   1.37947553494601     
          10          15   1.34934143826347     
          12          15  0.105307727911687     
          14          15   1.48222051866258     
          15          16  0.961938992770738     
          13          17  0.969221015361110     
          12          18  0.947785102607910     
           1          19  0.449984829714040     
          11          19  0.436264933223696     
          19          20  0.529046555935219     
          19          21  0.717383144634557     
          21          22   1.08739519193204     
          22          23  0.943874984141320     
          23          24  0.996441801090695     
          24          25  0.982830507387216     
          24          26  0.983743036320972     
          24          27  0.983391152449632     
          23          28  0.989740270937241     
          28          29  0.984207836950778     
          28          30  0.984141025387523     
          28          31  0.985270655405975     
          23          32  0.941404330494553     
          21          33   1.10621583990855     
          32          33  0.940522135439759     
          32          34  0.990574880724150     
          34          35  0.982408764531071     
          34          36  0.983894698283760     
          34          37  0.982376656622349     
          32          38  0.996736583938464     
          38          39  0.983232518764162     
          38          40  0.982856532847194     
          38          41  0.983850568212953     
          19          42  0.864678312481408     
          42          43   1.10948277743686     
          43          44  0.937251128658097     
          44          45  0.996620088814671     
          45          46  0.982446953279121     
          45          47  0.982000238984439     
          45          48  0.983250818362099     
          44          49  0.990777216567411     
          49          50  0.983596586798722     
          49          51  0.982640326663806     
          49          52  0.979329096931690     
          44          53  0.939439408479965     
          42          54   1.10590033459004     
          53          54  0.935873091328400     
          53          55  0.996429703908589     
          55          56  0.982592346413919     
          55          57  0.982819879470358     
          55          58  0.983312349582687     
          53          59  0.990984091273772     
          59          60  0.981946485864233     
          59          61  0.983298984172635     
          59          62  0.983091252702360     
          19          63  0.875663921300006     
          63          64   1.10919448276610     
          64          65  0.939660289780662     
          65          66  0.991090145731953     
          66          67  0.978769520407170     
          66          68  0.982657330535304     
          66          69  0.983196107904758     
          65          70  0.996200727976807     
          70          71  0.982027747800983     
          70          72  0.983528397083916     
          70          73  0.982355665333535     
          65          74  0.937128410103032     
          63          75   1.11449013042187     
          74          75  0.937925852813030     
          74          76  0.995444081126823     
          76          77  0.983121738497996     
          76          78  0.982433293356908     
          76          79  0.981637551762661     
          74          80  0.991115302545950     
          80          81  0.983974128625576     
          80          82  0.983273147233259     
          80          83  0.983374562782144     
           4          84  0.969159426727483     
          14          85  0.969300472217557     
          19          86  0.586733957928796     
          20          86  0.351024977166071     
          86          87   1.32440152937438     
          86          88   1.43490470217470     
          87          89   1.50334106730863     
          88          89  0.108520597528362     
          87          90  0.963341724646838     
          88          91   1.33866962393136     
          88          92  0.958144728162973     
          89          93   1.32238316143282     
          91          93   1.24317988599602     
          89          94  0.968535399077356     
          91          95   1.17750209880950     
          93          96   1.22856872143693     
          95          97   1.20256063581442     
          96          97   1.60781765577779     
          95          98  0.936233915859532     
          96          99  0.974140061791338     
          97         100  0.969858144851386     
