   -0.12336116
    0.07553623
   -0.04380878
   -0.02333800
   -0.04503122
    0.04918886
    0.05046713
    0.05276084
    0.04284897
    0.07153307
   -0.12786561
    0.04144006
   -0.04623009
   -0.02586926
   -0.04585964
    0.04137580
    0.04774116
    0.07670298
   -0.15580711
    0.08542363
    0.40396021
   -0.41023921
    0.13079062
   -0.12030598
    0.05325691
    0.04355152
    0.04983821
   -0.10707852
    0.04592941
    0.03986977
    0.02638909
    0.13140155
   -0.40816891
   -0.11950214
    0.04894284
    0.04544674
    0.04912384
   -0.11910820
    0.04564126
    0.05316673
    0.04418339
    0.40452774
   -0.38203867
    0.12859018
   -0.12494418
    0.05651995
    0.05477707
    0.04765205
   -0.12153164
    0.04674047
    0.04450489
    0.05264164
    0.12748139
   -0.38174129
   -0.12355207
    0.05186656
    0.05352800
    0.04742244
   -0.12320814
    0.04590976
    0.05029039
    0.04945086
    0.40310359
   -0.37402775
    0.12600013
   -0.12533158
    0.05639683
    0.05146032
    0.04912689
   -0.12900950
    0.06099532
    0.05005905
    0.05240633
    0.12691793
   -0.38441886
   -0.12355008
    0.05016336
    0.05138886
    0.05472695
   -0.12213385
    0.03945888
    0.05027004
    0.05372671
    0.04911697
    0.04543034
   -0.02290101
   -0.04354735
   -0.01938346
   -0.04472793
    0.01333150
    0.04630602
   -0.08168589
   -0.06770316
    0.01854915
   -0.12415400
    0.03744108
    0.05316545
    0.02459860
    0.18592341
    0.00415165
   -0.04243989
   -0.04034197
   -0.03497886
    0.02883347
   -0.03358106
    0.04231355
   -0.03850339
    0.03072743
    0.03549435
    0.03101103
