           1           2   1.30671373413161     
           2           3   1.34450390173935     
           3           4   1.48747906052563     
           4           5   1.37691844141708     
           1           6   1.38723281191501     
           3           6  0.106140968845646     
           5           6   1.46329758198610     
           6           7  0.956554050686393     
           5           8  0.968840920712370     
           3           9  0.961967336095904     
           2          10   1.09745284166322     
          10          11   1.29922752197021     
          11          12   1.38192859126484     
          12          13   1.46215338103059     
          13          14   1.37840784433775     
          10          15   1.34851533479560     
          12          15  0.105433243661885     
          14          15   1.48279411738075     
          15          16  0.961941534183170     
          13          17  0.969290182912822     
          12          18  0.946714547004819     
           1          19  0.444393574097999     
          11          19  0.428910650624143     
          19          20  0.530623793315607     
          19          21  0.710723096305422     
          21          22   1.08995066055990     
          22          23  0.943957059050990     
          23          24  0.996371503985291     
          24          25  0.982762067585284     
          24          26  0.983762592904944     
          24          27  0.983412784653878     
          23          28  0.989712419814524     
          28          29  0.984188967476384     
          28          30  0.984115814688099     
          28          31  0.985087072821967     
          23          32  0.941401437041931     
          21          33   1.10281469267461     
          32          33  0.940161856384047     
          32          34  0.990735527169007     
          34          35  0.982588681611494     
          34          36  0.983833206568332     
          34          37  0.982376780408632     
          32          38  0.996790454124104     
          38          39  0.983304228200320     
          38          40  0.982671289278332     
          38          41  0.983788546409020     
          19          42  0.861511849702987     
          42          43   1.11704003579161     
          43          44  0.937620784356586     
          44          45  0.996574806065851     
          45          46  0.978447429279445     
          45          47  0.981921941653193     
          45          48  0.983356701821649     
          44          49  0.990573954962335     
          49          50  0.983596788920339     
          49          51  0.983348039786214     
          49          52  0.978922628295191     
          44          53  0.939061615404706     
          42          54   1.10506827493734     
          53          54  0.935432385001727     
          53          55  0.996027855263401     
          55          56  0.982778802391209     
          55          57  0.982915339495225     
          55          58  0.983347149924539     
          53          59  0.991328235806241     
          59          60  0.978787675560966     
          59          61  0.983448685747662     
          59          62  0.983127736646329     
          19          63  0.875496187128267     
          63          64   1.11475445258226     
          64          65  0.938468236166234     
          65          66  0.991104256797821     
          66          67  0.979675036739306     
          66          68  0.979587070655911     
          66          69  0.982875641271214     
          65          70  0.996405986866809     
          70          71  0.981848018668341     
          70          72  0.983436041725297     
          70          73  0.982179663937430     
          65          74  0.937887423168707     
          63          75   1.10653170899099     
          74          75  0.937656128222853     
          74          76  0.995795465809857     
          76          77  0.982934590589576     
          76          78  0.982539876935519     
          76          79  0.982537788528344     
          74          80  0.990874230622878     
          80          81  0.983379941221723     
          80          82  0.983245223528815     
          80          83  0.983377079774248     
           4          84  0.969166889628601     
          14          85  0.969375238723347     
          19          86  0.595451773920605     
          20          86  0.344989651700308     
          86          87   1.44715075001949     
          86          88   1.27779761454434     
          87          89   1.36342464027953     
          87          90  0.962902606446230     
          88          91   1.23177529230677     
          88          92   1.25268363607605     
          89          93   1.48463157396404     
          91          93   1.32764358713037     
          89          94  0.970759866359486     
          91          95   1.19082816934193     
          92          96   1.51106181131052     
          95          96   1.15534407419590     
          92          97  0.960323600165583     
          93          98  0.967787328588035     
          95          99  0.931895469014732     
          96         100   1.09359552417544     
         100         101   1.37045899445175     
         100         102   1.36248889100407     
         101         103   1.45614512711982     
         102         103  0.105446651596086     
         101         104  0.966188818098715     
         101         105  0.103484371961773     
         102         105   1.46603948506437     
         102         106  0.961811854916214     
         103         107   1.43253357863845     
         105         107   1.42413138239740     
         103         108  0.970997216288082     
         105         109  0.970456088786981     
         107         110  0.971610087393691     
