   -0.13228583
    0.07653353
   -0.04549219
   -0.02086950
   -0.04304134
    0.04688390
    0.07020101
    0.05472102
    0.04548222
    0.07101435
   -0.14328176
    0.04690809
   -0.04330820
   -0.02484515
   -0.04707020
    0.04326594
    0.05011987
    0.07618199
   -0.15606152
    0.11153817
    0.40526122
   -0.41540380
    0.13075307
   -0.11787389
    0.04832816
    0.04565882
    0.05013693
   -0.10935872
    0.04789443
    0.04215108
    0.02733462
    0.13114575
   -0.40506922
   -0.12210604
    0.05268529
    0.04777650
    0.04976479
   -0.11842194
    0.04357140
    0.05343566
    0.04626815
    0.40463635
   -0.36428088
    0.12924433
   -0.12287228
    0.05897538
    0.05437360
    0.04544901
   -0.12303996
    0.04450645
    0.04963674
    0.05262162
    0.12792528
   -0.38059640
   -0.12107042
    0.05218933
    0.04906887
    0.04597152
   -0.12247894
    0.05086348
    0.05000916
    0.04755252
    0.41680450
   -0.37633464
    0.12593813
   -0.13030755
    0.06105445
    0.06025832
    0.05278637
   -0.12180756
    0.05182882
    0.05416892
    0.03963762
    0.12867502
   -0.37271894
   -0.12723724
    0.05351233
    0.05330355
    0.05778158
   -0.12184615
    0.04461836
    0.05701944
    0.05283230
    0.05192615
    0.04741972
   -0.04776193
   -0.04007852
    0.00524611
   -0.02461658
    0.03125413
   -0.09942740
    0.08045518
    0.04164609
   -0.20412563
   -0.22630446
    0.04374887
   -0.01684177
   -0.01024002
   -0.06473403
    0.06839893
    0.05658166
    0.06621971
    0.05082397
    0.06792192
    0.06330883
