           1           2   1.32709536200395     
           2           3   1.34977243524885     
           3           4   1.47954502183057     
           4           5   1.39199378639345     
           1           6   1.40074815637286     
           3           6  0.106918037765871     
           5           6   1.45069592688266     
           6           7  0.951379666233460     
           5           8  0.968600720550023     
           3           9  0.962673485378663     
           2          10   1.08471012863217     
          10          11   1.31032161974116     
          11          12   1.39120794778690     
          12          13   1.45185636448992     
          13          14   1.39259537123133     
          10          15   1.36042316636041     
          12          15  0.104315487943250     
          14          15   1.46978767537032     
          15          16  0.962567154742715     
          13          17  0.969105858964387     
          12          18  0.948699199079381     
           1          19  0.392060517600508     
          11          19  0.387616850956623     
          19          20  0.563795596114262     
          19          21  0.725347464627826     
          21          22   1.08217450265123     
          22          23  0.943335863889423     
          23          24  0.995579928685896     
          24          25  0.980772418290749     
          24          26  0.983433908148583     
          24          27  0.983143899022350     
          23          28  0.990465960450279     
          28          29  0.983904313224523     
          28          30  0.984001617318561     
          28          31  0.983421909946160     
          23          32  0.939390244523549     
          21          33   1.11362831054909     
          32          33  0.938407266733050     
          32          34  0.991330687161614     
          34          35  0.980946377710361     
          34          36  0.982514317205106     
          34          37  0.980175498449377     
          32          38  0.996645790458827     
          38          39  0.983166487730169     
          38          40  0.982519028558589     
          38          41  0.983652944973081     
          19          42  0.890487788116947     
          42          43   1.13826067993379     
          43          44  0.939096990170752     
          44          45  0.996560508944696     
          45          46  0.976425091945632     
          45          47  0.981942001750224     
          45          48  0.983338879093568     
          44          49  0.990488790036825     
          49          50  0.983662021096074     
          49          51  0.982653393319704     
          49          52  0.977253992591397     
          44          53  0.936412713571366     
          42          54   1.10236274699160     
          53          54  0.936582965987639     
          53          55  0.994145135718883     
          55          56  0.982011557979283     
          55          57  0.983321297380051     
          55          58  0.983410120157147     
          53          59  0.992386149174106     
          59          60  0.978270832840828     
          59          61  0.983118463560352     
          59          62  0.982994436465266     
          19          63  0.868409566070472     
          63          64   1.10158601331934     
          64          65  0.934671906210777     
          65          66  0.996595228790313     
          66          67  0.978651633898747     
          66          68  0.981896653446727     
          66          69  0.982582634719599     
          65          70  0.991346001240234     
          70          71  0.982581624023490     
          70          72  0.982847825770638     
          70          73  0.984154254750548     
          65          74  0.938274131507130     
          63          75   1.13151092889298     
          74          75  0.933385692378241     
          74          76  0.991018179363711     
          76          77  0.982801301681443     
          76          78  0.982046831040711     
          76          79  0.974971863258517     
          74          80  0.996180000397268     
          80          81  0.980395401173296     
          80          82  0.981892622407983     
          80          83  0.982731529808189     
           4          84  0.968651784756980     
          14          85  0.969045087573790     
          19          86  0.581540856945818     
          20          86  0.327479415359852     
          86          87   1.20033532091743     
          86          88   1.57245133689819     
          87          89   1.65392492072605     
          88          89  0.103200497426501     
          87          90  0.952837309202033     
          87          91  0.104690858738982     
          88          91   1.07849106930679     
          89          91   1.17012358969692     
          88          92   1.04294140615959     
          89          93  0.968614601851541     
          92          94  0.972287275536833     
          92          95  0.934712747930985     
          92          96  0.959417994693418     
          94          97  0.987983387481787     
          95          98  0.989433085977665     
          97          99   1.01417876620815     
          98          99   1.01464506929729     
          97         100  0.966869919588125     
          97         101  0.969632595261316     
          98         102  0.967714210965436     
          98         103  0.970967547070994     
          99         104  0.970368602050907     
          99         105  0.960069487560794     
