           1           2   1.43335270111869     
           2           3   1.43105702407805     
           1           4  0.106349463131768     
           3           4   1.43117755920453     
           2           5  0.106357822370813     
           4           5   1.43323615740564     
           1           6   1.42968134419750     
           3           6  0.118335230092215     
           5           6   1.42978575773841     
           1           7  0.961623460584988     
           3           8  0.955802029400340     
           5           9  0.961619732976271     
           6          10  0.967050899187330     
