   -0.11884468
    0.07800602
   -0.04187640
   -0.02083878
   -0.04211207
    0.04756360
    0.05737980
    0.05908106
    0.04872682
    0.07418298
   -0.12547787
    0.04160028
   -0.04298082
   -0.02249206
   -0.04462242
    0.04858237
    0.05312959
    0.07904641
   -0.15019304
    0.10326353
    0.40137249
   -0.40459248
    0.12940916
   -0.12275312
    0.05503812
    0.04564135
    0.05170005
   -0.11069892
    0.04832341
    0.04239512
    0.02859598
    0.12998927
   -0.39895944
   -0.12269297
    0.05268786
    0.04679010
    0.05076141
   -0.12105829
    0.04761503
    0.05399740
    0.04576445
    0.39948465
   -0.37921207
    0.12778841
   -0.12745507
    0.05612335
    0.05725062
    0.05030016
   -0.12327483
    0.04941783
    0.04744944
    0.05394209
    0.12688807
   -0.37976466
   -0.12526052
    0.05540580
    0.05445725
    0.04900014
   -0.12537568
    0.04507960
    0.05404179
    0.05024354
    0.39825584
   -0.37576436
    0.12412374
   -0.13276254
    0.06106266
    0.05477123
    0.05089819
   -0.13018933
    0.06086697
    0.05115416
    0.05231739
    0.12615639
   -0.37396118
   -0.12553397
    0.05145960
    0.05464415
    0.05596861
   -0.12397695
    0.04200965
    0.05089843
    0.05520567
    0.05519555
    0.05157605
   -0.02749217
   -0.03990312
   -0.03708626
    0.08005363
    0.05789307
   -0.04463264
    0.06969562
   -0.19724366
    0.07737949
    0.07329713
   -0.19331727
