           1           2   1.31796789230690     
           2           3   1.35289698080213     
           3           4   1.47887593981398     
           4           5   1.38871262051012     
           1           6   1.39159337500694     
           3           6  0.105790187667703     
           5           6   1.45606443944349     
           6           7  0.956572168917150     
           5           8  0.968067868750755     
           3           9  0.961563744406378     
           2          10   1.08534355670560     
          10          11   1.31169486487412     
          11          12   1.39245368843795     
          12          13   1.45198610973117     
          13          14   1.39232407481480     
          10          15   1.35754848783614     
          12          15  0.105099669681078     
          14          15   1.47411352198639     
          15          16  0.961460488925725     
          13          17  0.968721988943853     
          12          18  0.947131442335263     
           1          19  0.430087997383561     
          11          19  0.418169966957156     
          19          20  0.530636064595953     
          19          21  0.744337216081053     
          21          22   1.09479598388202     
          22          23  0.941659916056868     
          23          24  0.996678057323952     
          24          25  0.982503885123806     
          24          26  0.983503576225028     
          24          27  0.983151528302737     
          23          28  0.990171367963933     
          28          29  0.983956114665401     
          28          30  0.983983322590616     
          28          31  0.985308095453045     
          23          32  0.941150284295542     
          21          33   1.11485850285798     
          32          33  0.938374968402632     
          32          34  0.990829310745802     
          34          35  0.981412776621626     
          34          36  0.983597703945032     
          34          37  0.982057284641479     
          32          38  0.997059959727975     
          38          39  0.983078828965697     
          38          40  0.982678001697025     
          38          41  0.983645105690485     
          19          42  0.856963209366932     
          42          43   1.12250191653622     
          43          44  0.934446467135792     
          44          45  0.997069735415863     
          45          46  0.982048262240413     
          45          47  0.981582434890413     
          45          48  0.982941714635998     
          44          49  0.991152827982249     
          49          50  0.983265661036891     
          49          51  0.982164775354069     
          49          52  0.979568207165968     
          44          53  0.939208683551785     
          42          54   1.11288058608194     
          53          54  0.933170220589937     
          53          55  0.996549382881305     
          55          56  0.982268989121288     
          55          57  0.982717828855237     
          55          58  0.983012856452200     
          53          59  0.991641913892656     
          59          60  0.982103424501275     
          59          61  0.982864520075071     
          59          62  0.982994945632564     
          19          63  0.862826169764168     
          63          64   1.11273594812696     
          64          65  0.937352771025225     
          65          66  0.991356711364450     
          66          67  0.978131715217218     
          66          68  0.982423248428026     
          66          69  0.982918978435331     
          65          70  0.996403735731644     
          70          71  0.981861274558998     
          70          72  0.983321635965539     
          70          73  0.982179536916118     
          65          74  0.937279082400727     
          63          75   1.12657002496695     
          74          75  0.934766549860156     
          74          76  0.995882809450319     
          76          77  0.982803547914127     
          76          78  0.982097007310574     
          76          79  0.981215648301455     
          74          80  0.991622924427740     
          80          81  0.983838844941137     
          80          82  0.982989421225013     
          80          83  0.983092861156148     
           4          84  0.968528763969433     
          14          85  0.968752225178460     
          19          86  0.578306447878606     
          20          86  0.352757258081569     
          86          87   1.38086152018061     
          86          88   1.36539232793449     
          87          89   1.40279775669395     
          87          90  0.959847755161570     
          88          91   1.45550781521928     
          88          92  0.958156025569886     
          89          93  0.953218524531903     
          89          94   1.37316980984515     
          91          94   1.38314029274450     
          91          95  0.962528410719207     
          94          96  0.957863362218567     
