           1           2   1.44125322531823     
           2           3   1.39777175542708     
           3           4  0.944977437806656     
           1           5  0.110114570992158     
           3           5   1.39775742597324     
           2           6  0.110114508883120     
           5           6   1.44126081846541     
           1           7   1.40542102900619     
           6           7   1.40540915788288     
           7           8  0.966524883870042     
           1           9  0.963669406137184     
           2          10  0.962096035425482     
           5          11  0.962097654326959     
           6          12  0.963663434684872     
