   -0.12997090
    0.07792924
   -0.04197874
   -0.02091513
   -0.04233865
    0.05147540
    0.05237781
    0.05739165
    0.04529305
    0.07441429
   -0.13550249
    0.04467342
   -0.04430451
   -0.02322240
   -0.04506155
    0.04662880
    0.05052421
    0.07111280
   -0.14216735
    0.07982290
    0.40677626
   -0.41213602
    0.13125917
   -0.12147955
    0.05493672
    0.04532928
    0.05095465
   -0.10666834
    0.04773643
    0.04041423
    0.02416646
    0.13226437
   -0.40973942
   -0.11959721
    0.04764195
    0.04727675
    0.05119708
   -0.11831432
    0.04445387
    0.05328348
    0.04576890
    0.41460589
   -0.37755840
    0.12967638
   -0.13258225
    0.06392058
    0.05704134
    0.05418307
   -0.12067110
    0.04864679
    0.04962980
    0.04977798
    0.12935451
   -0.39167711
   -0.12001955
    0.04535212
    0.04877311
    0.04929159
   -0.12671364
    0.05964824
    0.05189720
    0.05034021
    0.40529474
   -0.37067353
    0.12612550
   -0.13412442
    0.05732752
    0.06359818
    0.05277659
   -0.13082481
    0.06579381
    0.05161700
    0.05194129
    0.12694602
   -0.38552384
   -0.12503040
    0.05225901
    0.05178289
    0.05659186
   -0.12259143
    0.03858010
    0.05120161
    0.05537080
    0.05373181
    0.05095391
   -0.03387289
   -0.05786519
    0.05977212
    0.13216446
    0.03797374
   -0.04473623
   -0.16708070
   -0.30388447
   -0.07840189
    0.06694334
    0.08573767
    0.04302669
   -0.12574921
    0.03237849
    0.03378814
    0.06022576
    0.06056595
    0.06126667
