           1           2   1.31575203521304     
           2           3   1.35031743669315     
           3           4   1.48101495858896     
           4           5   1.38603371899763     
           1           6   1.39076076309916     
           3           6  0.105893039192445     
           5           6   1.45750884169124     
           6           7  0.957016008138679     
           5           8  0.968312415261743     
           3           9  0.962130370918122     
           2          10   1.08960148015355     
          10          11   1.30732073016038     
          11          12   1.38599341416859     
          12          13   1.45822923342753     
          13          14   1.38503500349134     
          10          15   1.35335196873584     
          12          15  0.105479387206690     
          14          15   1.47860364510356     
          15          16  0.961945793337365     
          13          17  0.969005046693693     
          12          18  0.948051864883612     
           1          19  0.418393968848295     
          11          19  0.410027262636065     
          19          20  0.544890669290473     
          19          21  0.721713527126802     
          21          22   1.09309805456625     
          22          23  0.941348002309714     
          23          24  0.996854271064956     
          24          25  0.982456967276139     
          24          26  0.983492483191391     
          24          27  0.983282291850715     
          23          28  0.989910504218390     
          28          29  0.984012173695615     
          28          30  0.984001290018447     
          28          31  0.985130810392214     
          23          32  0.941914893494864     
          21          33   1.10424682780735     
          32          33  0.938257325782645     
          32          34  0.990984772096745     
          34          35  0.983202367093963     
          34          36  0.983651254915843     
          34          37  0.981258591689721     
          32          38  0.997014577103692     
          38          39  0.983423140702306     
          38          40  0.982184464700923     
          38          41  0.983565092807751     
          19          42  0.850735245071683     
          42          43   1.13914552501958     
          43          44  0.934409774406640     
          44          45  0.994734702876804     
          45          46  0.977865708375792     
          45          47  0.980998892445703     
          45          48  0.982099163363768     
          44          49  0.992642779775507     
          49          50  0.982907391679306     
          49          51  0.982702107579575     
          49          52  0.979182441209226     
          44          53  0.935411861165187     
          42          54   1.09721791751219     
          53          54  0.932851271502176     
          53          55  0.993704811606537     
          55          56  0.982967288086109     
          55          57  0.983121255033345     
          55          58  0.982741831846515     
          53          59  0.994428184621402     
          59          60  0.978520333606532     
          59          61  0.982373511881607     
          59          62  0.982802323966384     
          19          63  0.865778681072920     
          63          64   1.12305477161473     
          64          65  0.932895328146383     
          65          66  0.991871718306803     
          66          67  0.978653030717546     
          66          68  0.979898885999744     
          66          69  0.982693262323102     
          65          70  0.997135124878438     
          70          71  0.981286592520019     
          70          72  0.983159617367705     
          70          73  0.982292118799728     
          65          74  0.938568314989122     
          63          75   1.11103752475365     
          74          75  0.934004645777105     
          74          76  0.996231231907783     
          76          77  0.982825770341264     
          76          78  0.982884169466629     
          76          79  0.982024501699579     
          74          80  0.991313755729348     
          80          81  0.983815763305212     
          80          82  0.983183607984512     
          80          83  0.983194538756306     
           4          84  0.968636626378064     
          14          85  0.968836442868275     
          19          86  0.597805393603092     
          20          86  0.340538541567272     
          86          87   1.39733319423201     
          86          88   1.35234959700117     
          87          89   1.35441118056732     
          87          90  0.958378151773586     
          87          91  0.102256552902141     
          88          91   1.42580689945985     
          88          92  0.951362454777159     
          89          93   1.05267849730328     
          89          94   1.36650276583460     
          91          94   1.42586032626979     
          91          95  0.964698681917258     
          93          96  0.957819648068959     
          94          97  0.964526022554493     
          96          98   1.01567504096028     
          96          99  0.969236858333325     
          96         100  0.969224463505776     
          98         101  0.985453367011100     
          98         102  0.983321897249925     
          98         103  0.985324480097158     
