   -0.12040848
    0.07617552
   -0.04266976
   -0.02237683
   -0.04310048
    0.04942101
    0.05354830
    0.05716903
    0.04740831
    0.07237399
   -0.12515526
    0.04250951
   -0.04484913
   -0.02476135
   -0.04574062
    0.04785933
    0.05209741
    0.07513598
   -0.15102530
    0.09003222
    0.40310612
   -0.40590985
    0.12992382
   -0.12262166
    0.05514659
    0.04516879
    0.05191498
   -0.10938234
    0.04805554
    0.04214120
    0.02658198
    0.13115986
   -0.40729251
   -0.12065092
    0.04886670
    0.04729952
    0.04970454
   -0.12011735
    0.04611707
    0.05335387
    0.04594684
    0.40650332
   -0.37623232
    0.12849461
   -0.12287108
    0.05531917
    0.05520207
    0.04504281
   -0.12158276
    0.04906983
    0.04819147
    0.05265587
    0.12792789
   -0.38589654
   -0.12384892
    0.05139064
    0.05360846
    0.04894646
   -0.11839582
    0.03822066
    0.04764949
    0.05067145
    0.40190313
   -0.37715725
    0.12627765
   -0.13002072
    0.05607980
    0.06387678
    0.04379913
   -0.12630461
    0.05625389
    0.04982977
    0.05221156
    0.12606506
   -0.38284859
   -0.12478392
    0.05059412
    0.05298552
    0.05563147
   -0.12366915
    0.03905714
    0.05253393
    0.05412196
    0.05372323
    0.05118355
   -0.04547955
   -0.03942326
    0.12182729
   -0.04786123
    0.02840363
   -0.21985198
   -0.01779303
   -0.05244274
    0.03212603
    0.02158716
   -0.07477348
    0.03678879
    0.43598743
    0.04752660
   -0.37621487
   -0.38690487
    0.12919548
    0.12820837
   -0.12537703
   -0.13098826
   -0.13081230
   -0.12795135
    0.05882501
    0.04191435
    0.05917214
    0.06491260
    0.05662652
    0.05827202
    0.05649715
    0.05689751
    0.06328068
    0.06022929
    0.06005261
    0.04397689
