           1           2   1.30979351613345     
           2           3   1.34994597403770     
           3           4   1.48196934337935     
           4           5   1.38312646288410     
           1           6   1.38785305668809     
           3           6  0.105708689222771     
           5           6   1.45950361267508     
           6           7  0.956399651968089     
           5           8  0.968315324856573     
           3           9  0.961749181913285     
           2          10   1.09095738931033     
          10          11   1.30342864334995     
          11          12   1.38547464558498     
          12          13   1.45765222020655     
          13          14   1.38459441537216     
          10          15   1.35285156703561     
          12          15  0.105211670980162     
          14          15   1.47858827071652     
          15          16  0.961614091930426     
          13          17  0.968833629612622     
          12          18  0.947559574531615     
           1          19  0.446504586683298     
          11          19  0.434405788173997     
          19          20  0.531082062631453     
          19          21  0.738611827198932     
          21          22   1.09465094832535     
          22          23  0.942246331377334     
          23          24  0.996531899807082     
          24          25  0.982538528106554     
          24          26  0.983571846761980     
          24          27  0.983223567433042     
          23          28  0.989761171447747     
          28          29  0.984064661147785     
          28          30  0.983974031536819     
          28          31  0.985056956203687     
          23          32  0.941588083147622     
          21          33   1.10457887170430     
          32          33  0.939172179302463     
          32          34  0.990737050623417     
          34          35  0.983093973557265     
          34          36  0.983705681438303     
          34          37  0.981926621867829     
          32          38  0.996949486067808     
          38          39  0.983301730766377     
          38          40  0.982540998021882     
          38          41  0.983642328635626     
          19          42  0.849450254782559     
          42          43   1.13414367855730     
          43          44  0.938971499680541     
          44          45  0.994526368618109     
          45          46  0.978772436943400     
          45          47  0.981626466443175     
          45          48  0.983426387688809     
          44          49  0.991138994563465     
          49          50  0.983180655466463     
          49          51  0.982738533848873     
          49          52  0.979682071461823     
          44          53  0.935777980606315     
          42          54   1.09759435978135     
          53          54  0.938265233433974     
          53          55  0.993883234413301     
          55          56  0.982712663459938     
          55          57  0.982876513339688     
          55          58  0.983071261488041     
          53          59  0.992330283567510     
          59          60  0.978273524302436     
          59          61  0.983156638228790     
          59          62  0.982859586091177     
          19          63  0.859038798249170     
          63          64   1.11921154475195     
          64          65  0.936736910980747     
          65          66  0.991019864740707     
          66          67  0.977492316834536     
          66          68  0.975239739927987     
          66          69  0.984035381395003     
          65          70  0.996375142443058     
          70          71  0.982459364109250     
          70          72  0.983736761016777     
          70          73  0.982442929771822     
          65          74  0.938655066035184     
          63          75   1.10942179327207     
          74          75  0.935979078583543     
          74          76  0.996265801820328     
          76          77  0.983251969798257     
          76          78  0.982942013958459     
          76          79  0.981971895212545     
          74          80  0.990805482511620     
          80          81  0.983959472867227     
          80          82  0.983137113427890     
          80          83  0.983517416829945     
           4          84  0.968701209891089     
          14          85  0.968829733010178     
          19          86  0.580106979530483     
          20          86  0.346404562353033     
          86          87   1.43738021178219     
          86          88   1.29736805647563     
          87          89   1.36377733293710     
          87          90  0.964675054076979     
          88          91   1.09509987349929     
          88          92   1.26565173299370     
          86          93  0.103316489088943     
          89          93   1.50853562144623     
          92          93   1.30553259649713     
          89          94  0.969598810157877     
          91          95   1.08214260770733     
          92          96   1.22890253227553     
          95          96   1.58661782373991     
          93          97  0.968620906599074     
          95          98  0.994045687188711     
          96          99  0.972215370064342     
          98         100   1.14738685785572     
          98         101   1.13917237888011     
         100         102  0.935465813156440     
         101         103  0.936366735786681     
         102         103  0.938089735339674     
         102         104  0.991734722524176     
         102         105  0.997461854141458     
         103         106  0.997540294364217     
         103         107  0.991979632836557     
         104         108  0.980813986491913     
         104         109  0.984097482416587     
         104         110  0.982365787408523     
         105         111  0.980680981847899     
         105         112  0.982491945298419     
         105         113  0.980942832673058     
         106         114  0.982535679354961     
         106         115  0.981808292063248     
         106         116  0.981462288503284     
         107         117  0.982416450624630     
         107         118  0.981768119288405     
         107         119  0.983676099850026     
