           1           2   1.44829702379262     
           2           3   1.39843747942462     
           1           4  0.100336747950782     
           3           4   1.39522876124446     
           4           5   1.15154729131628     
           5           6   2.73265367647460     
           1           7   1.25703589003935     
           4           7   1.15510322539720     
           7           8   1.00362997192798     
           1           9   1.03533585124524     
           2          10  0.973114845075484     
           3          11  0.974737568572093     
           8          12  0.978414034483285     
           8          13  0.970060474178809     
           8          14  0.970243463388266     
           9          15  0.982443874414588     
           9          16  0.966298453697726     
           9          17  0.966416407372565     
