           1           2   1.55375617518433     
           2           3   1.30196979499730     
           3           4   1.02733657224473     
           1           5  0.115109265540965     
           3           5   1.51309349983587     
           5           6   1.28581781315105     
           6           7   1.27214264389405     
           7           8   1.52479418289193     
           8           9   1.02511314431295     
           8          10   1.26552928088545     
          10          11   1.57522263313290     
           1          12   1.28410866912746     
           6          12   1.23577453496331     
          11          12   1.27453621278488     
           1          13  0.967528200428253     
           2          14  0.967931954422943     
           4          15  0.985229552341674     
           4          16  0.970427588905672     
           4          17  0.969862741815011     
           5          18  0.966175528028973     
           9          19  0.983586004534963     
           9          20  0.967153224899434     
           9          21  0.967056123268112     
          10          22  0.969084381259015     
          11          23  0.966959588995342     
