   -0.12905674
    0.07854234
   -0.03881130
   -0.02179874
   -0.04525697
    0.04721613
    0.05253042
    0.05283101
    0.03809482
    0.07059559
   -0.12667090
    0.03800038
   -0.04766292
   -0.02917408
   -0.04302695
    0.03332144
    0.04535463
    0.07533183
   -0.14591858
    0.09150448
    0.40963508
   -0.40795489
    0.13027451
   -0.11966830
    0.05182862
    0.04426716
    0.05140573
   -0.10963444
    0.04705332
    0.04214256
    0.02759593
    0.13103866
   -0.40817060
   -0.12261267
    0.05594813
    0.04499845
    0.04855766
   -0.11857543
    0.04382863
    0.05272136
    0.04543809
    0.40479697
   -0.38587795
    0.12884525
   -0.12579964
    0.05595732
    0.05531683
    0.04930637
   -0.12056467
    0.04816291
    0.04621941
    0.05023039
    0.12736638
   -0.38041269
   -0.12441272
    0.05284264
    0.05490409
    0.04830698
   -0.12515988
    0.04651366
    0.05246399
    0.05186211
    0.40751329
   -0.37772889
    0.12524509
   -0.12995321
    0.05709812
    0.05509319
    0.05042151
   -0.12988873
    0.06195176
    0.05045171
    0.05303858
    0.12824680
   -0.38158945
   -0.12346148
    0.05127099
    0.05240263
    0.05515662
   -0.12051243
    0.04111224
    0.04664690
    0.05480801
    0.04837339
    0.03726488
   -0.03184443
    0.01144572
   -0.04266240
   -0.06614747
   -0.04564256
   -0.04019258
    0.04107163
   -0.06285723
    0.05885361
    0.04672697
   -0.04435881
    0.02794037
    0.02614716
    0.09892503
    0.05528582
    0.04782896
    0.02747905
   -0.25633538
   -0.05315404
    0.05520578
   -0.01730012
    0.03660739
   -0.05041301
    0.03476539
    0.04163090
    0.04110154
