           1           2   1.30362627397045     
           2           3   1.34088294684986     
           3           4   1.49061155576639     
           4           5   1.37465977158874     
           1           6   1.38605073861301     
           3           6  0.106196601769255     
           5           6   1.46482371733012     
           6           7  0.957747300310533     
           5           8  0.968859692483894     
           3           9  0.962051737732358     
           2          10   1.10315312259468     
          10          11   1.28470984889736     
          11          12   1.35867185553381     
          12          13   1.47428991642848     
          13          14   1.36708583721881     
          10          15   1.34943974287115     
          12          15  0.103696018022183     
          14          15   1.48197812125130     
          15          16  0.962429457087559     
          13          17  0.969427837470462     
          12          18  0.947604586269755     
           1          19  0.431287415019768     
          11          19  0.443288611119789     
          19          20  0.559551818676321     
          19          21  0.673838318148802     
          21          22   1.09746557576516     
          22          23  0.942000741110388     
          23          24  0.995850498369054     
          24          25  0.982189527109426     
          24          26  0.983587380876627     
          24          27  0.983100823704081     
          23          28  0.990631653880712     
          28          29  0.983966482968293     
          28          30  0.983875849435929     
          28          31  0.982848799182932     
          23          32  0.939541315637051     
          21          33   1.10636567868778     
          32          33  0.938593962286590     
          32          34  0.991388861846176     
          34          35  0.978946518699495     
          34          36  0.983329477208366     
          34          37  0.981252398466293     
          32          38  0.996644681620776     
          38          39  0.983093020600916     
          38          40  0.982822391806348     
          38          41  0.983766674655898     
          19          42  0.862079043720602     
          42          43   1.11075550811159     
          43          44  0.936073970587417     
          44          45  0.996679536106181     
          45          46  0.982160305203373     
          45          47  0.981884018716510     
          45          48  0.983150880982232     
          44          49  0.990906400395865     
          49          50  0.983546528393172     
          49          51  0.982597894453748     
          49          52  0.979667567918301     
          44          53  0.939115870382756     
          42          54   1.11170721379590     
          53          54  0.933541633450292     
          53          55  0.996434916361782     
          55          56  0.982511803761866     
          55          57  0.982723878848124     
          55          58  0.983168678248813     
          53          59  0.991722840508304     
          59          60  0.981305815753035     
          59          61  0.982954084805030     
          59          62  0.982825729379999     
          19          63  0.850299994929582     
          63          64   1.10962831219562     
          64          65  0.936903911337649     
          65          66  0.990991127589950     
          66          67  0.979546394312427     
          66          68  0.982456089355159     
          66          69  0.983073831650980     
          65          70  0.996639741742663     
          70          71  0.981829586496312     
          70          72  0.983389794989214     
          70          73  0.982224047318324     
          65          74  0.938817466330743     
          63          75   1.11894449863352     
          74          75  0.933924038215997     
          74          76  0.996435514437333     
          76          77  0.982627944417077     
          76          78  0.981884610527985     
          76          79  0.981816170818946     
          74          80  0.991140717406500     
          80          81  0.984141437834338     
          80          82  0.982777340244833     
          80          83  0.983207965065337     
           4          84  0.969213013055132     
          14          85  0.970068201209319     
          19          86  0.599611705874422     
          20          86  0.323202038767982     
          86          87   1.37442450814533     
          86          88   1.36676518481201     
          87          89   1.00644386612949     
          87          90   1.39340280391534     
          88          90  0.106389228074554     
          87          91  0.100863837296547     
          88          91   1.46050413343409     
          88          92  0.958206444518978     
          89          93  0.992144582756817     
          89          94  0.956755064639816     
          89          95  0.967087783339590     
          90          96   1.45548298907583     
          91          96   1.41116048064748     
          90          97  0.966080840806885     
          91          98  0.969637327988269     
          93          99   1.01339365972897     
          93         100  0.951679853512673     
          93         101  0.954449681572226     
          96         102  0.970419574730889     
          99         103   1.41787082790145     
          99         104   1.37288968320950     
         103         105   1.42507589777051     
         104         105  0.116841955873146     
         104         106   1.47019792923885     
         104         107  0.969246273412024     
          99         108  0.109524416409417     
         105         108   1.44160097109631     
         106         108   1.41882276996764     
         105         109  0.963385578870486     
         106         110  0.969299619276358     
         108         111  0.970070831267603     
