           1           2   1.41522373100045     
           2           3  0.948626785061314     
           3           4  0.949829348608843     
           3           5  0.937209679086067     
           3           6  0.937448634473386     
           2           7   1.40616667707556     
           1           8  0.109559003135360     
           7           8   1.43936891366207     
           2           9  0.104991139405829     
           8           9   1.43750151295626     
           1          10   1.41036147507850     
           7          10  0.100663660417194     
           9          10   1.40960295856336     
          10          11  0.988961089784089     
           1          12  0.962243321681362     
           7          13  0.964782627975748     
           8          14  0.961817390721153     
           9          15  0.962035883128063     
