   -0.12375709
    0.07683955
   -0.04262453
   -0.02092500
   -0.04238098
    0.04904492
    0.05427739
    0.05879064
    0.04969297
    0.07250923
   -0.13121164
    0.04151437
   -0.04362007
   -0.02394918
   -0.04521873
    0.04914741
    0.05390792
    0.07753793
   -0.14551099
    0.09525335
    0.40559663
   -0.40470219
    0.12972868
   -0.12231511
    0.05424504
    0.04583633
    0.05286392
   -0.11040204
    0.04896156
    0.04353996
    0.02730679
    0.13123586
   -0.40650711
   -0.12210553
    0.05271268
    0.04675868
    0.04978634
   -0.12017037
    0.04630404
    0.05341380
    0.04659454
    0.40904752
   -0.38377625
    0.12996185
   -0.12445756
    0.05541651
    0.05319617
    0.05057331
   -0.12061264
    0.04899748
    0.04760589
    0.05097821
    0.12790453
   -0.38633568
   -0.12382465
    0.05074141
    0.05387052
    0.04906973
   -0.12625934
    0.05171028
    0.05172033
    0.05148703
    0.40628877
   -0.38074061
    0.12690127
   -0.12557462
    0.05441299
    0.05243790
    0.04991907
   -0.12901260
    0.06092903
    0.05091217
    0.05317431
    0.12730967
   -0.38032063
   -0.12450589
    0.05136238
    0.05382127
    0.05586109
   -0.12292128
    0.04095817
    0.05095988
    0.05546577
    0.05590900
    0.05252754
   -0.04456988
   -0.03057644
    0.08891285
   -0.06418325
    0.05367922
   -0.06736336
   -0.15682476
    0.16007767
    0.06586475
    0.08820495
   -0.25431101
