           1           2   1.31606523521837     
           2           3   1.35102842380237     
           3           4   1.48067876737113     
           4           5   1.38693531363821     
           1           6   1.39128755419269     
           3           6  0.105834096750336     
           5           6   1.45698584983552     
           6           7  0.956880200050170     
           5           8  0.968118683272543     
           3           9  0.961403037016761     
           2          10   1.08901199743595     
          10          11   1.30720179178166     
          11          12   1.38609827148982     
          12          13   1.45614349358567     
          13          14   1.38846790369524     
          10          15   1.35591732525105     
          12          15  0.104881730396805     
          14          15   1.47542539190898     
          15          16  0.961317787971668     
          13          17  0.968617853290254     
          12          18  0.946857481449670     
           1          19  0.428973426017329     
          11          19  0.415239005258983     
          19          20  0.542408617955295     
          19          21  0.730367529758813     
          21          22   1.10053842641596     
          22          23  0.940155991908121     
          23          24  0.996694315102876     
          24          25  0.982517434032635     
          24          26  0.983416919840440     
          24          27  0.983014729189982     
          23          28  0.990418839933751     
          28          29  0.983882025247980     
          28          30  0.983890026869576     
          28          31  0.984812585501869     
          23          32  0.941209554740388     
          21          33   1.10798544940710     
          32          33  0.937173044668535     
          32          34  0.991127373258970     
          34          35  0.981057378981983     
          34          36  0.983461533809325     
          34          37  0.981421406960373     
          32          38  0.997260542504186     
          38          39  0.983105342508967     
          38          40  0.982531808445759     
          38          41  0.983551807602520     
          19          42  0.847823888578362     
          42          43   1.12751834089284     
          43          44  0.935494798375878     
          44          45  0.995907652083217     
          45          46  0.981394666061938     
          45          47  0.981931053213000     
          45          48  0.982816379816488     
          44          49  0.991678866971926     
          49          50  0.983096167816372     
          49          51  0.982726208610459     
          49          52  0.979814383778655     
          44          53  0.936930269714115     
          42          54   1.10405273103974     
          53          54  0.932980936159995     
          53          55  0.995248273691373     
          55          56  0.982636328004365     
          55          57  0.982693095541052     
          55          58  0.982906511412558     
          53          59  0.992748347093269     
          59          60  0.979394205085399     
          59          61  0.982745413076823     
          59          62  0.982729169804045     
          19          63  0.858585728163117     
          63          64   1.11118837786477     
          64          65  0.936053014163287     
          65          66  0.991449854328802     
          66          67  0.979516390687136     
          66          68  0.982374368504563     
          66          69  0.983075564682303     
          65          70  0.996786113589757     
          70          71  0.981944007782323     
          70          72  0.983293602574377     
          70          73  0.982182007900422     
          65          74  0.938438620501480     
          63          75   1.11873661224110     
          74          75  0.934388173390983     
          74          76  0.996231428002330     
          76          77  0.982781373866021     
          76          78  0.982222436356944     
          76          79  0.982116243493912     
          74          80  0.991290810835599     
          80          81  0.983976200423468     
          80          82  0.983072003499024     
          80          83  0.983144999725663     
           4          84  0.968430516393382     
          14          85  0.968664372374352     
          19          86  0.583530733436835     
          20          86  0.343955251799609     
          86          87   1.37514170264946     
          86          88   1.35564549496234     
          87          89   1.43921647409076     
          87          90  0.960310628617689     
          87          91  0.102876540446392     
          88          91   1.40458967654602     
          88          92  0.968547735255847     
          89          93   1.38990849331596     
          91          93   1.39769543021757     
          89          94  0.964709765071488     
          91          95  0.959954788851342     
          93          96  0.932132478356688     
