   -0.12996464
    0.07122098
   -0.04566890
   -0.02495812
   -0.04631744
    0.05007131
    0.04690775
    0.04775088
    0.04433976
    0.06655707
   -0.13365476
    0.03928129
   -0.04658436
   -0.02793443
   -0.04653002
    0.04214232
    0.04963730
    0.07931943
   -0.16253330
    0.10740447
    0.40785916
   -0.40937472
    0.13018749
   -0.11975902
    0.05104183
    0.04437005
    0.05094176
   -0.10915610
    0.04700859
    0.04163710
    0.02814982
    0.13093783
   -0.40565587
   -0.12091140
    0.05272958
    0.04493916
    0.04858088
   -0.11941440
    0.04594797
    0.05306111
    0.04511678
    0.40447501
   -0.38441488
    0.12879937
   -0.12512692
    0.05556830
    0.05470441
    0.04920699
   -0.12069664
    0.04829597
    0.04512466
    0.05096708
    0.12716426
   -0.37738667
   -0.12490303
    0.05373996
    0.05564308
    0.04809138
   -0.12503548
    0.04782334
    0.05154774
    0.05259389
    0.40849246
   -0.37521600
    0.12540178
   -0.12955103
    0.05670642
    0.05570301
    0.05041161
   -0.12937375
    0.06216378
    0.05046081
    0.05207492
    0.12804035
   -0.38292383
   -0.12334635
    0.05098167
    0.05300900
    0.05480725
   -0.11986856
    0.03913812
    0.04610043
    0.05459031
    0.04826687
    0.04594970
   -0.01908647
    0.00808102
   -0.07817940
   -0.01278690
   -0.03615377
   -0.07370278
    0.01537884
    0.09559072
    0.06874856
    0.06481108
    0.01941060
    0.01358564
   -0.23838683
   -0.05434150
    0.05412485
   -0.01681678
    0.03710377
   -0.04860738
    0.04900855
    0.04652461
    0.04876858
