           1           2   1.29526428089807     
           2           3   1.34211824807327     
           3           4   1.48992342617064     
           4           5   1.37076078369504     
           1           6   1.38358830835396     
           3           6  0.105598536885417     
           5           6   1.46695199762102     
           6           7  0.957862351820711     
           5           8  0.969299860064076     
           3           9  0.962326014853877     
           2          10   1.10345614332827     
          10          11   1.27997505561218     
          11          12   1.36977897845217     
          12          13   1.46830576840556     
          13          14   1.37210164018851     
          10          15   1.34873464008550     
          12          15  0.103631356874326     
          14          15   1.48170814892693     
          15          16  0.962320832677606     
          13          17  0.969066590093483     
          12          18  0.947239913828509     
           1          19  0.456613220236229     
          11          19  0.450521583771623     
          19          20  0.551286191802146     
          19          21  0.701390661959054     
          21          22   1.09269857868601     
          22          23  0.942388377240926     
          23          24  0.996225170483843     
          24          25  0.982671489023566     
          24          26  0.983650694038260     
          24          27  0.983192609933947     
          23          28  0.990308796046530     
          28          29  0.984047424171259     
          28          30  0.983997286226571     
          28          31  0.984041332267007     
          23          32  0.940272723661128     
          21          33   1.10926725180065     
          32          33  0.939174659492559     
          32          34  0.991104440069838     
          34          35  0.980133133469188     
          34          36  0.983531525312663     
          34          37  0.981728897330782     
          32          38  0.996636306032811     
          38          39  0.983065427028696     
          38          40  0.982856064479479     
          38          41  0.983810363214840     
          19          42  0.859267995580117     
          42          43   1.11175563246088     
          43          44  0.935974153214793     
          44          45  0.996778915037205     
          45          46  0.982252765349327     
          45          47  0.981902256798703     
          45          48  0.983215223364243     
          44          49  0.990421068450490     
          49          50  0.983594048765460     
          49          51  0.982345626869475     
          49          52  0.979909950100518     
          44          53  0.939484903921753     
          42          54   1.11482466384859     
          53          54  0.933530946329307     
          53          55  0.996300088474583     
          55          56  0.982542032528883     
          55          57  0.982721010907567     
          55          58  0.983192072414082     
          53          59  0.991659882292247     
          59          60  0.981719808897402     
          59          61  0.983116140113241     
          59          62  0.982762121964551     
          19          63  0.850126091230782     
          63          64   1.11605235749017     
          64          65  0.936755007415657     
          65          66  0.991120774811207     
          66          67  0.979682446739204     
          66          68  0.982391327917291     
          66          69  0.983119096042887     
          65          70  0.996450026959803     
          70          71  0.981878793576878     
          70          72  0.983452639163612     
          70          73  0.982392523680981     
          65          74  0.938670880412516     
          63          75   1.11004172135562     
          74          75  0.935769271013450     
          74          76  0.996468337303167     
          76          77  0.982859074986933     
          76          78  0.981989748752700     
          76          79  0.981434957495457     
          74          80  0.990483308466309     
          80          81  0.984246378604653     
          80          82  0.983208136309612     
          80          83  0.983387159295251     
           4          84  0.969254456144244     
          14          85  0.969424503216246     
          19          86  0.596624285825166     
          20          86  0.329189003580082     
          86          87   1.20244058586530     
          86          88   1.47591303249288     
          87          89   1.00639695845635     
          86          90  0.119506991484399     
          87          90   1.20304400499703     
          88          91   1.33504551867408     
          90          91   1.53521871337331     
          88          92  0.967532919972324     
          89          93  0.990985451488920     
          89          94  0.952929944440631     
          89          95  0.938544011682537     
          90          96  0.968167045682563     
          91          97  0.974261710838212     
          93          98   1.42502805690490     
          93          99   1.38122353151534     
          98         100   1.42667319654149     
          99         100  0.116902752461891     
          99         101   1.46255656260332     
          99         102  0.969082981502589     
          93         103  0.110606119270413     
         100         103   1.43755782918579     
         101         103   1.42523358971369     
         100         104  0.962729087698691     
         101         105  0.968895827265876     
         103         106  0.969389493393292     
