           1           2   1.43539135808151     
           2           3   1.42984507661008     
           1           4  0.101039869974977     
           3           4   1.43575940403750     
           2           5  0.111100187311544     
           4           5   1.41348463252121     
           5           6  0.988047769189639     
           6           7  0.996127469977833     
           7           8   1.22462323447733     
           8           9   1.54699417576465     
           9          10   1.33184746494005     
           7          11   1.22605259613583     
           8          11  0.131699776202078     
          10          11   1.55021647376931     
           1          12   1.44956638849298     
           3          12  0.114890910281518     
           5          12   1.39883534273920     
           1          13  0.968961106083725     
           2          14  0.969415317933554     
           3          15  0.962989831552659     
           6          16  0.950540423205871     
           6          17  0.960019000559646     
           8          18  0.969772984845705     
           9          19  0.975417504943795     
          10          20  0.975446676842623     
          11          21  0.970828684456082     
          12          22  0.966834702605271     
