           1           2   1.10657355580967     
           2           3   1.15650512406242     
           3           4   2.74452875263471     
           1           5  0.103166186423475     
           2           5   1.49082241276420     
           5           6   1.31388711977324     
           1           7   1.18501425449795     
           6           7   1.55602545401526     
           7           8   1.04502547983447     
           5           9  0.963353375161816     
           6          10  0.960927674434537     
           8          11  0.976834434868950     
           8          12  0.962615195485583     
           8          13  0.962694694517935     
