   -0.12137582
    0.07654756
   -0.04304643
   -0.02238306
   -0.04378919
    0.04806313
    0.05257839
    0.05540497
    0.04615659
    0.07282743
   -0.12722730
    0.04223818
   -0.04492506
   -0.02449253
   -0.04530265
    0.04513498
    0.05046928
    0.07517043
   -0.15648113
    0.08895272
    0.40209532
   -0.40928277
    0.13023219
   -0.12134616
    0.05359848
    0.04464984
    0.05071331
   -0.10876296
    0.04716833
    0.04104318
    0.02770880
    0.13079753
   -0.40342766
   -0.12022439
    0.04984753
    0.04582983
    0.04973447
   -0.11985712
    0.04698909
    0.05316069
    0.04490633
    0.40235692
   -0.38423776
    0.12861675
   -0.12571777
    0.05485271
    0.05571986
    0.04933883
   -0.12167347
    0.04815590
    0.04535623
    0.05306063
    0.12764640
   -0.38343984
   -0.12410320
    0.05378611
    0.05406594
    0.04805561
   -0.12295285
    0.04380799
    0.05241771
    0.04985685
    0.40038503
   -0.37856151
    0.12490951
   -0.13050733
    0.05924693
    0.05371832
    0.04974168
   -0.12891286
    0.06022932
    0.05038195
    0.05148492
    0.12676385
   -0.37990638
   -0.12399061
    0.05050035
    0.05331181
    0.05459366
   -0.12233831
    0.04053404
    0.04988935
    0.05423663
    0.05232147
    0.04904252
   -0.02347695
   -0.03732871
   -0.03774602
   -0.00543396
    0.02695999
   -0.04420048
    0.04734821
    0.02560398
   -0.05449387
    0.04040947
   -0.08801813
   -0.01677517
    0.03659135
    0.04842204
