           1           2   1.30990747460399     
           2           3   1.34773872708649     
           3           4   1.48420176651145     
           4           5   1.38107283566196     
           1           6   1.38789018957771     
           3           6  0.105944285230448     
           5           6   1.46100129465888     
           6           7  0.956935238688311     
           5           8  0.968514050701254     
           3           9  0.961728587100829     
           2          10   1.09259926748074     
          10          11   1.30295703200307     
          11          12   1.38652981235161     
          12          13   1.45788217578091     
          13          14   1.38397740586742     
          10          15   1.35253607345175     
          12          15  0.105173818125274     
          14          15   1.47923169493235     
          15          16  0.961678605020938     
          13          17  0.969028202513996     
          12          18  0.948045175808046     
           1          19  0.443890745890350     
          11          19  0.431529150996136     
          19          20  0.527862607158053     
          19          21  0.726768876878600     
          21          22   1.08962079850362     
          22          23  0.942911949453549     
          23          24  0.996553463016486     
          24          25  0.982727754195405     
          24          26  0.983625449684498     
          24          27  0.983305338109939     
          23          28  0.989906697979538     
          28          29  0.984099934604440     
          28          30  0.984077287975969     
          28          31  0.985323136571184     
          23          32  0.941354651746904     
          21          33   1.11005209119480     
          32          33  0.939474904665365     
          32          34  0.990709341708516     
          34          35  0.982168272848344     
          34          36  0.983765768812042     
          34          37  0.982310136011063     
          32          38  0.996869135014167     
          38          39  0.983171622882355     
          38          40  0.982775362034366     
          38          41  0.983745272078977     
          19          42  0.860121754529350     
          42          43   1.11486852520522     
          43          44  0.936296050397894     
          44          45  0.996766982020017     
          45          46  0.982257402665253     
          45          47  0.981820279709396     
          45          48  0.983123742644285     
          44          49  0.990894122166738     
          49          50  0.983449944789986     
          49          51  0.982542682568651     
          49          52  0.979385512552418     
          44          53  0.939186835836010     
          42          54   1.10692844638415     
          53          54  0.934992113967541     
          53          55  0.996298326024675     
          55          56  0.982510790847915     
          55          57  0.982815055769370     
          55          58  0.983189096470242     
          53          59  0.991424944530335     
          59          60  0.982112604275323     
          59          61  0.983079389728276     
          59          62  0.983086383230289     
          19          63  0.871050959921296     
          63          64   1.11025450950033     
          64          65  0.938658062320991     
          65          66  0.991229488380821     
          66          67  0.978440493280165     
          66          68  0.982566931982085     
          66          69  0.983074630993653     
          65          70  0.996300028898273     
          70          71  0.981983997146934     
          70          72  0.983447211692430     
          70          73  0.982293469714485     
          65          74  0.937213059044278     
          63          75   1.11891807923123     
          74          75  0.936504408931003     
          74          76  0.995645449709233     
          76          77  0.982972364967191     
          76          78  0.982317168485932     
          76          79  0.981550249179364     
          74          80  0.991386023402498     
          80          81  0.983925192219169     
          80          82  0.983162200197097     
          80          83  0.983263405151638     
           4          84  0.968853054957174     
          14          85  0.969032067727052     
          19          86  0.584619430100185     
          20          86  0.353757461455906     
          86          87   1.44134593879794     
          86          88   1.32904621189830     
          87          89   1.32241555595421     
          87          90  0.961026712391990     
          87          91  0.102337679229952     
          88          91   1.48226791789486     
          88          92  0.959489987216196     
          89          93   1.29464031706657     
          91          93   1.36728498899625     
          89          94   1.18139573754984     
          91          95  0.966971966516529     
          93          96   1.09314737832630     
          94          96  0.103901300521362     
          94          97   1.69248084278779     
          96          97   1.14320116559539     
          94          98  0.963015135844651     
          97          99  0.969418660982050     
