   -0.12258864
    0.07695591
   -0.04260864
   -0.02092232
   -0.04233845
    0.04921835
    0.05375081
    0.05872038
    0.05037832
    0.07259013
   -0.12993219
    0.04193885
   -0.04336676
   -0.02393395
   -0.04512013
    0.04947957
    0.05446432
    0.07757117
   -0.14663194
    0.09536905
    0.40609477
   -0.40405315
    0.12966390
   -0.12222890
    0.05384387
    0.04586093
    0.05317394
   -0.11074055
    0.04914469
    0.04399210
    0.02766090
    0.13129752
   -0.40701491
   -0.12188491
    0.05256970
    0.04673666
    0.04922991
   -0.12021765
    0.04658892
    0.05321808
    0.04674173
    0.40984633
   -0.38591574
    0.13058271
   -0.12168695
    0.05254072
    0.05220096
    0.04946251
   -0.12014062
    0.04879671
    0.04710433
    0.05103548
    0.12833327
   -0.38574440
   -0.12374156
    0.05119217
    0.05453939
    0.04858848
   -0.12074172
    0.04714166
    0.04960465
    0.05098009
    0.40725012
   -0.38181261
    0.12744708
   -0.12291968
    0.05288592
    0.04997804
    0.04906197
   -0.12824099
    0.05993542
    0.05057498
    0.05356280
    0.12756324
   -0.38113594
   -0.12398644
    0.05094662
    0.05397327
    0.05517157
   -0.12261515
    0.04092097
    0.05100985
    0.05530612
    0.05623115
    0.05291842
   -0.03909615
   -0.03464563
    0.07604127
   -0.04240489
    0.04997449
    0.08354968
   -0.15539558
   -0.05379502
    0.05936349
   -0.17721007
    0.07294186
