           1           2   1.31551182621219     
           2           3   1.35111653693021     
           3           4   1.48065405923463     
           4           5   1.38686224678153     
           1           6   1.39104066767653     
           3           6  0.105818067666769     
           5           6   1.45705112507154     
           6           7  0.956841947467278     
           5           8  0.968124523367200     
           3           9  0.961358940753815     
           2          10   1.08893616989479     
          10          11   1.30680559960797     
          11          12   1.38569870371528     
          12          13   1.45603867446916     
          13          14   1.38866754585356     
          10          15   1.35603581009912     
          12          15  0.104839700568083     
          14          15   1.47516389217393     
          15          16  0.961311215749855     
          13          17  0.968550551530692     
          12          18  0.946849066028790     
           1          19  0.432493745140767     
          11          19  0.417526673924095     
          19          20  0.540688301610708     
          19          21  0.731023423892767     
          21          22   1.10109746967292     
          22          23  0.940041917741422     
          23          24  0.996654010846418     
          24          25  0.982548609645878     
          24          26  0.983413448355385     
          24          27  0.982982166048606     
          23          28  0.990433569246347     
          28          29  0.983877559952635     
          28          30  0.983856271875019     
          28          31  0.984717447199154     
          23          32  0.941150879857311     
          21          33   1.10753301361130     
          32          33  0.937103618739321     
          32          34  0.991147152072276     
          34          35  0.980996111867500     
          34          36  0.983447859325730     
          34          37  0.981457284009620     
          32          38  0.997252373326212     
          38          39  0.983061102953076     
          38          40  0.982591148152145     
          38          41  0.983549080254172     
          19          42  0.846834521514583     
          42          43   1.12467731298346     
          43          44  0.936070982215992     
          44          45  0.996006156966617     
          45          46  0.981743533840347     
          45          47  0.982106926669932     
          45          48  0.982972853504726     
          44          49  0.991506374684873     
          49          50  0.983163937163894     
          49          51  0.982803481489621     
          49          52  0.979908896074576     
          44          53  0.937140715827903     
          42          54   1.10412223890686     
          53          54  0.933539931673926     
          53          55  0.995188219601388     
          55          56  0.982623693060731     
          55          57  0.982648204008111     
          55          58  0.982998845498082     
          53          59  0.992646920070878     
          59          60  0.979825497279345     
          59          61  0.982957293939490     
          59          62  0.982721249460151     
          19          63  0.858202995193370     
          63          64   1.10987670880522     
          64          65  0.936600773560155     
          65          66  0.991324781696078     
          66          67  0.979826448258262     
          66          68  0.982651016067782     
          66          69  0.983175682775529     
          65          70  0.996810489861401     
          70          71  0.982081585875967     
          70          72  0.983332575471184     
          70          73  0.982163441472740     
          65          74  0.938658202483133     
          63          75   1.11681283274151     
          74          75  0.934794814074553     
          74          76  0.996269137945516     
          76          77  0.982819631865294     
          76          78  0.982211467444376     
          76          79  0.982255961310636     
          74          80  0.991145846069131     
          80          81  0.983987267112362     
          80          82  0.983069881761777     
          80          83  0.983196974907801     
           4          84  0.968395029397655     
          14          85  0.968617786600554     
          19          86  0.582267610993718     
          20          86  0.343953370732527     
          86          87   1.37211924649871     
          86          88   1.35254885090202     
          87          89   1.44101234045542     
          87          90  0.960076686054389     
          88          91   1.37430326382905     
          88          92  0.967508752576932     
          89          93   1.42406575304506     
          91          93   1.39777289485204     
          89          94  0.965968157542730     
          91          95  0.966112822419479     
          93          96  0.964402887484411     
