   -0.11657558
    0.08004480
   -0.04080934
   -0.01954073
   -0.04034872
    0.04906219
    0.05631096
    0.06201456
    0.05366438
    0.07666863
   -0.11949715
    0.04314044
   -0.04191385
   -0.02067031
   -0.04381699
    0.05461650
    0.05760087
    0.07996381
   -0.15073712
    0.09894738
    0.40286541
   -0.40351280
    0.12937106
   -0.12309857
    0.05456014
    0.04662507
    0.05292581
   -0.11197942
    0.04961259
    0.04409881
    0.02930042
    0.13014360
   -0.39890578
   -0.12239534
    0.05191534
    0.04779299
    0.05019752
   -0.12148907
    0.04854098
    0.05392216
    0.04681217
    0.40249576
   -0.38361489
    0.12894659
   -0.12487897
    0.05225967
    0.05686389
    0.05053717
   -0.12282447
    0.05051102
    0.04731380
    0.05422616
    0.12793142
   -0.38081401
   -0.12563191
    0.05688556
    0.05567452
    0.04946242
   -0.11866297
    0.03691958
    0.05268175
    0.04976284
    0.40100249
   -0.37944528
    0.12508387
   -0.13010434
    0.05838030
    0.05232837
    0.05150628
   -0.12964527
    0.05985640
    0.05204562
    0.05330293
    0.12661074
   -0.37593099
   -0.12513838
    0.05192990
    0.05569654
    0.05492748
   -0.12369343
    0.04154348
    0.05160444
    0.05607241
    0.05970139
    0.05763633
   -0.02867369
   -0.02504134
   -0.05166139
   -0.02972362
   -0.00443214
    0.03137189
    0.04874543
    0.11263940
   -0.28996857
