           1           2   1.32283098864829     
           2           3   1.35758980042325     
           3           4   1.47409721729713     
           4           5   1.39469864676517     
           1           6   1.39358027648376     
           3           6  0.105524568756817     
           5           6   1.45248846687746     
           6           7  0.956684894836372     
           5           8  0.967689805266975     
           3           9  0.961445426396263     
           2          10   1.07956171398421     
          10          11   1.31755295276689     
          11          12   1.39485668947662     
          12          13   1.44769332429670     
          13          14   1.39871245470643     
          10          15   1.36160723628708     
          12          15  0.105007159862227     
          14          15   1.47006596453806     
          15          16  0.961230980467429     
          13          17  0.968196789617669     
          12          18  0.946272893757411     
           1          19  0.426528062176332     
          11          19  0.425364764521123     
          19          20  0.561979236575884     
          19          21  0.749858510712440     
          21          22   1.09841309124587     
          22          23  0.940338140350503     
          23          24  0.996822689986995     
          24          25  0.982515859803283     
          24          26  0.983347124901762     
          24          27  0.982981182793546     
          23          28  0.990400705030063     
          28          29  0.983787207166152     
          28          30  0.983842844236505     
          28          31  0.985390202502379     
          23          32  0.941106655362301     
          21          33   1.11731966996494     
          32          33  0.936964818987130     
          32          34  0.991046720108842     
          34          35  0.981391855644538     
          34          36  0.983399414653269     
          34          37  0.982048279999232     
          32          38  0.997134183111340     
          38          39  0.982993850224018     
          38          40  0.982688006816092     
          38          41  0.983501851594707     
          19          42  0.855502373154229     
          42          43   1.12237875943478     
          43          44  0.933675506323304     
          44          45  0.997293685448141     
          45          46  0.982486570984560     
          45          47  0.981627937033333     
          45          48  0.982850013254395     
          44          49  0.990969401427551     
          49          50  0.983190672921506     
          49          51  0.982264267642630     
          49          52  0.979641364790158     
          44          53  0.939558996913294     
          42          54   1.11107664147536     
          53          54  0.932870742230841     
          53          55  0.996473214879810     
          55          56  0.982110747583303     
          55          57  0.982608046507338     
          55          58  0.982911867559364     
          53          59  0.991880997254122     
          59          60  0.983292979955158     
          59          61  0.982856348961075     
          59          62  0.982977259375224     
          19          63  0.848273408001996     
          63          64   1.11256368056482     
          64          65  0.935838276183219     
          65          66  0.991510667692783     
          66          67  0.978607560047602     
          66          68  0.982659714651191     
          66          69  0.982833517567549     
          65          70  0.996578357164114     
          70          71  0.982027508438597     
          70          72  0.983207549354646     
          70          73  0.982085199999133     
          65          74  0.938002345074839     
          63          75   1.12468044126256     
          74          75  0.933998039042470     
          74          76  0.996153004561315     
          76          77  0.982738802098548     
          76          78  0.981934511737953     
          76          79  0.981448933833471     
          74          80  0.991392522280136     
          80          81  0.983809857318047     
          80          82  0.982934662703455     
          80          83  0.983068042399212     
           4          84  0.967983453483821     
          14          85  0.968042489597403     
          19          86  0.583610499289978     
          20          86  0.329425311701231     
          86          87   1.14010344953218     
          86          88   1.58035081571655     
          87          89   1.21588458466277     
          88          90   1.19964913116156     
          89          90   1.49130677288695     
          88          91  0.960667042702200     
          89          92  0.970540401940348     
          90          93   1.11852563522376     
          93          94   2.76041975038070     
