   -0.11371953
    0.07909593
   -0.04315813
   -0.02277760
   -0.04383641
    0.04739309
    0.05457387
    0.05712866
    0.04656744
    0.07631680
   -0.11974582
    0.04055039
   -0.04592801
   -0.02583645
   -0.04678200
    0.04558561
    0.05165049
    0.07781161
   -0.15435673
    0.10601960
    0.40292300
   -0.40552551
    0.12944120
   -0.12222333
    0.05423119
    0.04565205
    0.05172034
   -0.11032158
    0.04842814
    0.04218854
    0.02790531
    0.13004435
   -0.40015384
   -0.12258324
    0.05314475
    0.04665680
    0.05022235
   -0.12088842
    0.04722596
    0.05400300
    0.04589050
    0.39970129
   -0.38148773
    0.12799948
   -0.12724220
    0.05624562
    0.05673143
    0.05028879
   -0.12262554
    0.04947002
    0.04732704
    0.05230110
    0.12702099
   -0.38124377
   -0.12522108
    0.05493542
    0.05444126
    0.04896733
   -0.12574150
    0.04565528
    0.05405857
    0.05040710
    0.39998163
   -0.37892728
    0.12460758
   -0.13207366
    0.06007030
    0.05455119
    0.05086672
   -0.12958200
    0.06064933
    0.05091634
    0.05185746
    0.12676128
   -0.37674270
   -0.12507593
    0.05128694
    0.05441312
    0.05581478
   -0.12244607
    0.04062896
    0.04913038
    0.05498776
    0.05363618
    0.04951110
   -0.05365730
    0.11679843
   -0.04851018
    0.11322746
   -0.31766850
   -0.04689692
    0.05783227
   -0.07206113
   -0.31751040
    0.23143975
    0.05555850
    0.05771035
    0.03074217
    0.04164882
