           1           2   1.31546038970755     
           2           3   1.35012471176881     
           3           4   1.48210690883541     
           4           5   1.38433827959742     
           1           6   1.38985380032537     
           3           6  0.106266957157976     
           5           6   1.45900305726547     
           6           7  0.956963291609260     
           5           8  0.968312198727180     
           3           9  0.961681233881806     
           2          10   1.08877755373915     
          10          11   1.30674634441046     
          11          12   1.38986066462709     
          12          13   1.45382344384585     
          13          14   1.38855478165531     
          10          15   1.35593874682955     
          12          15  0.104942617824095     
          14          15   1.47565692746812     
          15          16  0.961642462206630     
          13          17  0.968892438143655     
          12          18  0.946809063662399     
           1          19  0.443042710124739     
          11          19  0.435821583733096     
          19          20  0.535896026451838     
          19          21  0.742517037556403     
          21          22   1.09428976449946     
          22          23  0.942051221674724     
          23          24  0.996395604487803     
          24          25  0.982606455110458     
          24          26  0.983542585471583     
          24          27  0.983159951839823     
          23          28  0.990144872977692     
          28          29  0.983994631773150     
          28          30  0.984050742814676     
          28          31  0.985326611856546     
          23          32  0.940727801329115     
          21          33   1.11394454278171     
          32          33  0.938607964006158     
          32          34  0.990828192099877     
          34          35  0.980976881596668     
          34          36  0.983530037308861     
          34          37  0.981953059153618     
          32          38  0.996932552077056     
          38          39  0.983115467937512     
          38          40  0.982773510639596     
          38          41  0.983700905752214     
          19          42  0.862049214572345     
          42          43   1.11767675063707     
          43          44  0.935249489514396     
          44          45  0.996938168934513     
          45          46  0.982135934803317     
          45          47  0.981786138757566     
          45          48  0.983028101051086     
          44          49  0.990883755070589     
          49          50  0.983341518132480     
          49          51  0.981964396746244     
          49          52  0.980106988419147     
          44          53  0.939390612791750     
          42          54   1.11122978640008     
          53          54  0.933624319333049     
          53          55  0.996373673520361     
          55          56  0.982382417559330     
          55          57  0.982794457217253     
          55          58  0.983080865019734     
          53          59  0.991508335857449     
          59          60  0.982213964931155     
          59          61  0.982933140809518     
          59          62  0.983025045236357     
          19          63  0.862951741192524     
          63          64   1.10871265847230     
          64          65  0.937395372930555     
          65          66  0.991139432135552     
          66          67  0.978558771236671     
          66          68  0.982498941770592     
          66          69  0.983061422945673     
          65          70  0.996530805726710     
          70          71  0.981983296705307     
          70          72  0.983397436536947     
          70          73  0.982335933200090     
          65          74  0.938055656369691     
          63          75   1.12205272243542     
          74          75  0.935555047708871     
          74          76  0.995977481783544     
          76          77  0.982928628027263     
          76          78  0.982149748269213     
          76          79  0.981039253093555     
          74          80  0.991074661039404     
          80          81  0.984101330668106     
          80          82  0.983131012078616     
          80          83  0.983248301687640     
           4          84  0.968695718685018     
          14          85  0.968943188480891     
          19          86  0.570394691681131     
          20          86  0.346512303081040     
          86          87   1.37431560130636     
          86          88   1.34793248180751     
          87          89   1.31055081226587     
          87          90  0.984619991285285     
          88          91   1.47371009706403     
          88          92  0.960575710364557     
          89          93   1.41298828343166     
          91          93   1.39069129432007     
          89          94  0.999121230849107     
          90          95  0.985631908686612     
          94          95  0.978423305118079     
          91          96  0.967522053347398     
          93          97  0.966998623406222     
          95          98  0.961084531496838     
          95          99  0.961207643537366     
