           1           2   1.43743980756188     
           2           3   1.39863120982771     
           3           4  0.945342858383170     
           1           5  0.110451587099728     
           3           5   1.39461255851909     
           2           6  0.102987502524588     
           5           6   1.42463526827886     
           6           7  0.969596575469930     
           1           8   1.43492334647026     
           6           8   1.42260687484742     
           1           9  0.963862956216307     
           2          10  0.963559932853244     
           5          11  0.963047277359201     
           8          12  0.965365213877951     
