   -0.11992035
    0.07767178
   -0.04198310
   -0.02239320
   -0.04328921
    0.04784327
    0.05275808
    0.05582100
    0.04684637
    0.07401542
   -0.12234784
    0.04204172
   -0.04470732
   -0.02388020
   -0.04512885
    0.04672454
    0.05091820
    0.07532843
   -0.15553638
    0.08651020
    0.40130094
   -0.41090637
    0.13051185
   -0.12148398
    0.05365291
    0.04482323
    0.05070153
   -0.10884917
    0.04713882
    0.04090472
    0.02828102
    0.13076954
   -0.40227314
   -0.11936045
    0.04743661
    0.04659698
    0.04990194
   -0.11961613
    0.04723687
    0.05281535
    0.04500197
    0.40395895
   -0.38155102
    0.12836702
   -0.12600379
    0.05450244
    0.05657442
    0.04915514
   -0.12210064
    0.04846860
    0.04530016
    0.05407450
    0.12759018
   -0.38274107
   -0.12397423
    0.05409574
    0.05399618
    0.04827954
   -0.12286869
    0.04376440
    0.05210942
    0.04904166
    0.39912647
   -0.37648528
    0.12494320
   -0.12979252
    0.05875046
    0.05346050
    0.04940312
   -0.12915261
    0.05976273
    0.05052239
    0.05203909
    0.12621267
   -0.38075894
   -0.12397785
    0.05035285
    0.05317609
    0.05415917
   -0.12324953
    0.04038775
    0.05155346
    0.05415040
    0.05291742
    0.05059448
   -0.02586091
   -0.03423465
   -0.03778040
   -0.01698938
    0.03233444
   -0.04819967
    0.05172687
   -0.00960668
    0.04661031
    0.05450291
    0.05318173
   -0.03638628
   -0.08224621
   -0.04848924
   -0.04104797
    0.03888849
    0.40618245
   -0.03774519
    0.05404322
    0.04259294
   -0.49070866
   -0.29634216
    0.04582728
    0.12299149
   -0.12543199
   -0.13001513
    0.04568490
    0.05963709
    0.05195218
    0.06363997
    0.06495520
    0.06650718
    0.05981385
