           1           2   1.30867257862338     
           2           3   1.34961029026656     
           3           4   1.48260688112508     
           4           5   1.38195306270185     
           1           6   1.38617685603827     
           3           6  0.105711156433831     
           5           6   1.46111905577685     
           6           7  0.956614992922686     
           5           8  0.968464332691424     
           3           9  0.961821389684974     
           2          10   1.09111954137559     
          10          11   1.30430610187642     
          11          12   1.38672372094465     
          12          13   1.45732900335329     
          13          14   1.38471390605857     
          10          15   1.35262368287853     
          12          15  0.105362440940357     
          14          15   1.47925483457726     
          15          16  0.961720767360884     
          13          17  0.968966757487515     
          12          18  0.948000949622696     
           1          19  0.447439681562479     
          11          19  0.440301662453522     
          19          20  0.537979462046723     
          19          21  0.724126631061934     
          21          22   1.08722237522791     
          22          23  0.942954960091743     
          23          24  0.996684785572655     
          24          25  0.982686282490761     
          24          26  0.983632548189363     
          24          27  0.983295828031621     
          23          28  0.989816234100114     
          28          29  0.984066112619403     
          28          30  0.983989255652012     
          28          31  0.985306089220040     
          23          32  0.941460166556750     
          21          33   1.11201391431572     
          32          33  0.939588660635145     
          32          34  0.990735823134277     
          34          35  0.983224985347307     
          34          36  0.983756055856289     
          34          37  0.982554683329241     
          32          38  0.996646444106570     
          38          39  0.983201008002259     
          38          40  0.982637480729394     
          38          41  0.983741685521019     
          19          42  0.851478367287438     
          42          43   1.11937469550999     
          43          44  0.936177965306412     
          44          45  0.996686680708002     
          45          46  0.982228858293880     
          45          47  0.981509284375073     
          45          48  0.983146419411141     
          44          49  0.990883470608901     
          49          50  0.983394733885768     
          49          51  0.982951995077415     
          49          52  0.979196419222259     
          44          53  0.938763260178412     
          42          54   1.10698720704436     
          53          54  0.935232906090702     
          53          55  0.996199607954551     
          55          56  0.982438055174201     
          55          57  0.982798897951041     
          55          58  0.983190537308676     
          53          59  0.991581898122633     
          59          60  0.982232496554225     
          59          61  0.983000511666643     
          59          62  0.983075896120755     
          19          63  0.866158551685727     
          63          64   1.11518561400054     
          64          65  0.938950007034338     
          65          66  0.991325880048608     
          66          67  0.978354807779258     
          66          68  0.982576604499134     
          66          69  0.983067346468496     
          65          70  0.996137879533443     
          70          71  0.982045655649612     
          70          72  0.983458639160516     
          70          73  0.982194421606968     
          65          74  0.937047755364851     
          63          75   1.11551717135278     
          74          75  0.937007815556680     
          74          76  0.995643198245944     
          76          77  0.983014097238388     
          76          78  0.982446024750623     
          76          79  0.982089419925602     
          74          80  0.991316087435537     
          80          81  0.983602097711661     
          80          82  0.983074333018513     
          80          83  0.983291475287416     
           4          84  0.968799030372180     
          14          85  0.968874652731818     
          19          86  0.596354540172021     
          20          86  0.340000793159139     
          86          87   1.40934006489697     
          86          88   1.35250676405808     
          87          89   1.36550723186563     
          87          90  0.962044445558729     
          88          91   1.45909266154901     
          88          92  0.959568029063676     
          89          93   1.11560626998555     
          89          94   1.29327209941173     
          91          94   1.37784333162807     
          91          95  0.961895408466800     
          93          96   1.28370911755759     
          93          97   1.37976564801172     
          94          98   1.04863095224199     
          96          98   1.06317346186984     
          96          99   1.39195326275572     
          97          99  0.104910004231786     
          97         100   1.45713211769830     
          97         101  0.968406144337916     
          98         102   1.13095406954776     
          99         103   1.44411703669840     
         100         103   1.41749891704497     
          99         104  0.962951039013276     
         100         105  0.970331663301499     
          98         106  0.115224176542442     
         102         106   1.61669215077627     
         102         107   1.10643007657428     
         106         107  0.142839049850968     
         103         108  0.970391723775874     
         107         109  0.902657501653288     
         109         110   1.00419572840153     
         109         111   1.00694411710656     
         109         112  0.962020208429115     
         110         113  0.984410950941818     
         110         114  0.984748674513325     
         110         115  0.981669009206027     
         111         116  0.983462286189077     
         111         117  0.981368435719196     
         111         118  0.984187063547884     
