   -0.11877876
    0.07813713
   -0.04169306
   -0.02054629
   -0.04163899
    0.04783992
    0.05756853
    0.06022614
    0.05038464
    0.07408644
   -0.12515410
    0.04157067
   -0.04296880
   -0.02232544
   -0.04494018
    0.05081802
    0.05504982
    0.07879494
   -0.14872201
    0.10329418
    0.40127962
   -0.40364293
    0.12923286
   -0.12297705
    0.05493130
    0.04609525
    0.05220441
   -0.11153344
    0.04893891
    0.04327884
    0.02901354
    0.12994833
   -0.39893198
   -0.12291728
    0.05305279
    0.04716562
    0.05031969
   -0.12125929
    0.04797751
    0.05378302
    0.04624072
    0.40057799
   -0.38053891
    0.12842603
   -0.12545959
    0.05423304
    0.05666735
    0.04982363
   -0.12305410
    0.04963823
    0.04751012
    0.05404353
    0.12719506
   -0.37992945
   -0.12535407
    0.05594719
    0.05482663
    0.04898216
   -0.12133333
    0.04271485
    0.05251514
    0.04926944
    0.39884374
   -0.37728609
    0.12457097
   -0.13117035
    0.05966002
    0.05358176
    0.05070773
   -0.12993918
    0.06034427
    0.05127460
    0.05282800
    0.12638141
   -0.37437599
   -0.12533766
    0.05147973
    0.05506543
    0.05552881
   -0.12388390
    0.04201037
    0.05105704
    0.05544984
    0.05681225
    0.05398499
   -0.02662336
   -0.05421969
   -0.05184243
    0.16082850
    0.05743012
    0.09392577
    0.07133876
   -0.25675415
   -0.07457151
   -0.19323977
    0.07623584
