           1           2   1.31877164012011     
           2           3   1.35424643071658     
           3           4   1.47749160938747     
           4           5   1.39035091720787     
           1           6   1.39197625509630     
           3           6  0.105657300754704     
           5           6   1.45499733087917     
           6           7  0.956547033255534     
           5           8  0.967928729554981     
           3           9  0.961525169688241     
           2          10   1.08383959178357     
          10          11   1.31276445233311     
          11          12   1.39302126074720     
          12          13   1.45118023484760     
          13          14   1.39358459852896     
          10          15   1.35851563375205     
          12          15  0.105043418119606     
          14          15   1.47327360507982     
          15          16  0.961367915811725     
          13          17  0.968501366287186     
          12          18  0.947235466726650     
           1          19  0.429103587139613     
          11          19  0.420521433669429     
          19          20  0.532432844921047     
          19          21  0.746145163756420     
          21          22   1.09641521859927     
          22          23  0.941167314354656     
          23          24  0.996677361205682     
          24          25  0.982489933853372     
          24          26  0.983432784359714     
          24          27  0.983073621494547     
          23          28  0.990289687912554     
          28          29  0.983868635843535     
          28          30  0.983904942011697     
          28          31  0.985355875367847     
          23          32  0.941028015143208     
          21          33   1.11599697594110     
          32          33  0.937902197999006     
          32          34  0.990908550290486     
          34          35  0.981171444592042     
          34          36  0.983481946624988     
          34          37  0.981894600149591     
          32          38  0.997081759269675     
          38          39  0.983056716005003     
          38          40  0.982702803748808     
          38          41  0.983589269879809     
          19          42  0.854394139860608     
          42          43   1.12227507514559     
          43          44  0.934286428979912     
          44          45  0.997177465194019     
          45          46  0.982145538844934     
          45          47  0.981646488071739     
          45          48  0.982972598242508     
          44          49  0.991113012877388     
          49          50  0.983222080716986     
          49          51  0.982136984877678     
          49          52  0.979526234874566     
          44          53  0.939154512833969     
          42          54   1.11361854239381     
          53          54  0.932942815610327     
          53          55  0.996345705871578     
          55          56  0.982221624910953     
          55          57  0.982703522192141     
          55          58  0.982976931528161     
          53          59  0.991888885833244     
          59          60  0.982129611909463     
          59          61  0.982953856785839     
          59          62  0.983014325458964     
          19          63  0.858238724092684     
          63          64   1.11209662596497     
          64          65  0.937004241262190     
          65          66  0.991394502269470     
          66          67  0.978412357177444     
          66          68  0.982528406535926     
          66          69  0.982939699396056     
          65          70  0.996496271555826     
          70          71  0.981945954798423     
          70          72  0.983301852117889     
          70          73  0.982127683895453     
          65          74  0.937603306708672     
          63          75   1.12653257965952     
          74          75  0.934544639122671     
          74          76  0.996032828494525     
          76          77  0.982790567285704     
          76          78  0.982020373373177     
          76          79  0.981229561988198     
          74          80  0.991517561365301     
          80          81  0.983837230223183     
          80          82  0.982967694199180     
          80          83  0.983104854993700     
           4          84  0.968341009318650     
          14          85  0.968493585804711     
          19          86  0.580266538880936     
          20          86  0.351395646702993     
          86          87   1.37540538621238     
          86          88   1.36643616034614     
          87          89   1.40484316434239     
          87          90  0.960707674347971     
          88          91   1.42799141317991     
          88          92  0.957472373277058     
          89          93  0.929555473194158     
          89          94   1.39421466518021     
          91          94   1.38603045714871     
          91          95  0.955589792690063     
          94          96  0.963389267538729     
