           1           2   1.45124044067684     
           2           3   1.37431449477161     
           3           4  0.946271037495940     
           1           5  0.101184880040739     
           3           5   1.42590560621823     
           2           6  0.117926628231361     
           5           6   1.40976041063457     
           1           7   1.42929653136485     
           6           7   1.44276048900113     
           1           8  0.966417470361850     
           2           9  0.964286007983451     
           6          10  0.961222408094796     
           7          11  0.966590493566445     
