   -0.12161993
    0.08199807
   -0.03871643
   -0.01991704
   -0.04239739
    0.04773378
    0.05506746
    0.06081310
    0.05361207
    0.07935571
   -0.13000146
    0.04105399
   -0.04407326
   -0.02209681
   -0.04053647
    0.05254790
    0.05587387
    0.07835845
   -0.16240447
    0.10103726
    0.40604508
   -0.40645463
    0.12985945
   -0.12241257
    0.05416451
    0.04638302
    0.05256941
   -0.11032405
    0.04945637
    0.04264025
    0.02721083
    0.13028069
   -0.40067159
   -0.12208024
    0.05195838
    0.04754998
    0.05062630
   -0.12102637
    0.04752874
    0.05443265
    0.04668456
    0.40338618
   -0.38062931
    0.12810167
   -0.12732482
    0.05562232
    0.05760622
    0.05131999
   -0.12291841
    0.05048309
    0.04771213
    0.05227434
    0.12747818
   -0.38162663
   -0.12554725
    0.05515769
    0.05499348
    0.04987722
   -0.12460040
    0.04389817
    0.05486145
    0.05087672
    0.40331965
   -0.37788185
    0.12472359
   -0.13209015
    0.05985983
    0.05496013
    0.05193992
   -0.12990190
    0.06116607
    0.05193726
    0.05229985
    0.12689354
   -0.37701455
   -0.12529869
    0.05222620
    0.05486931
    0.05603944
   -0.12264352
    0.04056052
    0.04980278
    0.05591680
    0.05900539
    0.05568066
   -0.05151761
    0.09092469
   -0.07878584
   -0.23734030
    0.10922209
    0.12981918
    0.04794089
   -0.30923516
   -0.13542139
    0.07184441
    0.07756556
    0.07750199
