           1           2   1.32182191510047     
           2           3   1.35227599547488     
           3           4   1.47977116817878     
           4           5   1.38878919617563     
           1           6   1.38928005299331     
           3           6  0.106375632997001     
           5           6   1.45772426749513     
           6           7  0.956648898906241     
           5           8  0.967798367794641     
           3           9  0.960953029608050     
           2          10   1.08443022063621     
          10          11   1.31181245695290     
          11          12   1.38688974506822     
          12          13   1.45423188995856     
          13          14   1.39198416268942     
          10          15   1.35849971188890     
          12          15  0.104939882520427     
          14          15   1.47355300105049     
          15          16  0.960912633640881     
          13          17  0.968350376985276     
          12          18  0.946597665656414     
           1          19  0.436156667894954     
          11          19  0.428167220767899     
          19          20  0.558814640554406     
          19          21  0.736157740355545     
          21          22   1.09823007723359     
          22          23  0.940415937547948     
          23          24  0.996644165193134     
          24          25  0.982564252550920     
          24          26  0.983439583521926     
          24          27  0.983042615046227     
          23          28  0.990366587556279     
          28          29  0.983816361639072     
          28          30  0.983920639279043     
          28          31  0.985067412189680     
          23          32  0.940999682184868     
          21          33   1.11555313295337     
          32          33  0.937171402865236     
          32          34  0.991033296962189     
          34          35  0.981407183417820     
          34          36  0.983444296595847     
          34          37  0.981898418209395     
          32          38  0.997123562524910     
          38          39  0.983020595977616     
          38          40  0.982698903525828     
          38          41  0.983557015022840     
          19          42  0.859856142349446     
          42          43   1.12099592388251     
          43          44  0.934052424857478     
          44          45  0.997016046915804     
          45          46  0.982211075106977     
          45          47  0.981729255227213     
          45          48  0.982886493168676     
          44          49  0.991066442314729     
          49          50  0.983231530072495     
          49          51  0.982067643010953     
          49          52  0.979968127019477     
          44          53  0.939442000229081     
          42          54   1.11118437137919     
          53          54  0.932498996977772     
          53          55  0.996563340028072     
          55          56  0.982240945647479     
          55          57  0.982669046996533     
          55          58  0.982948596630135     
          53          59  0.991531656799100     
          59          60  0.982534411206436     
          59          61  0.982835820627450     
          59          62  0.983036351537286     
          19          63  0.858313263883421     
          63          64   1.11145254061604     
          64          65  0.935615556058377     
          65          66  0.991256869232952     
          66          67  0.978767321681672     
          66          68  0.982466389047120     
          66          69  0.982882310569179     
          65          70  0.996775908447602     
          70          71  0.981874276860169     
          70          72  0.983218296799066     
          70          73  0.982234358571700     
          65          74  0.938319338182563     
          63          75   1.12533078406538     
          74          75  0.933747923852816     
          74          76  0.996131226216809     
          76          77  0.982765650190740     
          76          78  0.982074375437570     
          76          79  0.981225248617469     
          74          80  0.991331156337645     
          80          81  0.984023712461159     
          80          82  0.983067514866696     
          80          83  0.983076954676638     
           4          84  0.968052943907996     
          14          85  0.968274622528708     
          19          86  0.608222866161939     
          20          86  0.332821347776437     
          86          87   1.41370417607168     
          86          88   1.26636477913729     
          87          89   1.02642515346903     
          87          90   1.15832063413324     
          87          91  0.107124315449441     
          88          91   1.56040945763184     
          89          91   1.11681728019675     
          88          92  0.967546181111292     
          90          93   2.71563412174080     
          91          94   1.03016194926047     
          94          95  0.981598238466992     
          94          96  0.965611255205452     
          94          97  0.964082495035064     
