   -0.11667155
    0.08058524
   -0.04166868
   -0.02209108
   -0.04295161
    0.04766244
    0.05265592
    0.05781937
    0.04852607
    0.07891313
   -0.12176013
    0.04311691
   -0.04509725
   -0.02455337
   -0.04587503
    0.04755833
    0.05140805
    0.07176504
   -0.15464523
    0.10094668
    0.40344815
   -0.40891869
    0.13012834
   -0.12217798
    0.05415303
    0.04621656
    0.05123122
   -0.11010883
    0.04871755
    0.04187900
    0.02851876
    0.13036290
   -0.39908896
   -0.12126914
    0.05023669
    0.04764866
    0.05061507
   -0.12044491
    0.04773966
    0.05369161
    0.04621444
    0.40226369
   -0.38266941
    0.12832622
   -0.12479306
    0.04898715
    0.05897937
    0.05126506
   -0.12318603
    0.04977912
    0.04611169
    0.05445607
    0.12801600
   -0.38351866
   -0.12464127
    0.05552991
    0.05403297
    0.04942444
   -0.11996981
    0.03865965
    0.05365579
    0.04944680
    0.39941231
   -0.37767890
    0.12475888
   -0.13058878
    0.05910629
    0.05287979
    0.05099033
   -0.12987659
    0.06034565
    0.05151097
    0.05228770
    0.12662401
   -0.37976287
   -0.12508369
    0.05170200
    0.05478079
    0.05482201
   -0.12331321
    0.04011213
    0.05113248
    0.05551796
    0.05537051
    0.05185600
   -0.05382195
    0.10026619
   -0.08296106
    0.05182084
   -0.25247974
    0.13122097
    0.06149280
   -0.32146424
   -0.08813642
    0.22621832
   -0.29033581
    0.06194007
   -0.13920906
    0.02510859
    0.08997699
    0.08537908
    0.07083170
    0.07894267
    0.04243053
    0.05128173
