           1           2   1.31298866252896     
           2           3   1.35141995359175     
           3           4   1.48084801475772     
           4           5   1.38458646318801     
           1           6   1.38705270746763     
           3           6  0.105773585551494     
           5           6   1.45955539298592     
           6           7  0.956557054414618     
           5           8  0.968218685813103     
           3           9  0.961680466625496     
           2          10   1.08792628106703     
          10          11   1.30751294699211     
          11          12   1.39195067586320     
          12          13   1.45303924636281     
          13          14   1.38919222590776     
          10          15   1.35566934297436     
          12          15  0.104902116898062     
          14          15   1.47547198970144     
          15          16  0.961582987363710     
          13          17  0.968920082813159     
          12          18  0.948431933249813     
           1          19  0.446514102672339     
          11          19  0.435084537385486     
          19          20  0.538022360442332     
          19          21  0.737623052467853     
          21          22   1.09100173802991     
          22          23  0.941815849896550     
          23          24  0.996573678230401     
          24          25  0.982608740405857     
          24          26  0.983491219501497     
          24          27  0.983193125729554     
          23          28  0.990124575736978     
          28          29  0.983865939405189     
          28          30  0.984014698527435     
          28          31  0.985466708107822     
          23          32  0.940855499157531     
          21          33   1.11715796179992     
          32          33  0.938084396990012     
          32          34  0.990927325935886     
          34          35  0.982171699328947     
          34          36  0.983536139671707     
          34          37  0.982252773873600     
          32          38  0.996858553109045     
          38          39  0.983138148659118     
          38          40  0.982639593914423     
          38          41  0.983590132461444     
          19          42  0.857745070752947     
          42          43   1.11572198607052     
          43          44  0.935740950232833     
          44          45  0.997068542651398     
          45          46  0.980136883368715     
          45          47  0.981376243341139     
          45          48  0.982951622527758     
          44          49  0.990798437528477     
          49          50  0.983226499655087     
          49          51  0.982059248009611     
          49          52  0.979188907586577     
          44          53  0.938902860133272     
          42          54   1.11077517908610     
          53          54  0.934085033570458     
          53          55  0.996200987955483     
          55          56  0.982180031188711     
          55          57  0.982791901190396     
          55          58  0.983025737755958     
          53          59  0.991638695528038     
          59          60  0.982119618600223     
          59          61  0.982926223115617     
          59          62  0.982973271773477     
          19          63  0.860323402452749     
          63          64   1.11063625393926     
          64          65  0.937954719236577     
          65          66  0.991135137971087     
          66          67  0.978280051307014     
          66          68  0.982666031993954     
          66          69  0.982896553101378     
          65          70  0.996299192448530     
          70          71  0.981958479200597     
          70          72  0.983343733746141     
          70          73  0.982211115812303     
          65          74  0.937841692655304     
          63          75   1.12124600498766     
          74          75  0.934749368576705     
          74          76  0.996109966866147     
          76          77  0.982738652215810     
          76          78  0.982179265913427     
          76          79  0.981457654152964     
          74          80  0.991432723512559     
          80          81  0.983747685499277     
          80          82  0.983055249036416     
          80          83  0.983097443370204     
           4          84  0.968511275784949     
          14          85  0.968705913087343     
          19          86  0.575759071131359     
          20          86  0.341793222459481     
          86          87   1.33222159027985     
          86          88   1.39971674955982     
          87          89   1.26893041700913     
          87          90   1.03080334438969     
          88          91   1.35270674959289     
          88          92  0.955765516479814     
          89          93   1.16627811185449     
          90          93  0.111222871220019     
          86          94  0.101228591580693     
          89          94   1.35672338900975     
          91          94   1.38311540124424     
          90          95   1.10329355559912     
          93          95   1.61534153783584     
          91          96   1.04955702001899     
          94          97  0.964898351360160     
          95          98   1.03050142274806     
          96          99  0.977842812260089     
          98         100  0.978197026064473     
          98         101  0.959030363694933     
          98         102  0.966087902874396     
          99         103  0.977197627098020     
          99         104  0.971812619968561     
          99         105  0.976925450381930     
