   -0.12343850
    0.07322694
   -0.04446026
   -0.02407724
   -0.04541897
    0.04729372
    0.05368907
    0.05264204
    0.04312883
    0.06962953
   -0.12853089
    0.04186635
   -0.04660331
   -0.02675341
   -0.04642885
    0.04179506
    0.04728620
    0.07547884
   -0.15642911
    0.10121386
    0.40445889
   -0.40951191
    0.13014646
   -0.12100918
    0.05323889
    0.04392256
    0.05097624
   -0.10769371
    0.04624579
    0.04057322
    0.02614517
    0.13105306
   -0.40620924
   -0.12018190
    0.04989919
    0.04524702
    0.05007286
   -0.11925559
    0.04539278
    0.05305388
    0.04452684
    0.40759726
   -0.37152167
    0.12784495
   -0.12537946
    0.05681562
    0.05468844
    0.04832758
   -0.12189651
    0.04708953
    0.04859134
    0.05092239
    0.12756021
   -0.38561435
   -0.12331246
    0.05177079
    0.05209869
    0.04731790
   -0.12036329
    0.04402594
    0.04921474
    0.04664330
    0.40400428
   -0.37323259
    0.12461238
   -0.13166998
    0.06292062
    0.05473887
    0.04941709
   -0.12847337
    0.06038058
    0.04960907
    0.05092691
    0.12650848
   -0.37774371
   -0.12442409
    0.04952839
    0.05193767
    0.05790377
   -0.12115618
    0.04001079
    0.04703527
    0.05333130
    0.04899715
    0.04511656
   -0.03786332
   -0.04530476
    0.05181082
   -0.05778136
    0.01631873
   -0.31357569
    0.02602889
   -0.01922034
    0.02188725
    0.14575405
   -0.14799951
   -0.11322852
   -0.13500972
    0.19473461
    0.04342146
    0.04612414
    0.04616111
    0.07404434
    0.06919308
    0.06560327
