           1           2   1.30301371272507     
           2           3   1.34283395265157     
           3           4   1.48918482216657     
           4           5   1.37386395558095     
           1           6   1.38432143526630     
           3           6  0.106206857976756     
           5           6   1.46554988904417     
           6           7  0.956914704240626     
           5           8  0.968837871393559     
           3           9  0.962100037707500     
           2          10   1.09971919118337     
          10          11   1.29527864122756     
          11          12   1.38047030639331     
          12          13   1.46367425017513     
          13          14   1.37598296702276     
          10          15   1.34716352015519     
          12          15  0.105365416698830     
          14          15   1.48396539923930     
          15          16  0.962085628116583     
          13          17  0.969339933825942     
          12          18  0.947014619568108     
           1          19  0.457725951520336     
          11          19  0.437065524283993     
          19          20  0.533167708031937     
          19          21  0.721825694883342     
          21          22   1.08918360572180     
          22          23  0.943476861163397     
          23          24  0.996347842665510     
          24          25  0.982795854835845     
          24          26  0.983730121842047     
          24          27  0.983280532173882     
          23          28  0.989725573361987     
          28          29  0.984257200992095     
          28          30  0.984179706245813     
          28          31  0.984821573888498     
          23          32  0.941192351957395     
          21          33   1.10473610785261     
          32          33  0.940369469249547     
          32          34  0.990682872795563     
          34          35  0.982484918615967     
          34          36  0.983718393363271     
          34          37  0.981788219006314     
          32          38  0.996743093096384     
          38          39  0.983272654789254     
          38          40  0.982857870057547     
          38          41  0.983893781418632     
          19          42  0.855994396225840     
          42          43   1.13084680933752     
          43          44  0.939715714911444     
          44          45  0.995581152492465     
          45          46  0.980754183794174     
          45          47  0.982275808131557     
          45          48  0.983499894187411     
          44          49  0.990264264544338     
          49          50  0.983696690490639     
          49          51  0.982505584986124     
          49          52  0.979761126989201     
          44          53  0.937534558450086     
          42          54   1.09615623026674     
          53          54  0.937654088673688     
          53          55  0.995518845674333     
          55          56  0.982712401934542     
          55          57  0.983087691598966     
          55          58  0.983479914224678     
          53          59  0.991137457869564     
          59          60  0.979410220320569     
          59          61  0.983553132434485     
          59          62  0.983621760838897     
          19          63  0.868832898560280     
          63          64   1.11555347495537     
          64          65  0.937994183520624     
          65          66  0.990833796362703     
          66          67  0.978498217905439     
          66          68  0.981928735501037     
          66          69  0.983486778041452     
          65          70  0.996646921024755     
          70          71  0.982157792433596     
          70          72  0.983630169981353     
          70          73  0.982559186291321     
          65          74  0.937687365005802     
          63          75   1.11544779851247     
          74          75  0.938167813296698     
          74          76  0.995420781849256     
          76          77  0.983404860392897     
          76          78  0.982851455516645     
          76          79  0.981334279879992     
          74          80  0.990596265595124     
          80          81  0.984473865081075     
          80          82  0.983438323384958     
          80          83  0.983610311894100     
           4          84  0.969192200272470     
          14          85  0.969414625636616     
          19          86  0.585430387728857     
          20          86  0.347218224411047     
          86          87   1.43554630273847     
          86          88   1.28740268330402     
          87          89   1.37897924786126     
          87          90  0.963351710190572     
          88          91   1.19887949883274     
          88          92   1.26330980149008     
          89          93   1.45095465340208     
          92          93   1.31285979416473     
          89          94  0.968383821488771     
          91          95   1.56566766923353     
          91          96  0.110378293538905     
          92          96   1.15093142125163     
          95          96   1.19756543251125     
          93          97   1.02037537159293     
          95          98   1.02765090204669     
          96          99  0.931474619483442     
          97         100  0.985585907934162     
          97         101  0.974851225965676     
          97         102  0.973595656353476     
          98         103  0.979137456886320     
          98         104  0.966296374535786     
          98         105  0.969003622750223     
