           1           2   1.11980531484713     
           1           3  0.143571086666403     
           2           3   1.11180836558904     
           3           4   1.02869155775327     
           3           5   1.58338710126312     
           1           6   1.62043981734558     
           5           6   1.28404772273763     
           1           7  0.966864898735391     
           4           8  0.982049632734236     
           4           9  0.969137309937412     
           4          10  0.969329258145062     
           5          11  0.975016916145675     
           6          12  0.974749801520318     
