   -0.13617603
    0.07274737
   -0.04665331
   -0.02106453
   -0.04278952
    0.04695850
    0.08216393
    0.05587215
    0.04518659
    0.07288974
   -0.13282208
    0.05250606
   -0.04039929
   -0.02111630
   -0.04757920
    0.04393779
    0.05209120
    0.07148232
   -0.15505886
    0.10575102
    0.40022694
   -0.40468943
    0.13043676
   -0.12307885
    0.05363292
    0.04566441
    0.05477109
   -0.10978003
    0.04687672
    0.04667240
    0.02480772
    0.13159563
   -0.41766681
   -0.11548847
    0.04455703
    0.04802359
    0.04347117
   -0.11550231
    0.03854337
    0.05011931
    0.04549102
    0.40214192
   -0.37839812
    0.12863712
   -0.12046998
    0.04527671
    0.05021823
    0.05290166
   -0.12358314
    0.04923004
    0.05558177
    0.05126879
    0.12871074
   -0.39181688
   -0.11958717
    0.04366611
    0.04665311
    0.05078971
   -0.12304938
    0.05100191
    0.05050383
    0.05268060
    0.41118238
   -0.37403607
    0.12640337
   -0.12410622
    0.04607404
    0.05296351
    0.05208805
   -0.12812136
    0.05566672
    0.04916678
    0.05642791
    0.13001771
   -0.38943620
   -0.12791749
    0.05243146
    0.05897917
    0.05432908
   -0.12690851
    0.04996552
    0.04860817
    0.04999559
    0.05203058
    0.05151714
   -0.03325677
   -0.03195247
    0.05501697
   -0.04608237
    0.02699362
   -0.08555494
   -0.01134389
   -0.04608026
    0.02995507
    0.40756688
    0.05800269
   -0.00820183
    0.03888628
   -0.47686475
   -0.28508359
   -0.05062506
   -0.03660740
    0.12038129
   -0.03830737
    0.05281701
   -0.04249933
    0.04275108
   -0.12902257
   -0.12577401
    0.05527505
    0.04635680
    0.04309323
    0.06419788
    0.06304349
    0.06614346
    0.05855431
    0.06279226
    0.04913865
