           1           2   1.32860196224358     
           2           3   1.35818631725462     
           3           4   1.47139691702993     
           4           5   1.40000664421694     
           1           6   1.40744754272808     
           3           6  0.106192176005430     
           5           6   1.44345970419122     
           6           7  0.948650862177776     
           5           8  0.968525771710374     
           3           9  0.962823100034795     
           2          10   1.07630724362346     
          10          11   1.32817219977771     
          11          12   1.40347868347541     
          12          13   1.44414973209424     
          13          14   1.39996294668041     
          10          15   1.35778663999206     
          12          15  0.105754064842859     
          14          15   1.47025069060252     
          15          16  0.962877701386791     
          13          17  0.968868791657257     
          12          18  0.948728937165006     
           1          19  0.375549478986002     
          11          19  0.362905665127895     
          19          20  0.492000059649394     
          19          21  0.761647195329790     
          21          22   1.09366884369224     
          22          23  0.941993655067284     
          23          24  0.996277061787111     
          24          25  0.982215605048245     
          24          26  0.983450673112426     
          24          27  0.982693122445558     
          23          28  0.990339904891487     
          28          29  0.983856070983703     
          28          30  0.983694848919952     
          28          31  0.982286122824140     
          23          32  0.939513287928859     
          21          33   1.08450513464809     
          32          33  0.945650724519258     
          32          34  0.990754360231635     
          34          35  0.984049702610183     
          34          36  0.983451773959428     
          34          37  0.981923107224496     
          32          38  0.995047764864981     
          38          39  0.982901939985215     
          38          40  0.983233129792475     
          38          41  0.984059478939882     
          19          42  0.871148152924698     
          42          43   1.13355702909840     
          43          44  0.939248578263435     
          44          45  0.990322853737967     
          45          46  0.981043388625394     
          45          47  0.981271010956953     
          45          48  0.983417762388305     
          44          49  0.995603766818381     
          49          50  0.983473100677428     
          49          51  0.982709634156308     
          49          52  0.980892097209117     
          44          53  0.939188012449485     
          42          54   1.08651190105952     
          53          54  0.936388121064129     
          53          55  0.990495797692970     
          55          56  0.983331636980386     
          55          57  0.982632806972128     
          55          58  0.982940333392432     
          53          59  0.997065217569478     
          59          60  0.978590128699674     
          59          61  0.983032317683763     
          59          62  0.982756159818373     
          19          63  0.894808768619823     
          63          64   1.09385235443371     
          64          65  0.937117410274342     
          65          66  0.990999973586001     
          66          67  0.981551885113972     
          66          68  0.982613374281687     
          66          69  0.983282854262915     
          65          70  0.995251743670623     
          70          71  0.982922808520847     
          70          72  0.983362053005177     
          70          73  0.982092233541963     
          65          74  0.939965757407122     
          63          75   1.09850728327898     
          74          75  0.935716325882963     
          74          76  0.998257040200121     
          76          77  0.982452600840837     
          76          78  0.982076018260132     
          76          79  0.977313807108492     
          74          80  0.989299212956234     
          80          81  0.978143702262594     
          80          82  0.983184393166862     
          80          83  0.983847965941054     
           4          84  0.968642193896733     
          14          85  0.968707420242858     
          19          86  0.573976393084111     
          20          86  0.378499033953720     
          86          87   1.39333429318326     
          86          88   1.34475204502659     
          87          89   1.41269080960786     
          87          90  0.964281358765815     
          88          91   1.05125541933024     
          88          92   1.28711112712564     
          89          93   1.45317686694435     
          92          93   1.36720120459104     
          89          94  0.969749802115421     
          91          95   1.10860950020753     
          91          96   1.06280456483512     
          92          97   1.11794394309877     
          96          97   1.28134432032110     
          93          98  0.967718266478635     
          91          99  0.107778427029747     
          95          99   1.61789450650874     
          95         100   1.12169531628849     
          99         100  0.145169984704619     
          96         101   1.38690379611867     
          97         102   1.37829829304610     
         101         102  0.104906989353234     
         100         103  0.896880171973785     
         101         104   1.44510878458357     
         101         105  0.961988035797437     
         102         106   1.45792758163632     
         104         106   1.41585246487103     
         102         107  0.968055958231149     
         103         108   1.00746514402878     
         103         109   1.00385829962532     
         103         110  0.951986488570017     
         104         111  0.970332844935557     
         106         112  0.970296130307430     
         108         113  0.983336872624057     
         108         114  0.981044639083582     
         108         115  0.981069820170932     
         109         116  0.984473530089511     
         109         117  0.981988916437664     
         109         118  0.984696369559279     
