   -0.12275534
    0.07655837
   -0.04254346
   -0.02113560
   -0.04239345
    0.04921209
    0.05282466
    0.05887754
    0.05040887
    0.07207597
   -0.12812263
    0.04219037
   -0.04333692
   -0.02377102
   -0.04489101
    0.04923438
    0.05545988
    0.07876530
   -0.15746759
    0.09702820
    0.40719737
   -0.40590796
    0.12995557
   -0.12177801
    0.05347047
    0.04590726
    0.05278278
   -0.11015805
    0.04914358
    0.04348022
    0.02734718
    0.13133535
   -0.40653969
   -0.12155779
    0.05275235
    0.04648876
    0.04905426
   -0.12019112
    0.04667487
    0.05352065
    0.04665324
    0.41036365
   -0.38674735
    0.13064226
   -0.12216022
    0.05373217
    0.05221371
    0.04948726
   -0.11989676
    0.04880463
    0.04621930
    0.05056867
    0.12854513
   -0.38565916
   -0.12394354
    0.05151534
    0.05509208
    0.04855837
   -0.12320637
    0.04720478
    0.05081357
    0.05215690
    0.40897893
   -0.38194417
    0.12731144
   -0.12292156
    0.05358835
    0.05031586
    0.04879782
   -0.12793649
    0.06000686
    0.05058734
    0.05253120
    0.12775548
   -0.38217675
   -0.12356452
    0.05112202
    0.05391051
    0.05465761
   -0.12187621
    0.04061189
    0.05009741
    0.05539097
    0.05661484
    0.05344501
   -0.05085034
   -0.02924623
    0.07768826
   -0.04536634
    0.04278704
   -0.04507471
   -0.17718265
    0.07178678
