           1           2   1.31451571786329     
           2           3   1.35046710082515     
           3           4   1.48141773931938     
           4           5   1.38540728184352     
           1           6   1.38915364294299     
           3           6  0.105926178291527     
           5           6   1.45866672604531     
           6           7  0.956952467220224     
           5           8  0.968085063955242     
           3           9  0.961355634247012     
           2          10   1.08980495316459     
          10          11   1.30568749208701     
          11          12   1.38466624338962     
          12          13   1.45639821429195     
          13          14   1.38816559182291     
          10          15   1.35601577568045     
          12          15  0.104749575694981     
          14          15   1.47544715956531     
          15          16  0.961324730575700     
          13          17  0.968437175712195     
          12          18  0.946301857717015     
           1          19  0.439945629792335     
          11          19  0.430701136197818     
          19          20  0.564843716042483     
          19          21  0.729460745525091     
          21          22   1.09984487270218     
          22          23  0.940125281923358     
          23          24  0.996635686366613     
          24          25  0.982605680900063     
          24          26  0.983417548632041     
          24          27  0.983017646100358     
          23          28  0.990463619354086     
          28          29  0.983882418452253     
          28          30  0.983907905373364     
          28          31  0.984942808492886     
          23          32  0.941123985881580     
          21          33   1.10952912996328     
          32          33  0.936760154868596     
          32          34  0.991181126859226     
          34          35  0.980537411725172     
          34          36  0.983442552117696     
          34          37  0.981816699134502     
          32          38  0.997268452324815     
          38          39  0.983053494516053     
          38          40  0.982629252899651     
          38          41  0.983550179116779     
          19          42  0.855742085308667     
          42          43   1.12244865977011     
          43          44  0.935588955301040     
          44          45  0.996252819254386     
          45          46  0.981738013298422     
          45          47  0.982074487364252     
          45          48  0.983042256792920     
          44          49  0.991248469974388     
          49          50  0.983253365526608     
          49          51  0.982910013122007     
          49          52  0.980128386910138     
          44          53  0.937861293122170     
          42          54   1.10431326645164     
          53          54  0.933278642563432     
          53          55  0.995559473855427     
          55          56  0.982639797883621     
          55          57  0.982617681756969     
          55          58  0.983045516590670     
          53          59  0.992367928365001     
          59          60  0.980409376561611     
          59          61  0.982974431484971     
          59          62  0.982709442620892     
          19          63  0.854597039081265     
          63          64   1.10697417985230     
          64          65  0.937107959025564     
          65          66  0.991274110776093     
          66          67  0.979549724080281     
          66          68  0.982579602923553     
          66          69  0.983158801126684     
          65          70  0.996512172878769     
          70          71  0.982049091057883     
          70          72  0.983397176088698     
          70          73  0.982270870961663     
          65          74  0.938309518386060     
          63          75   1.11862665054450     
          74          75  0.934393824084096     
          74          76  0.996164076366033     
          76          77  0.982762521016200     
          76          78  0.982088019434219     
          76          79  0.982194047232980     
          74          80  0.991364106883449     
          80          81  0.984050732418417     
          80          82  0.983105759891216     
          80          83  0.983122549788634     
           4          84  0.968361608485279     
          14          85  0.968554693629720     
          19          86  0.575216185869720     
          20          86  0.321761398224647     
          86          87   1.59834353288634     
          86          88   1.20034628847221     
          87          89   1.13437159302373     
          87          90  0.966854840123172     
          87          91  0.111005900888863     
          88          91   1.59501214357056     
          89          91   1.17974819259935     
          88          92  0.956778197807945     
          91          93  0.966268394878308     
