   -0.12601078
    0.07627739
   -0.04459625
   -0.02171025
   -0.04356587
    0.04611487
    0.06801985
    0.05477948
    0.04505666
    0.07220641
   -0.13213536
    0.04379238
   -0.04392036
   -0.02409214
   -0.04698724
    0.04492328
    0.05155926
    0.08093277
   -0.15316328
    0.09137792
    0.40065951
   -0.41310750
    0.13054844
   -0.12060532
    0.05098524
    0.04446288
    0.05152262
   -0.10764272
    0.04624049
    0.04042731
    0.02590413
    0.13096284
   -0.40488488
   -0.11951916
    0.04559325
    0.04756035
    0.04964410
   -0.11894563
    0.04510211
    0.05308467
    0.04483183
    0.40110405
   -0.38586614
    0.12933772
   -0.12335447
    0.05259550
    0.05259934
    0.04839057
   -0.12277314
    0.04576752
    0.04711645
    0.05286911
    0.12708990
   -0.37994244
   -0.12285551
    0.05231034
    0.05335573
    0.04604290
   -0.12847042
    0.05929747
    0.04767208
    0.04837470
    0.40149027
   -0.38737454
    0.12615614
   -0.12725258
    0.05374801
    0.05990836
    0.05034034
   -0.12391657
    0.05234852
    0.05304481
    0.04138948
    0.12751551
   -0.37183414
   -0.12203261
    0.05345344
    0.05069085
    0.04633091
   -0.12302575
    0.04812648
    0.05478726
    0.05148705
    0.05107823
    0.04878276
   -0.02821284
   -0.02930491
   -0.00166961
   -0.03919211
    0.02603128
   -0.03305082
    0.09504447
   -0.04160261
    0.02682115
    0.04775847
   -0.25229654
   -0.04884390
    0.03443091
    0.05556661
   -0.01282856
    0.05411309
   -0.04952655
    0.03645039
    0.03896027
    0.04376499
