           1           2   1.31995426783462     
           2           3   1.35019645350232     
           3           4   1.48020998129985     
           4           5   1.38916535025991     
           1           6   1.39779623565534     
           3           6  0.106205009005010     
           5           6   1.45262761326874     
           6           7  0.952767316586427     
           5           8  0.968624499587988     
           3           9  0.961803744945089     
           2          10   1.08667043697312     
          10          11   1.31115127727211     
          11          12   1.39375856612907     
          12          13   1.45157860980815     
          13          14   1.39067381865768     
          10          15   1.35438906916526     
          12          15  0.105324920437296     
          14          15   1.47526263728317     
          15          16  0.961722619030141     
          13          17  0.968918669783166     
          12          18  0.944963470947285     
           1          19  0.411863427376125     
          11          19  0.401916947744848     
          19          20  0.517374546115931     
          19          21  0.739675241818995     
          21          22   1.07998733130838     
          22          23  0.944659547201829     
          23          24  0.996326734842446     
          24          25  0.982832486969072     
          24          26  0.983668865178155     
          24          27  0.983146291249572     
          23          28  0.989659597619656     
          28          29  0.984184719519544     
          28          30  0.983996570634638     
          28          31  0.983720326902750     
          23          32  0.940688413825533     
          21          33   1.10904781402898     
          32          33  0.941260435801462     
          32          34  0.990888528361659     
          34          35  0.983805128846952     
          34          36  0.983281914897203     
          34          37  0.981407217295324     
          32          38  0.996354492074421     
          38          39  0.983125928210466     
          38          40  0.982909068806227     
          38          41  0.983883992788642     
          19          42  0.874809932553814     
          42          43   1.11842724316257     
          43          44  0.937393725199656     
          44          45  0.997333028155562     
          45          46  0.976682722185520     
          45          47  0.982964692519833     
          45          48  0.983474388725631     
          44          49  0.989731142227070     
          49          50  0.984077082408337     
          49          51  0.983078931647298     
          49          52  0.978093634820545     
          44          53  0.939779168817328     
          42          54   1.11099805755223     
          53          54  0.932355294745926     
          53          55  0.995596180539604     
          55          56  0.982581754613090     
          55          57  0.983073627447489     
          55          58  0.983506903271407     
          53          59  0.992162157903509     
          59          60  0.970969248684851     
          59          61  0.983386339829941     
          59          62  0.983011144930467     
          19          63  0.888598650190999     
          63          64   1.08545337958991     
          64          65  0.939348111827299     
          65          66  0.997387824411446     
          66          67  0.978228103217985     
          66          68  0.982075904476656     
          66          69  0.983054967532187     
          65          70  0.990527747695776     
          70          71  0.982353392666973     
          70          72  0.982830644626860     
          70          73  0.983577424917365     
          65          74  0.939104198517300     
          63          75   1.12974283148997     
          74          75  0.938575480605859     
          74          76  0.990322620204186     
          76          77  0.983256000740586     
          76          78  0.982403267813252     
          76          79  0.980817505553659     
          74          80  0.995212955472495     
          80          81  0.982683665344729     
          80          82  0.982595894926348     
          80          83  0.983388235238187     
           4          84  0.968884518982359     
          14          85  0.968964147336801     
          19          86  0.572683499016681     
          20          86  0.365749787675333     
          86          87   1.38796328492943     
          86          88   1.34316485170404     
          87          89   1.43957173684435     
          87          90  0.961247829763695     
          87          91  0.103224540957331     
          88          91   1.37876651285511     
          88          92   1.03803394125245     
          89          93   1.42054168225286     
          91          93   1.45025508307209     
          89          94  0.969908970213212     
          91          95  0.964431394825477     
          92          96   1.38587463078106     
          92          97   1.36201848627787     
          93          98  0.969421479758993     
          96          99   1.43525673558353     
          97          99  0.111252505710046     
          97         100   1.46275373139819     
          97         101  0.959662192806794     
          92         102  0.105042786168123     
          99         102   1.42835327062984     
         100         102   1.42203165973870     
          99         103  0.961595425157786     
         100         104  0.964122339870978     
         102         105  0.969797777689102     
