   -0.12571275
    0.08141145
   -0.04038750
   -0.02154211
   -0.04284192
    0.04811060
    0.05188129
    0.05533239
    0.04566327
    0.07578061
   -0.11994368
    0.04473149
   -0.04476988
   -0.02408530
   -0.04578722
    0.04800985
    0.04897094
    0.06735204
   -0.15409639
    0.09094688
    0.40125455
   -0.40852491
    0.13043653
   -0.12142104
    0.05375670
    0.04548265
    0.05054517
   -0.11032770
    0.04773784
    0.04199157
    0.02948617
    0.13092159
   -0.40267002
   -0.11986325
    0.04936682
    0.04689107
    0.04890970
   -0.11918508
    0.04698585
    0.05213980
    0.04542132
    0.40593260
   -0.38007276
    0.12786815
   -0.12645537
    0.05281806
    0.05791945
    0.04968037
   -0.12241880
    0.04840450
    0.04593341
    0.05453083
    0.12745193
   -0.38388919
   -0.12330374
    0.05364683
    0.05274740
    0.04840975
   -0.12295881
    0.04357672
    0.05253445
    0.04871590
    0.39617614
   -0.37630481
    0.12484199
   -0.12933263
    0.05750830
    0.05375212
    0.04887939
   -0.12947308
    0.05986534
    0.05010562
    0.05255116
    0.12637751
   -0.38364549
   -0.12389754
    0.05022047
    0.05278039
    0.05378099
   -0.12337180
    0.04071792
    0.05159824
    0.05400307
    0.05209242
    0.05039392
   -0.03975229
    0.00276208
   -0.04451347
    0.04099398
   -0.10723593
   -0.06634340
    0.06031521
    0.10118873
   -0.31898597
    0.05704418
    0.05384395
    0.04079685
    0.04415131
   -0.25945471
    0.22543218
   -0.14457331
    0.08682665
    0.08382005
    0.08463319
