           1           2   1.30899059543534     
           2           3   1.35450832764544     
           3           4   1.47783250852725     
           4           5   1.38674279859586     
           1           6   1.38822002350833     
           3           6  0.105117800608818     
           5           6   1.45740878096356     
           6           7  0.957201450284472     
           5           8  0.968539957638176     
           3           9  0.962516043009727     
           2          10   1.08604628297864     
          10          11   1.30587587245332     
          11          12   1.39064284390987     
          12          13   1.45418273744704     
          13          14   1.38820591880902     
          10          15   1.35682391389515     
          12          15  0.104881418034739     
          14          15   1.47539703305351     
          15          16  0.962246721717831     
          13          17  0.969204012627112     
          12          18  0.951463755003229     
           1          19  0.421188512846567     
          11          19  0.441633481044968     
          19          20  0.519294339854248     
          19          21  0.730673068703744     
          21          22   1.08918530962766     
          22          23  0.942734829408207     
          23          24  0.996488588342499     
          24          25  0.982584025893868     
          24          26  0.983668743475827     
          24          27  0.983263259235681     
          23          28  0.989733677101462     
          28          29  0.984007632465498     
          28          30  0.983876515016871     
          28          31  0.985464904276270     
          23          32  0.941184406980283     
          21          33   1.11156571843297     
          32          33  0.939323961017263     
          32          34  0.990767690720617     
          34          35  0.982456500967120     
          34          36  0.983687587176776     
          34          37  0.982399580070817     
          32          38  0.996615799711293     
          38          39  0.983111900029151     
          38          40  0.982434730846013     
          38          41  0.983638225482487     
          19          42  0.849012562606018     
          42          43   1.11996629803542     
          43          44  0.936845689651473     
          44          45  0.996077862412307     
          45          46  0.982220299806654     
          45          47  0.981445927073165     
          45          48  0.983205960940045     
          44          49  0.991279059772189     
          49          50  0.983201376887195     
          49          51  0.982738765687723     
          49          52  0.978469159244085     
          44          53  0.936868232780225     
          42          54   1.10804110930145     
          53          54  0.936511852015470     
          53          55  0.995720304167637     
          55          56  0.982046386827785     
          55          57  0.982821571162961     
          55          58  0.983129459903306     
          53          59  0.991789257551451     
          59          60  0.981886834684157     
          59          61  0.983003878293904     
          59          62  0.983148232148597     
          19          63  0.871466156882492     
          63          64   1.11355832057174     
          64          65  0.940248813784341     
          65          66  0.991008982607478     
          66          67  0.978524703711849     
          66          68  0.982567200701415     
          66          69  0.983154305115005     
          65          70  0.995952772195236     
          70          71  0.982025824392922     
          70          72  0.983529427852273     
          70          73  0.982202091899520     
          65          74  0.937163049383781     
          63          75   1.11199921321179     
          74          75  0.936994797951766     
          74          76  0.995729588169103     
          76          77  0.982910675420989     
          76          78  0.982283709855666     
          76          79  0.982306871798261     
          74          80  0.991466937961509     
          80          81  0.983538765830120     
          80          82  0.983077634950939     
          80          83  0.983231780595629     
           4          84  0.968867687066388     
          14          85  0.968909446630529     
          19          86  0.578802949888014     
          20          86  0.358167855055613     
          86          87   1.40843418842290     
          86          88   1.34025227615983     
          87          89   1.30371242332836     
          87          90   1.02458300624600     
          87          91  0.103084393888134     
          88          91   1.47299183716768     
          88          92  0.955417678368185     
          89          93   1.29430348228499     
          91          93   1.35106622763737     
          89          94   1.16151958256480     
          90          95  0.974613512589009     
          90          96  0.971685106492460     
          90          97  0.966901014608517     
          91          98  0.965728258358240     
          93          99   1.04687551673870     
          94          99  0.107336266862402     
          94         100   1.63119965611473     
          99         100   1.08285144407652     
         100         101   1.03285976596366     
         101         102  0.978789869475867     
         101         103  0.961875633498222     
         101         104  0.960487128097018     
