   -0.12388219
    0.08103143
   -0.04173813
   -0.01914434
   -0.04060652
    0.05262955
    0.05629720
    0.06420503
    0.05291942
    0.07815169
   -0.13679882
    0.04217651
   -0.04262182
   -0.02231447
   -0.04311857
    0.05431594
    0.06084621
    0.07586935
   -0.14452525
    0.10122377
    0.41306157
   -0.40096375
    0.12949139
   -0.12384709
    0.05629956
    0.04908065
    0.05422484
   -0.11286684
    0.05288455
    0.04465016
    0.02773265
    0.13104450
   -0.40268652
   -0.12549910
    0.05588474
    0.05006183
    0.05254775
   -0.12202497
    0.04730842
    0.05573838
    0.04988728
    0.40821947
   -0.37879700
    0.12891494
   -0.12845611
    0.05779358
    0.05574864
    0.05406200
   -0.12233319
    0.05151204
    0.05113389
    0.05166824
    0.12773690
   -0.39102873
   -0.12441216
    0.04997279
    0.05363611
    0.05268561
   -0.12879318
    0.05638984
    0.05516597
    0.05315401
    0.40688463
   -0.37989668
    0.12637224
   -0.12968097
    0.05492818
    0.05601840
    0.05424769
   -0.13093185
    0.06287876
    0.05348792
    0.05417741
    0.12743689
   -0.37789365
   -0.12676795
    0.05403552
    0.05565419
    0.05831375
   -0.12385347
    0.03982659
    0.05250938
    0.05787299
    0.06101724
    0.05991338
   -0.06170760
   -0.02688655
    0.17216798
   -0.05205033
    0.48902812
   -0.21596625
   -0.11339545
    0.04099002
    0.06440916
   -0.22664587
   -0.22851807
   -0.20900504
    0.08012964
