           1           2   1.32795854402202     
           2           3   1.35697708456148     
           3           4   1.47414499457472     
           4           5   1.39790297964497     
           1           6   1.39959155726064     
           3           6  0.105798911925227     
           5           6   1.44870045177456     
           6           7  0.956629905516814     
           5           8  0.967441137259193     
           3           9  0.961182769438293     
           2          10   1.08075282966858     
          10          11   1.31278133441549     
          11          12   1.38653230551286     
          12          13   1.45219800678937     
          13          14   1.39607260564263     
          10          15   1.36321084092486     
          12          15  0.104231589879687     
          14          15   1.46875592851468     
          15          16  0.960836990588692     
          13          17  0.967746511846438     
          12          18  0.947822468393611     
           1          19  0.401395812517406     
          11          19  0.415104782290184     
          19          20  0.537985761886620     
          19          21  0.732016938325248     
          21          22   1.11019139374793     
          22          23  0.935800104257348     
          23          24  0.996808101343462     
          24          25  0.982210183900571     
          24          26  0.983029143250937     
          24          27  0.982792317615019     
          23          28  0.990873939946632     
          28          29  0.983378339113295     
          28          30  0.983632324989858     
          28          31  0.984331094074712     
          23          32  0.941219120049635     
          21          33   1.11981434359329     
          32          33  0.931544263408629     
          32          34  0.991767143554930     
          34          35  0.980030789727515     
          34          36  0.982923238971755     
          34          37  0.980575866792337     
          32          38  0.997805820603266     
          38          39  0.982957258589273     
          38          40  0.982089344813988     
          38          41  0.983034482534992     
          19          42  0.830115958480205     
          42          43   1.14100109818627     
          43          44  0.931910846458942     
          44          45  0.995417987084820     
          45          46  0.980542048890288     
          45          47  0.981284605695283     
          45          48  0.982205625588829     
          44          49  0.992483575452031     
          49          50  0.982652684544689     
          49          51  0.982286660217530     
          49          52  0.979363958887065     
          44          53  0.936214984705722     
          42          54   1.10705677950160     
          53          54  0.927512795900864     
          53          55  0.995073588309886     
          55          56  0.982530457897195     
          55          57  0.982605011423200     
          55          58  0.982343935574566     
          53          59  0.994253951220664     
          59          60  0.979648505423277     
          59          61  0.981903487687756     
          59          62  0.982334836306807     
          19          63  0.842148138606582     
          63          64   1.11850314108589     
          64          65  0.931648984699503     
          65          66  0.991645397988904     
          66          67  0.979896425435149     
          66          68  0.981913685739754     
          66          69  0.982631279925193     
          65          70  0.997219667179624     
          70          71  0.981695724635742     
          70          72  0.982895630279881     
          70          73  0.982089794268634     
          65          74  0.939690496544793     
          63          75   1.12531468498273     
          74          75  0.929994198348762     
          74          76  0.996955306560414     
          76          77  0.982276304974835     
          76          78  0.982094992802077     
          76          79  0.981906176415832     
          74          80  0.991528198396831     
          80          81  0.983587409121789     
          80          82  0.982846744818596     
          80          83  0.982807534190286     
           4          84  0.967757872767320     
          14          85  0.967799770873249     
          19          86  0.600252141644313     
          20          86  0.348473682255288     
          86          87   1.36272631934995     
          86          88   1.27570251873879     
          87          89   1.37471430678845     
          87          90  0.950020481584692     
          88          91   1.46814929967581     
          88          92  0.986398717475929     
          89          93   1.44627323746267     
          91          93   1.37870900425595     
          89          94  0.963826899390934     
          90          95  0.930543294635652     
          90          96  0.926388961830432     
          90          97  0.948804000886688     
          93          98  0.958250012824588     
