   -0.12177320
    0.07725338
   -0.04219797
   -0.02280027
   -0.04381337
    0.04851126
    0.05095025
    0.05391297
    0.04466648
    0.07341517
   -0.12509537
    0.04330900
   -0.04463759
   -0.02372506
   -0.04527772
    0.04509248
    0.04932295
    0.07327622
   -0.16072582
    0.08705700
    0.40099681
   -0.41110841
    0.13050920
   -0.12083425
    0.05317522
    0.04431062
    0.05006990
   -0.10828861
    0.04658790
    0.04045207
    0.02762931
    0.13076019
   -0.40414081
   -0.11932563
    0.04810407
    0.04587889
    0.04928577
   -0.11938528
    0.04699222
    0.05246683
    0.04444235
    0.40376777
   -0.38386023
    0.12841999
   -0.12590013
    0.05469063
    0.05599184
    0.04911826
   -0.12155746
    0.04807022
    0.04499509
    0.05275247
    0.12758737
   -0.38362090
   -0.12384706
    0.05341578
    0.05366603
    0.04777986
   -0.12339221
    0.04451826
    0.05202529
    0.04915058
    0.39908036
   -0.37849471
    0.12493133
   -0.13018715
    0.05909951
    0.05328213
    0.04914657
   -0.12875921
    0.05973593
    0.05000757
    0.05156391
    0.12653584
   -0.38208135
   -0.12368154
    0.05000888
    0.05259194
    0.05416383
   -0.12228023
    0.03993247
    0.05019136
    0.05369801
    0.05099254
    0.04895776
   -0.02721800
   -0.04682078
   -0.04407417
    0.05201231
    0.02620562
   -0.06078395
    0.04347120
    0.03112440
   -0.33460309
    0.03148757
   -0.15097417
    0.14895668
    0.19970412
   -0.13858456
    0.07678266
    0.06758049
    0.06822734
