           1           2   1.30874993257123     
           2           3   1.34872159465160     
           3           4   1.48345434788216     
           4           5   1.38041068740764     
           1           6   1.38565821104448     
           3           6  0.105853804247488     
           5           6   1.46202267883729     
           6           7  0.956879805725379     
           5           8  0.968682930638963     
           3           9  0.962190743027964     
           2          10   1.09165461904422     
          10          11   1.30486284160799     
          11          12   1.38759226792744     
          12          13   1.45756267034198     
          13          14   1.38402507297122     
          10          15   1.35201975549746     
          12          15  0.105475041457808     
          14          15   1.47984682314798     
          15          16  0.962067795492921     
          13          17  0.969139052554809     
          12          18  0.948430611230428     
           1          19  0.444336174762304     
          11          19  0.433778094671999     
          19          20  0.525689134837581     
          19          21  0.729621748488397     
          21          22   1.08640086881711     
          22          23  0.944143593139959     
          23          24  0.996420729080706     
          24          25  0.982769655895747     
          24          26  0.983748549438821     
          24          27  0.983391386796668     
          23          28  0.989590087030804     
          28          29  0.984181113576010     
          28          30  0.984129072178009     
          28          31  0.985451798916558     
          23          32  0.941302118823078     
          21          33   1.10775831755124     
          32          33  0.940604088071072     
          32          34  0.990595601162576     
          34          35  0.982919931107451     
          34          36  0.983841338505570     
          34          37  0.982434155112643     
          32          38  0.996614072020850     
          38          39  0.983252441516721     
          38          40  0.982879878567259     
          38          41  0.983830032003719     
          19          42  0.864240554975989     
          42          43   1.11329132923918     
          43          44  0.937150505232558     
          44          45  0.996481010296851     
          45          46  0.982316337779500     
          45          47  0.981791641796426     
          45          48  0.983244723648467     
          44          49  0.990813433912714     
          49          50  0.983515060529286     
          49          51  0.982833688121746     
          49          52  0.979490452121032     
          44          53  0.938821309700738     
          42          54   1.10465371472817     
          53          54  0.936366523566539     
          53          55  0.996130910498287     
          55          56  0.982503458498229     
          55          57  0.982866689357162     
          55          58  0.983323134637998     
          53          59  0.991057537552452     
          59          60  0.981998871443186     
          59          61  0.983243860911177     
          59          62  0.983257732728633     
          19          63  0.877681051866943     
          63          64   1.11007405165029     
          64          65  0.939759675230833     
          65          66  0.991042374239296     
          66          67  0.978345479113629     
          66          68  0.982662284318073     
          66          69  0.983179534678817     
          65          70  0.996161950431826     
          70          71  0.982092435302026     
          70          72  0.983529816428067     
          70          73  0.982303204935743     
          65          74  0.937216022599127     
          63          75   1.11320236932359     
          74          75  0.937906859413944     
          74          76  0.995457232553578     
          76          77  0.983108135165884     
          76          78  0.982504968821509     
          76          79  0.981940831331856     
          74          80  0.991124063817349     
          80          81  0.983773555377644     
          80          82  0.983222454869028     
          80          83  0.983386369180930     
           4          84  0.968990400684112     
          14          85  0.969035646322886     
          19          86  0.581955890057551     
          20          86  0.353808627452758     
          86          87   1.44032367903871     
          86          88   1.33308917878267     
          87          89   1.32855871434715     
          87          90  0.961968559461305     
          87          91  0.106530462117439     
          88          91   1.48469332858159     
          88          92  0.960557442948758     
          89          93   1.25810391891130     
          91          93   1.34111190863981     
          89          94   1.19394222862273     
          91          95  0.966429541427060     
          93          96   1.14951800606457     
          94          96  0.110700465360248     
          94          97   1.55644596507114     
          96          97   1.20750669452824     
          96          98  0.930184872122234     
          97          99   1.02955830914055     
          99         100  0.980344027943348     
          99         101  0.967419855841865     
          99         102  0.966511220002129     
