           1           2   1.35378928373008     
           2           3   1.25079070500379     
           3           4   1.20004268840993     
           4           5   1.55963895010277     
           2           6   1.15687834370624     
           4           6  0.106899229970502     
           5           6   1.20614890102178     
           5           7   1.03142820660616     
           1           8  0.112413188866687     
           3           8   1.34136132753364     
           8           9   1.48830954338426     
           1          10   1.47614350099543     
           9          10   1.38918642023584     
           1          11  0.968114531043724     
           6          12  0.929311848894839     
           7          13  0.979668983165023     
           7          14  0.965638673715405     
           7          15  0.965549841520420     
           8          16  0.968818157649200     
           9          17  0.971376704842813     
          10          18  0.971541872510259     
