   -0.11192792
    0.07877394
   -0.04309489
   -0.02194966
   -0.04369128
    0.04823728
    0.05410991
    0.05750778
    0.05095622
    0.07510534
   -0.12149772
    0.04077693
   -0.04504736
   -0.02559713
   -0.04457907
    0.04941116
    0.05203090
    0.07359729
   -0.15808889
    0.08569909
    0.40476974
   -0.40153266
    0.12898563
   -0.12280893
    0.05443280
    0.04584295
    0.05320732
   -0.11125951
    0.04892029
    0.04394265
    0.02794851
    0.13021091
   -0.40283381
   -0.12312881
    0.05379376
    0.04707324
    0.05036586
   -0.12136271
    0.04703000
    0.05456925
    0.04675171
    0.40425305
   -0.37662673
    0.12805629
   -0.12705996
    0.05789323
    0.05637109
    0.05002719
   -0.12265916
    0.04988108
    0.04892058
    0.05151711
    0.12796167
   -0.38636830
   -0.12500245
    0.05497917
    0.05370090
    0.04948768
   -0.12322951
    0.04868488
    0.05299958
    0.04568427
    0.40496473
   -0.37863491
    0.12500242
   -0.13256042
    0.06101605
    0.05466036
    0.05143751
   -0.12882002
    0.05987841
    0.05142942
    0.05174108
    0.12671011
   -0.37502856
   -0.12536767
    0.05153071
    0.05461638
    0.05691199
   -0.12247281
    0.04108320
    0.05002030
    0.05524413
    0.05540793
    0.05158211
    0.13988174
   -0.25432188
   -0.25171255
    0.07103932
    0.07480902
   -0.06705767
    0.03490954
    0.04267552
    0.04430270
