           1           2   1.31565765938204     
           2           3   1.34813771294942     
           3           4   1.48349255059270     
           4           5   1.38399040864070     
           1           6   1.39041010634916     
           3           6  0.106632646678972     
           5           6   1.45888220775300     
           6           7  0.956717910841632     
           5           8  0.968270865475342     
           3           9  0.962098819114240     
           2          10   1.08900907221525     
          10          11   1.30322277044964     
          11          12   1.38251268792142     
          12          13   1.45945433744376     
          13          14   1.38454525298023     
          10          15   1.35495415747990     
          12          15  0.105330376198166     
          14          15   1.47689744336543     
          15          16  0.962098588582406     
          13          17  0.968820803160871     
          12          18  0.947251610989888     
           1          19  0.449788651073115     
          11          19  0.437315708825973     
          19          20  0.514038572695634     
          19          21  0.731707918259594     
          21          22   1.09906700608839     
          22          23  0.940716271335953     
          23          24  0.996433966976377     
          24          25  0.982478164409500     
          24          26  0.983591636823327     
          24          27  0.982969884175200     
          23          28  0.990166932982138     
          28          29  0.983939777245110     
          28          30  0.983911254605469     
          28          31  0.984977350086050     
          23          32  0.940849324102554     
          21          33   1.11288773252129     
          32          33  0.936782335338411     
          32          34  0.991077058150326     
          34          35  0.980716427921981     
          34          36  0.983509917631991     
          34          37  0.982098730961017     
          32          38  0.997242972614166     
          38          39  0.983029131301121     
          38          40  0.982695143987042     
          38          41  0.983607547062400     
          19          42  0.851461332657371     
          42          43   1.12897565803052     
          43          44  0.934738053100976     
          44          45  0.996726179765641     
          45          46  0.981988851480257     
          45          47  0.981961602548416     
          45          48  0.983053209601803     
          44          49  0.990579827521345     
          49          50  0.983458477564348     
          49          51  0.982387187493329     
          49          52  0.980632492089946     
          44          53  0.939871523602357     
          42          54   1.10170985398022     
          53          54  0.932852522338122     
          53          55  0.996611622299585     
          55          56  0.982411816876029     
          55          57  0.982933643249790     
          55          58  0.983129057766440     
          53          59  0.991451849514782     
          59          60  0.982492144613666     
          59          61  0.983011656138567     
          59          62  0.983566717443329     
          19          63  0.858845329023200     
          63          64   1.11356024066806     
          64          65  0.936051888628060     
          65          66  0.991225348282898     
          66          67  0.978414108078169     
          66          68  0.982433357934123     
          66          69  0.982925145834892     
          65          70  0.996504072014184     
          70          71  0.982067712188070     
          70          72  0.983364172632151     
          70          73  0.982363967835886     
          65          74  0.937647256220405     
          63          75   1.12536111052805     
          74          75  0.934539419902635     
          74          76  0.995787417843320     
          76          77  0.982864578471082     
          76          78  0.982118262126362     
          76          79  0.981501601660673     
          74          80  0.991382447235716     
          80          81  0.984144181453236     
          80          82  0.983032322138364     
          80          83  0.983177927278875     
           4          84  0.968444460158665     
          14          85  0.968731805261812     
          19          86  0.602158341805604     
          20          86  0.348200941121670     
          86          87   1.35736045604751     
          86          88   1.36135754374882     
          87          89   1.44132345305105     
          88          90   1.44942682737638     
          89          91   1.41893948748041     
          90          91   1.40944473824702     
          89          92  0.961296095958816     
          90          93  0.960325143138812     
          91          94  0.968400354279191     
