   -0.12472017
    0.07654602
   -0.04194009
   -0.02163120
   -0.04262768
    0.04848166
    0.05406310
    0.05629102
    0.04649251
    0.07131390
   -0.12844070
    0.04305157
   -0.04413876
   -0.02357420
   -0.04578510
    0.04705939
    0.05293550
    0.07898191
   -0.16254408
    0.09442860
    0.40076840
   -0.41100085
    0.13043635
   -0.12088839
    0.05315695
    0.04430310
    0.05013613
   -0.10851405
    0.04669310
    0.04066153
    0.02778868
    0.13093413
   -0.40327601
   -0.11945477
    0.04855003
    0.04555649
    0.04956967
   -0.11975023
    0.04716116
    0.05290171
    0.04443848
    0.40488019
   -0.38107859
    0.12849994
   -0.12564839
    0.05515345
    0.05571020
    0.04948467
   -0.12201918
    0.04848249
    0.04553845
    0.05348995
    0.12749523
   -0.37918024
   -0.12460421
    0.05418847
    0.05485573
    0.04811291
   -0.12290752
    0.04549565
    0.05147305
    0.05091047
    0.39994058
   -0.37652310
    0.12481557
   -0.13103612
    0.05945998
    0.05427973
    0.04991592
   -0.12928469
    0.06065628
    0.05047049
    0.05209180
    0.12658212
   -0.37959337
   -0.12390691
    0.05039938
    0.05327368
    0.05458200
   -0.12250797
    0.04068086
    0.04974632
    0.05433713
    0.05302961
    0.05086959
    0.00516320
   -0.10921135
   -0.08412476
    0.03858645
    0.16902533
   -0.01508731
    0.01983228
   -0.06036475
   -0.04576206
   -0.04724106
    0.01662136
   -0.04891828
    0.02055224
    0.01832728
    0.01757502
