           1           2   1.31023109584228     
           2           3   1.35119737755744     
           3           4   1.48069931143557     
           4           5   1.38408005399205     
           1           6   1.38800737538277     
           3           6  0.105415544209667     
           5           6   1.45928471752999     
           6           7  0.956843782068635     
           5           8  0.968422900164063     
           3           9  0.962083229677695     
           2          10   1.08954319981365     
          10          11   1.30484268817940     
          11          12   1.38782130121041     
          12          13   1.45553943440563     
          13          14   1.38718570143144     
          10          15   1.35504819681714     
          12          15  0.105002725470065     
          14          15   1.47675075807334     
          15          16  0.961943668439198     
          13          17  0.968762827116294     
          12          18  0.947638019229378     
           1          19  0.436090367411897     
          11          19  0.435058715669979     
          19          20  0.545078718135420     
          19          21  0.732574187139399     
          21          22   1.08635490002658     
          22          23  0.943769042741062     
          23          24  0.996567476362994     
          24          25  0.982773779339794     
          24          26  0.983676104632862     
          24          27  0.983348171410378     
          23          28  0.989715202587658     
          28          29  0.984176427200188     
          28          30  0.984053237108190     
          28          31  0.985385334053397     
          23          32  0.941436464384231     
          21          33   1.11117490716218     
          32          33  0.940149072553195     
          32          34  0.990688318561852     
          34          35  0.982642807702269     
          34          36  0.983795776584380     
          34          37  0.982378694483459     
          32          38  0.996819439373817     
          38          39  0.983162896756640     
          38          40  0.982830667263626     
          38          41  0.983791919793246     
          19          42  0.857116743230632     
          42          43   1.12116994739632     
          43          44  0.935058954424381     
          44          45  0.996995171390424     
          45          46  0.982310748982496     
          45          47  0.981896224575697     
          45          48  0.983056375970180     
          44          49  0.990837858213137     
          49          50  0.983434053919971     
          49          51  0.982450252898942     
          49          52  0.979330095272954     
          44          53  0.939277523146898     
          42          54   1.11057139386959     
          53          54  0.934438544044559     
          53          55  0.996365771168417     
          55          56  0.982473757236601     
          55          57  0.982747207316888     
          55          58  0.983166221344899     
          53          59  0.991561751557610     
          59          60  0.981921426720393     
          59          61  0.983094327136066     
          59          62  0.982908915518412     
          19          63  0.865663569811694     
          63          64   1.11430948444191     
          64          65  0.937976143659447     
          65          66  0.991272819579782     
          66          67  0.978425731329910     
          66          68  0.982477006145019     
          66          69  0.983077635327887     
          65          70  0.996394424229793     
          70          71  0.981945461221042     
          70          72  0.983427049795555     
          70          73  0.982247468097878     
          65          74  0.937299784894314     
          63          75   1.11845541738342     
          74          75  0.936680511335039     
          74          76  0.995760445421708     
          76          77  0.983059460168459     
          76          78  0.982395628689666     
          76          79  0.981432249109353     
          74          80  0.991229481989460     
          80          81  0.983972710420469     
          80          82  0.983203988014303     
          80          83  0.983288944909144     
           4          84  0.968794447087115     
          14          85  0.968857128367907     
          19          86  0.594540848734682     
          20          86  0.339878528981908     
          86          87   1.17597653753854     
          86          88   1.53086639787690     
          87          89   1.17200653585165     
          87          90  0.939298121754417     
          88          91   1.23625006581358     
          89          91   1.22674911378425     
          88          92  0.968635082512675     
          89          93   1.35044785978514     
          91          94   1.32751538470287     
          93          94  0.106457717522468     
          93          95   1.47668084099251     
          93          96  0.968792491282129     
          94          97   1.49755074348404     
          95          97   1.37600497717464     
          94          98  0.970125169443526     
          95          99  0.972583438705560     
          97         100  0.972078946322306     
