   -0.12310852
    0.07699602
   -0.04190234
   -0.02192031
   -0.04287343
    0.04717681
    0.05327978
    0.05688954
    0.04839328
    0.07148981
   -0.12520054
    0.04409226
   -0.04441238
   -0.02446749
   -0.04644039
    0.04912492
    0.05307880
    0.07449496
   -0.16446482
    0.09460038
    0.40248518
   -0.40879402
    0.12989305
   -0.12091291
    0.05260869
    0.04507066
    0.05111260
   -0.11025185
    0.04787971
    0.04277998
    0.02833111
    0.13094865
   -0.40346202
   -0.12058834
    0.05193862
    0.04566345
    0.04808238
   -0.11967266
    0.04715363
    0.05220683
    0.04533061
    0.40490180
   -0.38556834
    0.12894487
   -0.12491051
    0.05372056
    0.05564501
    0.04991320
   -0.12113602
    0.04879158
    0.04573871
    0.05290030
    0.12764810
   -0.37934850
   -0.12416541
    0.05452972
    0.05473646
    0.04833251
   -0.12222251
    0.04460016
    0.05177435
    0.05091931
    0.40299491
   -0.38079629
    0.12532329
   -0.13023939
    0.05718810
    0.05432546
    0.05035153
   -0.12935877
    0.06070425
    0.05076522
    0.05282194
    0.12768081
   -0.38114169
   -0.12376337
    0.05084728
    0.05424894
    0.05419920
   -0.12147920
    0.04053567
    0.04825253
    0.05509268
    0.05424166
    0.05190456
   -0.03214552
   -0.01563017
    0.00653600
   -0.05347589
    0.06598002
   -0.30995191
    0.01148079
    0.06799092
    0.07010858
    0.05128567
    0.02474715
