           1           2   1.30629673914255     
           2           3   1.35243781858469     
           3           4   1.47998503676415     
           4           5   1.38366556151507     
           1           6   1.38623098712517     
           3           6  0.104960262110176     
           5           6   1.45960186684153     
           6           7  0.956867291229257     
           5           8  0.968336731091443     
           3           9  0.961648552038086     
           2          10   1.09011466409859     
          10          11   1.30124251489750     
          11          12   1.38858221938786     
          12          13   1.45425491292464     
          13          14   1.38809391142008     
          10          15   1.35639646620929     
          12          15  0.104371579946235     
          14          15   1.47516252704614     
          15          16  0.961509920756615     
          13          17  0.968762345770478     
          12          18  0.949612422970223     
           1          19  0.442002720851000     
          11          19  0.443826001297888     
          19          20  0.557547073225414     
          19          21  0.733511972385706     
          21          22   1.09010132193887     
          22          23  0.942853899633112     
          23          24  0.996334272438756     
          24          25  0.982733913313531     
          24          26  0.983596852426018     
          24          27  0.983154533654162     
          23          28  0.990091314442268     
          28          29  0.984006668755461     
          28          30  0.983850687530927     
          28          31  0.985273935779879     
          23          32  0.940729161130886     
          21          33   1.11371168793288     
          32          33  0.939310464606013     
          32          34  0.990853134094237     
          34          35  0.980702321069042     
          34          36  0.983479164196956     
          34          37  0.981754285075679     
          32          38  0.996760757119041     
          38          39  0.983145542384776     
          38          40  0.982875496845643     
          38          41  0.983731841572506     
          19          42  0.854224302350501     
          42          43   1.11656781037798     
          43          44  0.934846250962986     
          44          45  0.996993953229290     
          45          46  0.982328160835923     
          45          47  0.981931761786538     
          45          48  0.983059806141057     
          44          49  0.990869141509569     
          49          50  0.983294764219073     
          49          51  0.981373482146934     
          49          52  0.979178313366400     
          44          53  0.938574344436811     
          42          54   1.11565094247429     
          53          54  0.934328335867819     
          53          55  0.995807101721227     
          55          56  0.982295596636212     
          55          57  0.982750975118061     
          55          58  0.983133187009099     
          53          59  0.991913171685687     
          59          60  0.981823171733226     
          59          61  0.983006312959666     
          59          62  0.982823859207112     
          19          63  0.856861175392705     
          63          64   1.10784418806150     
          64          65  0.937002024852838     
          65          66  0.991159861308065     
          66          67  0.979031674505669     
          66          68  0.982451714668631     
          66          69  0.983075327462890     
          65          70  0.996516374205879     
          70          71  0.981993656509213     
          70          72  0.983420806751443     
          70          73  0.982262409487881     
          65          74  0.938440934278506     
          63          75   1.11885703129307     
          74          75  0.935200910206515     
          74          76  0.996334963628189     
          76          77  0.982893180047885     
          76          78  0.982096542153426     
          76          79  0.980477734861103     
          74          80  0.990959314364797     
          80          81  0.984162745499247     
          80          82  0.983169670934673     
          80          83  0.983265003661982     
           4          84  0.968681955194276     
          14          85  0.968750216507611     
          19          86  0.591802452056272     
          20          86  0.332090632563382     
          86          87   1.18445726414573     
          86          88   1.50509513432800     
          87          89   1.00384363390011     
          86          90  0.102218935346426     
          87          90   1.24351553537524     
          87          91  0.106590250849257     
          88          91   1.29790749114523     
          90          91   1.51997799522517     
          88          92  0.965146590118878     
          89          93  0.978295953480612     
          89          94  0.971839303299220     
          89          95  0.971652892883936     
          90          96  0.963891630014036     
