   -0.12516527
    0.07462202
   -0.04385688
   -0.02462160
   -0.04581571
    0.04734413
    0.04924411
    0.04973130
    0.04176784
    0.06918111
   -0.12022952
    0.04122475
   -0.04708663
   -0.02775878
   -0.04640768
    0.04072581
    0.04703003
    0.07580427
   -0.16926963
    0.09885831
    0.40190546
   -0.41252242
    0.13051865
   -0.11879202
    0.05088904
    0.04278685
    0.04909571
   -0.10795306
    0.04538134
    0.04069039
    0.02770103
    0.13131418
   -0.40756470
   -0.11873863
    0.05085665
    0.04309401
    0.04703128
   -0.11831756
    0.04607010
    0.05124849
    0.04320948
    0.40523688
   -0.38705570
    0.12893381
   -0.12436537
    0.05437956
    0.05373821
    0.04765741
   -0.11979053
    0.04596502
    0.04338980
    0.05160368
    0.12735663
   -0.38050433
   -0.12337088
    0.05254008
    0.05377073
    0.04619559
   -0.12400271
    0.04650291
    0.05025211
    0.05105894
    0.40286071
   -0.38025394
    0.12527820
   -0.12914758
    0.05718874
    0.05408545
    0.04789212
   -0.12823627
    0.06042995
    0.04847684
    0.05121171
    0.12810256
   -0.38629376
   -0.12203569
    0.04884177
    0.05163675
    0.05327418
   -0.11933199
    0.03924889
    0.04559877
    0.05272656
    0.04674732
    0.04357299
   -0.06127583
    0.02863945
   -0.07379953
   -0.11653772
   -0.10948072
   -0.02427729
    0.01991482
    0.18986254
    0.04493651
    0.04614008
    0.03400868
    0.02727665
