           1           2   1.29702556363386     
           2           3   1.34517700885538     
           3           4   1.48737029323643     
           4           5   1.37342042936167     
           1           6   1.38340589302776     
           3           6  0.105410471548068     
           5           6   1.46571561618966     
           6           7  0.957572690409717     
           5           8  0.969161683774122     
           3           9  0.962174416338833     
           2          10   1.10024512981183     
          10          11   1.29250704924134     
          11          12   1.37941558906636     
          12          13   1.46337537305002     
          13          14   1.37627196785403     
          10          15   1.34966261301213     
          12          15  0.104706131189588     
          14          15   1.48222716997843     
          15          16  0.962173623096684     
          13          17  0.969384411779305     
          12          18  0.948926056713580     
           1          19  0.455366352784778     
          11          19  0.460015650061349     
          19          20  0.541045328936260     
          19          21  0.714299913489960     
          21          22   1.08520274211504     
          22          23  0.945462345369162     
          23          24  0.995966788565445     
          24          25  0.982973404806624     
          24          26  0.983885059655025     
          24          27  0.983412030473578     
          23          28  0.989758819634534     
          28          29  0.984271082252461     
          28          30  0.984122131726722     
          28          31  0.985271092020469     
          23          32  0.940536056015103     
          21          33   1.10467502237616     
          32          33  0.941995641092048     
          32          34  0.990569538135409     
          34          35  0.980892932286331     
          34          36  0.983811798194031     
          34          37  0.982043040076966     
          32          38  0.996497670697436     
          38          39  0.983283225820986     
          38          40  0.983052097336254     
          38          41  0.984008126510425     
          19          42  0.869765252329543     
          42          43   1.10488981021550     
          43          44  0.939346118007900     
          44          45  0.996458146649575     
          45          46  0.982423571946794     
          45          47  0.982233799796589     
          45          48  0.983455541046120     
          44          49  0.990398121053649     
          49          50  0.983720281415482     
          49          51  0.981878834956778     
          49          52  0.979203577392332     
          44          53  0.938618170814836     
          42          54   1.10760211482447     
          53          54  0.938192694237392     
          53          55  0.995776812075455     
          55          56  0.982600326338020     
          55          57  0.982899372234960     
          55          58  0.983488296847324     
          53          59  0.991090750673338     
          59          60  0.982375224859126     
          59          61  0.983395423295692     
          59          62  0.983049216167723     
          19          63  0.871222272134757     
          63          64   1.10345184648837     
          64          65  0.940825863282440     
          65          66  0.990694316097792     
          66          67  0.979202349585042     
          66          68  0.982589076660692     
          66          69  0.983463869105036     
          65          70  0.996204474212704     
          70          71  0.982076899705943     
          70          72  0.983751622661085     
          70          73  0.982497819214608     
          65          74  0.938112798928727     
          63          75   1.10878913740409     
          74          75  0.938636824312767     
          74          76  0.995895096187789     
          76          77  0.983225772913555     
          76          78  0.982420543244062     
          76          79  0.980889528246880     
          74          80  0.990612345024364     
          80          81  0.984311137546121     
          80          82  0.983486750187268     
          80          83  0.983566420562389     
           4          84  0.969461513116481     
          14          85  0.969601719534471     
          19          86  0.591958199020281     
          20          86  0.345508270771896     
          86          87   1.48446684924510     
          86          88   1.27520023782070     
          87          89   1.19877297760435     
          87          90   1.02424295209308     
          87          91  0.130330348360260     
          88          91   1.56460774575358     
          89          91   1.21579538880824     
          88          92  0.967694030775049     
          89          93  0.934941035027803     
          90          94  0.977507301833510     
          90          95  0.977619146970452     
          90          96  0.972603703243393     
          91          97  0.970061590170310     
