   -0.11904918
    0.07753495
   -0.04245611
   -0.02087134
   -0.04216966
    0.04767869
    0.05676885
    0.06009771
    0.05102783
    0.07393195
   -0.12821716
    0.04158475
   -0.04367705
   -0.02320363
   -0.04482442
    0.05073576
    0.05429157
    0.07614113
   -0.15050163
    0.09653128
    0.40243904
   -0.40379596
    0.12930298
   -0.12306018
    0.05487183
    0.04616667
    0.05259266
   -0.11115390
    0.04904693
    0.04326039
    0.02849414
    0.13015643
   -0.40015466
   -0.12268450
    0.05284313
    0.04733210
    0.05028431
   -0.12120788
    0.04773332
    0.05396595
    0.04650392
    0.39959030
   -0.38204202
    0.12831016
   -0.12698740
    0.05595332
    0.05723043
    0.05054742
   -0.12266842
    0.05011288
    0.04787454
    0.05302878
    0.12743704
   -0.38319950
   -0.12498350
    0.05560597
    0.05423013
    0.04951209
   -0.12334366
    0.04543570
    0.05372613
    0.04836131
    0.40006879
   -0.37909838
    0.12474866
   -0.13180281
    0.05965782
    0.05404733
    0.05149720
   -0.12998181
    0.06062662
    0.05174455
    0.05282798
    0.12656049
   -0.37476749
   -0.12553614
    0.05190103
    0.05530396
    0.05577760
   -0.12367509
    0.04172290
    0.05096624
    0.05581383
    0.05705741
    0.05393978
   -0.04384928
   -0.01454165
    0.05293419
   -0.06964789
    0.04648012
   -0.25281536
    0.05786170
    0.23848955
    0.06040849
   -0.25274305
