           1           2   1.31657795384573     
           2           3   1.35211179057772     
           3           4   1.47956020270183     
           4           5   1.38801504769160     
           1           6   1.39126885036177     
           3           6  0.105764095217532     
           5           6   1.45641520056023     
           6           7  0.956501308148113     
           5           8  0.967934370693186     
           3           9  0.961295453682992     
           2          10   1.08639751524005     
          10          11   1.30846724989691     
          11          12   1.39063375995391     
          12          13   1.45305429939090     
          13          14   1.39109434970128     
          10          15   1.35754012459847     
          12          15  0.104857322301936     
          14          15   1.47421882593425     
          15          16  0.961178084077248     
          13          17  0.968594855869224     
          12          18  0.947720131979144     
           1          19  0.436364858540641     
          11          19  0.423453486003047     
          19          20  0.534299963238057     
          19          21  0.742063360573204     
          21          22   1.09605238396843     
          22          23  0.940876292693337     
          23          24  0.996686313696249     
          24          25  0.982530395175510     
          24          26  0.983409876371855     
          24          27  0.983063293684900     
          23          28  0.990279157913485     
          28          29  0.983913042097471     
          28          30  0.983907007359327     
          28          31  0.985210199530571     
          23          32  0.941180936322486     
          21          33   1.11623354491371     
          32          33  0.937413540853780     
          32          34  0.990969171151897     
          34          35  0.981193552856999     
          34          36  0.983479662557785     
          34          37  0.982051057870706     
          32          38  0.997141174846963     
          38          39  0.983027395130240     
          38          40  0.982725877760801     
          38          41  0.983559028050366     
          19          42  0.852480205580540     
          42          43   1.12262278477284     
          43          44  0.933758919790140     
          44          45  0.997207940056309     
          45          46  0.982051856122903     
          45          47  0.981584490276650     
          45          48  0.982859734645157     
          44          49  0.991074773701070     
          49          50  0.983211142938781     
          49          51  0.982207745504254     
          49          52  0.980000901676547     
          44          53  0.939218002812154     
          42          54   1.11145123647394     
          53          54  0.932197814332819     
          53          55  0.996316606294306     
          55          56  0.982256834939386     
          55          57  0.982757380128766     
          55          58  0.982953323381676     
          53          59  0.992087328563006     
          59          60  0.982260110599001     
          59          61  0.982678785104847     
          59          62  0.983002704846721     
          19          63  0.859307133222895     
          63          64   1.11208885875058     
          64          65  0.935875433211101     
          65          66  0.991474399350548     
          66          67  0.978328352507136     
          66          68  0.982451895202784     
          66          69  0.982849426636416     
          65          70  0.996659186654867     
          70          71  0.981919213088183     
          70          72  0.983228253138825     
          70          73  0.982144696954076     
          65          74  0.937826699426357     
          63          75   1.12744703970702     
          74          75  0.933837822506968     
          74          76  0.996132438046395     
          76          77  0.982740762720661     
          76          78  0.982034592539597     
          76          79  0.981288451626692     
          74          80  0.991516783887669     
          80          81  0.983914932292191     
          80          82  0.982971137380544     
          80          83  0.983072260575554     
           4          84  0.968319149854303     
          14          85  0.968506528481146     
          19          86  0.580847959735543     
          20          86  0.351274380457570     
          86          87   1.37870333615879     
          86          88   1.36943887355865     
          87          89   1.43937311402510     
          88          89  0.108550991402898     
          87          90  0.963861976965356     
          88          91   1.42172406126261     
          88          92  0.955282269417099     
          89          93   1.38150906749763     
          91          93   1.40694358571362     
          89          94  0.965046165048921     
          93          95  0.928673299550367     
