   -0.12581114
    0.07718590
   -0.04275276
   -0.02070129
   -0.04106374
    0.05102132
    0.06604181
    0.05549138
    0.04544012
    0.07263610
   -0.12694063
    0.04111600
   -0.04370121
   -0.02296323
   -0.04604807
    0.04818713
    0.05466613
    0.08394373
   -0.15271551
    0.07987361
    0.39684028
   -0.41172028
    0.13092563
   -0.12139079
    0.05347722
    0.04460968
    0.05041327
   -0.10779610
    0.04688526
    0.04050879
    0.02687869
    0.13114365
   -0.40604272
   -0.11701700
    0.03850314
    0.04788297
    0.05070437
   -0.11891967
    0.04607721
    0.05303634
    0.04505215
    0.40108467
   -0.36543568
    0.12665297
   -0.12603496
    0.05716326
    0.05245036
    0.05090463
   -0.12228061
    0.04868098
    0.05022206
    0.05214568
    0.12499385
   -0.37565358
   -0.12316903
    0.04769566
    0.05301922
    0.04961464
   -0.12867935
    0.05309432
    0.05078111
    0.05731141
    0.39980605
   -0.37045498
    0.12802766
   -0.12322843
    0.04747793
    0.05570648
    0.05104838
   -0.12233326
    0.04688606
    0.04974191
    0.05890411
    0.12672510
   -0.38336133
   -0.12534991
    0.04975857
    0.05711891
    0.05027285
   -0.12520157
    0.05512301
    0.04849709
    0.04991954
    0.05240386
    0.05268849
   -0.00406365
   -0.11136723
   -0.04058058
    0.03864594
    0.16836308
   -0.07228205
   -0.02234601
   -0.06023271
    0.00671367
    0.05404596
    0.07176019
   -0.04533119
   -0.04711214
    0.01769120
   -0.19239560
    0.35492865
    0.12855801
   -0.04944379
    0.01990951
    0.02007927
    0.40717476
    0.21398695
   -0.44059060
   -0.26260168
    0.01942314
   -0.51763108
   -0.32484625
    0.00601106
    0.15783431
    0.07988381
    0.08707623
    0.08268064
   -0.12657232
   -0.13224208
   -0.12598431
    0.04892948
    0.05873468
    0.05601143
    0.05934434
    0.06138248
    0.05849121
    0.05686696
    0.04705079
    0.05634965
