           1           2   1.31891883157073     
           2           3   1.35568280888226     
           3           4   1.47439832069210     
           4           5   1.39517734963943     
           1           6   1.39991506676464     
           3           6  0.105623875034330     
           5           6   1.44854247475598     
           6           7  0.955081124694108     
           5           8  0.968606171477579     
           3           9  0.962508300965648     
           2          10   1.08305144252602     
          10          11   1.31017865198567     
          11          12   1.38760282612432     
          12          13   1.45441802692813     
          13          14   1.38980233082920     
          10          15   1.35663986124091     
          12          15  0.105368471695010     
          14          15   1.47495105845403     
          15          16  0.962203592533318     
          13          17  0.968530708268297     
          12          18  0.944821066762248     
           1          19  0.405442579678340     
          11          19  0.430418456241513     
          19          20  0.542944348526568     
          19          21  0.731532440895146     
          21          22   1.08546279038161     
          22          23  0.944561865297577     
          23          24  0.996564106288132     
          24          25  0.982547601466668     
          24          26  0.983709664308517     
          24          27  0.983300623507483     
          23          28  0.989460150673934     
          28          29  0.984050039050572     
          28          30  0.983821362354676     
          28          31  0.984999034836782     
          23          32  0.941205464902521     
          21          33   1.10762682624951     
          32          33  0.941944397152530     
          32          34  0.990499768291335     
          34          35  0.984611330537888     
          34          36  0.983858605901656     
          34          37  0.982517961767348     
          32          38  0.996385635246472     
          38          39  0.983206499787310     
          38          40  0.982115549518586     
          38          41  0.983697807679894     
          19          42  0.856706978075833     
          42          43   1.14835153809334     
          43          44  0.940016022185194     
          44          45  0.993361171743287     
          45          46  0.979184124881156     
          45          47  0.981335555000587     
          45          48  0.982899265177273     
          44          49  0.992116846725609     
          49          50  0.983166874442118     
          49          51  0.982797733631757     
          49          52  0.979783827561208     
          44          53  0.934031931916347     
          42          54   1.10450385100500     
          53          54  0.936031196067380     
          53          55  0.993213084217534     
          55          56  0.982834946991944     
          55          57  0.982828962541027     
          55          58  0.982732443254503     
          53          59  0.994335254658140     
          59          60  0.979625104648624     
          59          61  0.982687506888120     
          59          62  0.982125006743009     
          19          63  0.858798499736446     
          63          64   1.11697527645804     
          64          65  0.934510280720305     
          65          66  0.990997242196758     
          66          67  0.983428719218021     
          66          68  0.981193786155235     
          66          69  0.983404860656541     
          65          70  0.996466098789721     
          70          71  0.982665639349944     
          70          72  0.983382922796699     
          70          73  0.979656479163470     
          65          74  0.939651012800841     
          63          75   1.10081623198972     
          74          75  0.936567333021149     
          74          76  0.996472395058977     
          76          77  0.983359237005100     
          76          78  0.982644014153830     
          76          79  0.982781081160440     
          74          80  0.991080605108095     
          80          81  0.980821800267171     
          80          82  0.983044513409541     
          80          83  0.983414200941843     
           4          84  0.968714120911582     
          14          85  0.968637516304185     
          19          86  0.611936841767296     
          20          86  0.326910007386473     
          86          87   1.17032815278525     
          86          88   1.50146685978793     
          87          89   1.17604586511720     
          87          90  0.937748755651930     
          88          91   1.01433394660549     
          88          92   1.21644680874746     
          89          92   1.22568426404506     
          89          93   1.34783508379348     
          91          94  0.959095403053961     
          91          95  0.972041466297232     
          91          96  0.953070675776413     
          92          97   1.32739921870843     
          93          97  0.106186928054221     
          93          98   1.47845293769055     
          93          99  0.968750075498676     
          94         100  0.991631541506519     
          94         101  0.953417183223270     
          94         102  0.894567409770602     
          97         103   1.49814140449951     
          98         103   1.37399415463992     
          97         104  0.967710529568124     
          98         105  0.972519529741408     
         100         106   1.23035019653734     
         100         107  0.923743124406434     
         101         108   1.71625518029288     
         101         109   1.15488340892088     
         108         109  0.173492414371401     
         103         110  0.972017702295452     
         100         111  0.161670284786836     
         106         111   1.58168201132336     
         106         112   1.07982504286539     
         111         112  0.128019331795231     
         109         113  0.940503371467012     
         112         114  0.891971754534368     
         113         115  0.974440689426585     
         113         116  0.975903793147845     
         113         117  0.974548697781441     
         114         118  0.995925349509661     
         114         119  0.994988842295535     
         114         120  0.995955827080961     
         118         121  0.984858569229909     
         118         122  0.981021965571239     
         118         123  0.982811371346653     
         119         124  0.983859546373886     
         119         125  0.982813301957315     
         119         126  0.983941352186757     
         120         127  0.981371578946798     
         120         128  0.985051818847941     
         120         129  0.982849667937639     
