   -0.12236494
    0.07557175
   -0.04360994
   -0.02356647
   -0.04509231
    0.04814506
    0.05021336
    0.05290560
    0.04414319
    0.07232263
   -0.12544234
    0.04112546
   -0.04591422
   -0.02527618
   -0.04540082
    0.04235384
    0.04873122
    0.07608976
   -0.15774780
    0.08137984
    0.40235290
   -0.41104912
    0.13065414
   -0.12070011
    0.05311575
    0.04389397
    0.05003507
   -0.10796878
    0.04625244
    0.04022509
    0.02801252
    0.13107728
   -0.40513998
   -0.11900979
    0.04853651
    0.04555125
    0.04868782
   -0.11903191
    0.04679405
    0.05255612
    0.04420041
    0.40330050
   -0.38000567
    0.12827979
   -0.12578945
    0.05662467
    0.05600387
    0.04871290
   -0.12105632
    0.04766402
    0.04386403
    0.05178360
    0.12763670
   -0.38338226
   -0.12348026
    0.05201610
    0.05370392
    0.04777121
   -0.12408269
    0.04697117
    0.05263152
    0.05052991
    0.40203458
   -0.37519839
    0.12543048
   -0.12825672
    0.05743149
    0.05439894
    0.04834426
   -0.12886085
    0.05985891
    0.04945213
    0.05237315
    0.12684814
   -0.38512116
   -0.12352600
    0.04988852
    0.05220943
    0.05423649
   -0.12219689
    0.03912089
    0.05038877
    0.05352482
    0.04967533
    0.04665650
   -0.01741624
   -0.03458633
   -0.04772116
   -0.04013346
    0.01799888
    0.01100820
    0.04365114
   -0.05092997
    0.02281077
   -0.06654068
    0.02811889
   -0.06863081
    0.05754982
    0.04518324
    0.09932908
    0.04689852
    0.06324080
   -0.24779965
   -0.05344510
    0.05318661
   -0.01744947
    0.03889679
   -0.04949204
    0.03975537
    0.04049920
    0.03999524
