           1           2   1.30500680100668     
           2           3   1.34513907051054     
           3           4   1.48729539125372     
           4           5   1.37625833785796     
           1           6   1.38562373226806     
           3           6  0.106046364839513     
           5           6   1.46434672347851     
           6           7  0.956563641432863     
           5           8  0.968813906413372     
           3           9  0.961858026509910     
           2          10   1.09712939508720     
          10          11   1.29918700335825     
          11          12   1.38283666306676     
          12          13   1.46144762442044     
          13          14   1.37911514599541     
          10          15   1.34879045128187     
          12          15  0.105408844206844     
          14          15   1.48280296867185     
          15          16  0.961881826434008     
          13          17  0.969195845395715     
          12          18  0.947297565999238     
           1          19  0.451633238206682     
          11          19  0.439805800196108     
          19          20  0.534333538994631     
          19          21  0.712358024970786     
          21          22   1.08842457916524     
          22          23  0.943659237979918     
          23          24  0.996495935545809     
          24          25  0.982793922628250     
          24          26  0.983696712856755     
          24          27  0.983385772495069     
          23          28  0.989805238761331     
          28          29  0.984138475686277     
          28          30  0.984063824727819     
          28          31  0.985290572617563     
          23          32  0.941249761539593     
          21          33   1.10773685283598     
          32          33  0.940355882731262     
          32          34  0.990641407707684     
          34          35  0.982771654803564     
          34          36  0.983817967694552     
          34          37  0.982669928960850     
          32          38  0.996648828506696     
          38          39  0.983243500007041     
          38          40  0.982700698646319     
          38          41  0.983813910833202     
          19          42  0.855134741689857     
          42          43   1.11973213003689     
          43          44  0.937168931175252     
          44          45  0.996472126432432     
          45          46  0.981895156677867     
          45          47  0.981653534633264     
          45          48  0.983274362390870     
          44          49  0.990657634231256     
          49          50  0.983511569268167     
          49          51  0.983166107412087     
          49          52  0.979692578525825     
          44          53  0.938595646608357     
          42          54   1.10571411969563     
          53          54  0.935154530224706     
          53          55  0.996157651262209     
          55          56  0.982669932243047     
          55          57  0.982835499541684     
          55          58  0.983270972990803     
          53          59  0.991623482406276     
          59          60  0.980869943544822     
          59          61  0.982972652000451     
          59          62  0.982947923016378     
          19          63  0.869852006427667     
          63          64   1.11369138298997     
          64          65  0.939838997168913     
          65          66  0.991153100069603     
          66          67  0.978849708979696     
          66          68  0.982457062131692     
          66          69  0.983273263259503     
          65          70  0.996087287487540     
          70          71  0.982132481883152     
          70          72  0.983555608738607     
          70          73  0.982324879714654     
          65          74  0.937921413666302     
          63          75   1.10875815470749     
          74          75  0.937226203138927     
          74          76  0.996146165465370     
          76          77  0.983035333202095     
          76          78  0.982560178974911     
          76          79  0.982386684488922     
          74          80  0.990888970891147     
          80          81  0.983408263445711     
          80          82  0.983270242683756     
          80          83  0.983374387738137     
           4          84  0.969128660073707     
          14          85  0.969258837772931     
          19          86  0.596497760947138     
          20          86  0.341561856842509     
          86          87   1.38691385400366     
          86          88   1.38700545284111     
          87          89   1.43143262752750     
          88          89  0.106247143824495     
          87          90  0.963826975686911     
          87          91  0.102169235625375     
          88          91   1.41823130550898     
          88          92  0.959009594424997     
          89          93   1.44125037146192     
          91          93   1.39967366148000     
          89          94  0.969639610682923     
          91          95   1.00959162182817     
          93          96  0.968988813998037     
          95          97  0.986072653716966     
          95          98  0.967326381762817     
          95          99  0.974311598367119     
          97         100   1.01175106569060     
          97         101  0.968707293337320     
          97         102  0.948944793939159     
         100         103   1.41424215626281     
         100         104   1.38095283687125     
         103         105   1.43307026847589     
         104         105  0.116133201782828     
         104         106   1.46273822803093     
         104         107  0.968794506362416     
         100         108  0.110414484247286     
         105         108   1.43534280403321     
         106         108   1.42597305985237     
         105         109  0.963328879258446     
         106         110  0.969460158673512     
         108         111  0.970173564892265     
