   -0.12189159
    0.07758728
   -0.04115471
   -0.02338214
   -0.04497359
    0.04818622
    0.04969877
    0.05251203
    0.04154873
    0.07221268
   -0.12823952
    0.04152995
   -0.04621079
   -0.02561659
   -0.04432847
    0.04059035
    0.04859372
    0.07561783
   -0.16308030
    0.10101488
    0.40583581
   -0.41073479
    0.13072323
   -0.11996078
    0.05285256
    0.04406243
    0.04988186
   -0.10794058
    0.04672016
    0.04058458
    0.02695076
    0.13139305
   -0.40667796
   -0.12000485
    0.05175870
    0.04479859
    0.04836115
   -0.11889269
    0.04610420
    0.05230095
    0.04449601
    0.40528192
   -0.38065584
    0.12811110
   -0.12535212
    0.05575116
    0.05516231
    0.04809887
   -0.12014831
    0.04729337
    0.04469419
    0.05125812
    0.12734104
   -0.38242002
   -0.12309580
    0.05183936
    0.05335505
    0.04727811
   -0.12270563
    0.04537694
    0.05007552
    0.04962626
    0.40302567
   -0.37686485
    0.12579787
   -0.12736107
    0.05751963
    0.05267743
    0.04821124
   -0.12899601
    0.06094879
    0.04939141
    0.05212649
    0.12752600
   -0.38531164
   -0.12315841
    0.04992944
    0.05179502
    0.05429453
   -0.12126451
    0.03965586
    0.04863203
    0.05374432
    0.04893171
    0.04588979
   -0.06566519
    0.03672220
   -0.01916803
   -0.13261985
    0.00847203
   -0.04430241
    0.04665878
    0.18500848
   -0.04322069
   -0.03554757
   -0.04821806
    0.05129263
   -0.06234404
   -0.03583057
    0.02871828
   -0.03420220
    0.03649030
   -0.04493500
    0.02169919
    0.02528941
   -0.04037366
    0.02989941
    0.02506971
    0.02535873
    0.02961460
