           1           2   1.30252457241858     
           2           3   1.34472387017564     
           3           4   1.48795046998171     
           4           5   1.37482509583310     
           1           6   1.38237455136121     
           3           6  0.105844653569450     
           5           6   1.46588546875023     
           6           7  0.956618666637442     
           5           8  0.968859602857025     
           3           9  0.961969844160935     
           2          10   1.09697414681159     
          10          11   1.29849520857471     
          11          12   1.38016594539639     
          12          13   1.46174044677367     
          13          14   1.37953138979519     
          10          15   1.35057823047557     
          12          15  0.104832340859425     
          14          15   1.48080853198711     
          15          16  0.961934152765858     
          13          17  0.969203115970441     
          12          18  0.947858042667547     
           1          19  0.453145567985383     
          11          19  0.444249694433782     
          19          20  0.544994924661462     
          19          21  0.711686783116663     
          21          22   1.09068042979526     
          22          23  0.943411601163472     
          23          24  0.996311266873830     
          24          25  0.982788309211396     
          24          26  0.983756679773961     
          24          27  0.983360926481064     
          23          28  0.989889942257333     
          28          29  0.984155072848760     
          28          30  0.984055225705445     
          28          31  0.985294219099825     
          23          32  0.941121626825017     
          21          33   1.10755019665818     
          32          33  0.939492582256859     
          32          34  0.990811356029448     
          34          35  0.981050221635642     
          34          36  0.983759381428673     
          34          37  0.982211706016630     
          32          38  0.996870129372718     
          38          39  0.983221619072766     
          38          40  0.982773800876014     
          38          41  0.983810907357316     
          19          42  0.857804319978634     
          42          43   1.11744911219542     
          43          44  0.938218941049213     
          44          45  0.996033273441431     
          45          46  0.980860801905770     
          45          47  0.981666381166079     
          45          48  0.983329472639954     
          44          49  0.990775598338654     
          49          50  0.983536147772433     
          49          51  0.983100222652223     
          49          52  0.979628799108912     
          44          53  0.937947199394313     
          42          54   1.10587031401666     
          53          54  0.936482489391998     
          53          55  0.995657896748995     
          55          56  0.982646562765960     
          55          57  0.982884942003861     
          55          58  0.983330670470645     
          53          59  0.991680446302248     
          59          60  0.980156445160893     
          59          61  0.983219717508212     
          59          62  0.983043335878404     
          19          63  0.867878423228343     
          63          64   1.10770509083167     
          64          65  0.939619769358634     
          65          66  0.990930060612817     
          66          67  0.978659122178801     
          66          68  0.982072628928172     
          66          69  0.983088770959771     
          65          70  0.996197667107443     
          70          71  0.981933307974061     
          70          72  0.983587729158460     
          70          73  0.982278404561812     
          65          74  0.938074682876363     
          63          75   1.11065213299009     
          74          75  0.936777420307739     
          74          76  0.996025799502377     
          76          77  0.982880858937586     
          76          78  0.982227459779422     
          76          79  0.982255445213889     
          74          80  0.991039052731309     
          80          81  0.983645020326472     
          80          82  0.983364464314967     
          80          83  0.983379223348454     
           4          84  0.969215374879364     
          14          85  0.969349436579386     
          19          86  0.596426835271092     
          20          86  0.340516630834674     
          86          87   1.48420557422699     
          86          88   1.20035031540771     
          87          89   1.13842077156246     
          87          90   1.06459762459160     
          88          91   1.32655788540580     
          88          92   1.23582212308319     
          89          92   1.18534380385492     
          89          93  0.934263097897960     
          90          94   1.37554225373963     
          90          95   1.37536969964222     
          91          96   1.50235680396860     
          91          97  0.959834373635182     
          91          98  0.110195691802564     
          92          98   1.33431581377928     
          94          99   1.45667748654622     
          95          99  0.106173739084525     
          94         100  0.969341799433370     
          94         101  0.105347965914829     
          95         101   1.45442586999498     
          95         102  0.966488216617035     
          96         103   1.36721068938694     
          98         103   1.49077478738932     
          96         104  0.971281055264264     
          98         105  0.968066511979220     
          90         106  0.101572201359645     
          99         106   1.42937710975262     
         101         106   1.43097741901970     
          99         107  0.970803847307061     
         101         108  0.970816265010934     
         103         109  0.972197419830468     
         106         110  0.971670789990754     
