   -0.12013632
    0.07686091
   -0.04288647
   -0.02191544
   -0.04335866
    0.04759981
    0.05451611
    0.05665985
    0.04764754
    0.07295258
   -0.12686508
    0.04151816
   -0.04441401
   -0.02423812
   -0.04507103
    0.04675146
    0.05153207
    0.07684877
   -0.15375525
    0.09471079
    0.40172954
   -0.40674946
    0.12975261
   -0.12186701
    0.05396561
    0.04489757
    0.05131723
   -0.10981875
    0.04760450
    0.04203294
    0.02818419
    0.13046009
   -0.40213006
   -0.12138068
    0.05156714
    0.04597485
    0.04981132
   -0.12029149
    0.04714705
    0.05325008
    0.04522123
    0.40050185
   -0.38260324
    0.12828788
   -0.12620487
    0.05516706
    0.05617305
    0.04940516
   -0.12217084
    0.04844161
    0.04611250
    0.05336310
    0.12729275
   -0.38159781
   -0.12457144
    0.05456643
    0.05422739
    0.04817143
   -0.12366936
    0.04422154
    0.05258293
    0.04998622
    0.40000453
   -0.37748337
    0.12461649
   -0.13127300
    0.05973073
    0.05409059
    0.05010555
   -0.12947886
    0.06052449
    0.05057731
    0.05202453
    0.12663817
   -0.37752079
   -0.12452869
    0.05080537
    0.05385779
    0.05507042
   -0.12287583
    0.04127143
    0.05002511
    0.05459583
    0.05339756
    0.05004466
   -0.02417897
   -0.02859768
   -0.03417443
   -0.04816641
    0.03994693
   -0.04404207
    0.05611424
    0.08730658
    0.04936128
    0.05431620
   -0.22542517
