           1           2   1.31269023155253     
           2           3   1.34939593235333     
           3           4   1.48251363118592     
           4           5   1.38366754771567     
           1           6   1.38944460903121     
           3           6  0.105927337829199     
           5           6   1.45926995290518     
           6           7  0.956826941174966     
           5           8  0.968366255425622     
           3           9  0.961622926699463     
           2          10   1.09029217631607     
          10          11   1.30524167125205     
          11          12   1.38771848156744     
          12          13   1.45618201043071     
          13          14   1.38679071435263     
          10          15   1.35464188314416     
          12          15  0.105055936570108     
          14          15   1.47702260958681     
          15          16  0.961566724703647     
          13          17  0.968905410583163     
          12          18  0.947857613162378     
           1          19  0.439796031606253     
          11          19  0.426711224928308     
          19          20  0.528190731795792     
          19          21  0.732112163140688     
          21          22   1.09249913697877     
          22          23  0.942423990931542     
          23          24  0.996532038980778     
          24          25  0.982645123463371     
          24          26  0.983596830531067     
          24          27  0.983214531308972     
          23          28  0.990081014708527     
          28          29  0.984048060641887     
          28          30  0.983997341473468     
          28          31  0.985202179832599     
          23          32  0.941140178359868     
          21          33   1.11134499373688     
          32          33  0.939191498483106     
          32          34  0.990764254558926     
          34          35  0.981573524525091     
          34          36  0.983685760088146     
          34          37  0.982165601964575     
          32          38  0.996917234456398     
          38          39  0.983105982673648     
          38          40  0.982770525730656     
          38          41  0.983736832634036     
          19          42  0.858803929707166     
          42          43   1.11692829272155     
          43          44  0.935882272279774     
          44          45  0.996885145260131     
          45          46  0.982204371816264     
          45          47  0.981772368208252     
          45          48  0.983097577757134     
          44          49  0.990959609873536     
          49          50  0.983427483594421     
          49          51  0.982386225605127     
          49          52  0.979445741712384     
          44          53  0.939186647870993     
          42          54   1.10958776797822     
          53          54  0.934637273665183     
          53          55  0.996360356161060     
          55          56  0.982390236848411     
          55          57  0.982784356245306     
          55          58  0.983167997392204     
          53          59  0.991474068885941     
          59          60  0.982222101940907     
          59          61  0.983057651000044     
          59          62  0.983055479445115     
          19          63  0.867378077880081     
          63          64   1.11082685639375     
          64          65  0.938149925323516     
          65          66  0.991254847001334     
          66          67  0.978454263165089     
          66          68  0.982518532515800     
          66          69  0.983032513943794     
          65          70  0.996372530324501     
          70          71  0.981935032470396     
          70          72  0.983423168112964     
          70          73  0.982224085230722     
          65          74  0.937372350582567     
          63          75   1.12201685282722     
          74          75  0.935713797518692     
          74          76  0.995840990367143     
          76          77  0.982903343137472     
          76          78  0.982190389101557     
          76          79  0.981424505401917     
          74          80  0.991422615363302     
          80          81  0.983897788884303     
          80          82  0.983107880493286     
          80          83  0.983222798036898     
           4          84  0.968735144043660     
          14          85  0.968928203123290     
          19          86  0.583188510181360     
          20          86  0.354608500330959     
          86          87   1.38582091050572     
          86          88   1.37564264505372     
          87          89   1.43299849581105     
          88          89  0.104809380169196     
          87          90  0.962736652252001     
          87          91  0.102238472608791     
          88          91   1.44806748563818     
          88          92  0.959504152434080     
          89          93   1.40822790353121     
          91          93   1.39648404460918     
          89          94  0.966782756331283     
          91          95  0.966077481109519     
          93          96  0.937445395654330     
