   -0.12477825
    0.07700419
   -0.04480024
   -0.02090771
   -0.04248359
    0.04516494
    0.08304840
    0.05855292
    0.04522616
    0.07423544
   -0.13664384
    0.04308334
   -0.04241310
   -0.02385032
   -0.04604481
    0.04659568
    0.05466123
    0.07986058
   -0.14991559
    0.12796888
    0.40538684
   -0.40757906
    0.13031014
   -0.12472325
    0.05690434
    0.04716219
    0.05402889
   -0.11085378
    0.04944377
    0.04222843
    0.02593851
    0.13069755
   -0.40560903
   -0.12368963
    0.04844833
    0.05078271
    0.05365650
   -0.12082976
    0.04416250
    0.05529983
    0.04836281
    0.40404672
   -0.35785495
    0.12540507
   -0.12912562
    0.05174448
    0.06390853
    0.05147299
   -0.12587532
    0.05003017
    0.05650209
    0.05095473
    0.12623291
   -0.38933549
   -0.12454986
    0.05119465
    0.05188772
    0.05129574
   -0.12130236
    0.03853650
    0.05438276
    0.04960484
    0.40480678
   -0.37575388
    0.12434685
   -0.13284483
    0.05388717
    0.05490052
    0.05532610
   -0.12878633
    0.05743558
    0.05162434
    0.05316976
    0.12608005
   -0.35845561
   -0.13216264
    0.05363279
    0.06050995
    0.06163213
   -0.12242580
    0.04458816
    0.04791581
    0.05498425
    0.05269642
    0.05208717
   -0.04627252
   -0.04671772
    0.08645624
   -0.03818238
    0.48788801
   -0.24665989
    0.00118345
   -0.04890866
    0.04288407
   -0.23642072
   -0.23916905
   -0.21376611
    0.10601872
   -0.02744555
    0.05253942
   -0.13458430
   -0.05646583
    0.05058650
    0.08312210
    0.06768413
    0.06234688
    0.05243902
