           1           2   1.33228601161744     
           2           3   1.35634806764288     
           3           4   1.47328519359113     
           4           5   1.40086725584532     
           1           6   1.40724893780910     
           3           6  0.106554340552499     
           5           6   1.44338753140797     
           6           7  0.947746194501985     
           5           8  0.968190202106480     
           3           9  0.962252388897544     
           2          10   1.08063776445576     
          10          11   1.31624075172608     
          11          12   1.38700722900701     
          12          13   1.45322235142094     
          13          14   1.39400365854340     
          10          15   1.35973465004730     
          12          15  0.104791101882982     
          14          15   1.46985158091642     
          15          16  0.961843811377717     
          13          17  0.968495346526384     
          12          18  0.944182496650378     
           1          19  0.383339943455577     
          11          19  0.407738539243770     
          19          20  0.521716398477172     
          19          21  0.743913634279738     
          21          22   1.09403041695010     
          22          23  0.939809602519986     
          23          24  0.996661091539985     
          24          25  0.980261882718969     
          24          26  0.983255761102720     
          24          27  0.982779786060969     
          23          28  0.990115749043516     
          28          29  0.983778445246406     
          28          30  0.983905310557866     
          28          31  0.981830985302155     
          23          32  0.941334297962503     
          21          33   1.11218138662264     
          32          33  0.936149403757845     
          32          34  0.991322654952763     
          34          35  0.981900773175954     
          34          36  0.982798203962894     
          34          37  0.980143069531176     
          32          38  0.997200379390479     
          38          39  0.983131786521160     
          38          40  0.982559853523045     
          38          41  0.983430196882234     
          19          42  0.863133782307315     
          42          43   1.15730940696411     
          43          44  0.939203254668054     
          44          45  0.994885604091500     
          45          46  0.980118126998946     
          45          47  0.981457289740706     
          45          48  0.983300058441865     
          44          49  0.990607503869266     
          49          50  0.983135795078636     
          49          51  0.981922537165762     
          49          52  0.979477035770475     
          44          53  0.935058843232765     
          42          54   1.09022862423325     
          53          54  0.935295393034201     
          53          55  0.994625274302326     
          55          56  0.982411977392291     
          55          57  0.982840009182584     
          55          58  0.982768010016163     
          53          59  0.992708255800879     
          59          60  0.979640807363474     
          59          61  0.982758518205715     
          59          62  0.982984460743232     
          19          63  0.848804821024598     
          63          64   1.08684628403029     
          64          65  0.937612837549089     
          65          66  0.990900024143580     
          66          67  0.979976856917241     
          66          68  0.982408493525368     
          66          69  0.982944206166758     
          65          70  0.995512899104192     
          70          71  0.982235856985519     
          70          72  0.982956453109456     
          70          73  0.982419193620849     
          65          74  0.938053017094692     
          63          75   1.15319794560608     
          74          75  0.933565209555895     
          74          76  0.997098975751713     
          76          77  0.982629130000108     
          76          78  0.982004573817852     
          76          79  0.978993081186054     
          74          80  0.990258796588867     
          80          81  0.981763218140017     
          80          82  0.981306264869748     
          80          83  0.982500344428095     
           4          84  0.968540622877176     
          14          85  0.968605403665061     
          19          86  0.597799065903892     
          20          86  0.358167132028086     
          86          87   1.44560991237373     
          86          88   1.19603689967484     
          87          89   1.27550667593136     
          87          90  0.955417948790657     
          88          91   1.29762643502304     
          88          92   1.24982408970930     
          89          93   1.56526601304690     
          92          93   1.25591041904050     
          89          94  0.966482000402519     
          90          95  0.922547270219071     
          90          96  0.917424074219514     
          90          97  0.947563810053648     
          91          98   1.49804905381146     
          92          99   1.28178788605259     
          93         100  0.965431367212166     
          98         101   1.02480490174504     
          98         102   1.27956014497505     
          99         102   1.55636394095247     
          99         103  0.965494755499480     
         101         104  0.970401067079329     
         101         105  0.957031695863549     
         101         106  0.977400860745566     
         102         107  0.967132208989867     
