   -0.12168968
    0.07622536
   -0.04356716
   -0.02199749
   -0.04372675
    0.04813171
    0.05314549
    0.05692520
    0.04845142
    0.07271086
   -0.12998764
    0.04162017
   -0.04478328
   -0.02463986
   -0.04499185
    0.04696464
    0.05164106
    0.07499255
   -0.15426024
    0.08688072
    0.40323381
   -0.40587546
    0.12965684
   -0.12196805
    0.05380178
    0.04535088
    0.05187235
   -0.10986715
    0.04813611
    0.04241456
    0.02785959
    0.13057817
   -0.40330857
   -0.12141942
    0.05188455
    0.04648597
    0.04944646
   -0.12026546
    0.04704525
    0.05335855
    0.04578083
    0.40126814
   -0.38400027
    0.12854948
   -0.12647891
    0.05638271
    0.05629802
    0.05001236
   -0.12143161
    0.04940280
    0.04652939
    0.05149964
    0.12766507
   -0.38405864
   -0.12422646
    0.05405285
    0.05393674
    0.04882221
   -0.12364439
    0.04711446
    0.05298348
    0.04914751
    0.40246910
   -0.37972388
    0.12521339
   -0.13062971
    0.05866019
    0.05421777
    0.05078474
   -0.12927866
    0.06065550
    0.05114281
    0.05214990
    0.12700714
   -0.37889604
   -0.12465627
    0.05139812
    0.05423962
    0.05530386
   -0.12235564
    0.04048625
    0.04998568
    0.05512977
    0.05418200
    0.05059557
   -0.03391190
   -0.01369093
    0.05375092
   -0.04852288
    0.02650383
   -0.24396184
    0.03969844
    0.04384724
    0.03230531
    0.03382917
