           1           2   1.31183222228292     
           2           3   1.34753895909325     
           3           4   1.48418270105430     
           4           5   1.38193285439906     
           1           6   1.38879182726090     
           3           6  0.106115955168189     
           5           6   1.46042354942694     
           6           7  0.956841603745060     
           5           8  0.968333093524222     
           3           9  0.961737765838175     
           2          10   1.09179500737823     
          10          11   1.30208061452967     
          11          12   1.38484612384402     
          12          13   1.45840332833782     
          13          14   1.38446360372982     
          10          15   1.35383737836647     
          12          15  0.105002177907301     
          14          15   1.47790585923787     
          15          16  0.961710409456015     
          13          17  0.968888883369809     
          12          18  0.947859027383312     
           1          19  0.443663967112855     
          11          19  0.430722848952273     
          19          20  0.531186933229584     
          19          21  0.728113241783665     
          21          22   1.09461715188585     
          22          23  0.941650346142424     
          23          24  0.996513590471011     
          24          25  0.982623851987961     
          24          26  0.983534255361689     
          24          27  0.983143996968896     
          23          28  0.990225798358173     
          28          29  0.983963271328668     
          28          30  0.983977194064954     
          28          31  0.985131553772300     
          23          32  0.940964128418219     
          21          33   1.11206159041679     
          32          33  0.938547568200326     
          32          34  0.990890919728668     
          34          35  0.981316432364129     
          34          36  0.983589374026325     
          34          37  0.982135797537422     
          32          38  0.996936912153792     
          38          39  0.983093369054924     
          38          40  0.982802184639925     
          38          41  0.983681317270768     
          19          42  0.855580131005228     
          42          43   1.11844487155266     
          43          44  0.934996630408419     
          44          45  0.996929769253336     
          45          46  0.982029482218985     
          45          47  0.981711924644436     
          45          48  0.983002274548412     
          44          49  0.990924293186345     
          49          50  0.983343361434032     
          49          51  0.982587024088362     
          49          52  0.980242456416062     
          44          53  0.939012748174295     
          42          54   1.10909165840172     
          53          54  0.933202046012547     
          53          55  0.996097820244574     
          55          56  0.982431137939453     
          55          57  0.982807613970239     
          55          58  0.983119682863696     
          53          59  0.991956720432482     
          59          60  0.982081761592482     
          59          61  0.982808983392431     
          59          62  0.982971522952532     
          19          63  0.865389783151347     
          63          64   1.11129414706583     
          64          65  0.936704195981688     
          65          66  0.991338217042049     
          66          67  0.978628845746107     
          66          68  0.982464644000587     
          66          69  0.982949300477641     
          65          70  0.996556454611485     
          70          71  0.981956678701524     
          70          72  0.983340139704880     
          70          73  0.982252969163909     
          65          74  0.937970384673316     
          63          75   1.12171509314167     
          74          75  0.934605663111117     
          74          76  0.996135712001975     
          76          77  0.982800922648717     
          76          78  0.982132595615929     
          76          79  0.981642236915348     
          74          80  0.991324863678127     
          80          81  0.983948006052331     
          80          82  0.983127581235866     
          80          83  0.983199482232984     
           4          84  0.968632047726108     
          14          85  0.968863366002568     
          19          86  0.585244493525410     
          20          86  0.351492886011210     
          86          87   1.39305089986764     
          86          88   1.35788102105651     
          87          89   1.43066762647608     
          88          89  0.107975084389532     
          87          90  0.964118854566431     
          88          91   1.45147659901162     
          88          92  0.955592157567948     
          86          93  0.103126250171207     
          89          93   1.43107929976179     
          91          93   1.41466327929114     
          89          94  0.968843797867096     
          93          95  0.963881172199826     
