           1           2   1.42047370055054     
           2           3   1.42916917838908     
           1           4  0.102512274988431     
           3           4   1.43898439445238     
           2           5  0.109746713489356     
           4           5   1.39084853923960     
           5           6   1.03066793228668     
           1           7   1.44888205347146     
           3           7  0.104227798249268     
           5           7   1.38293223948834     
           1           8  0.961828604772712     
           2           9  0.968445820482329     
           3          10  0.961926816364051     
           6          11  0.982352315518384     
           6          12  0.959433124970663     
           6          13  0.958844327949847     
