   -0.11380283
    0.07926713
   -0.04152334
   -0.02042218
   -0.04069287
    0.04976579
    0.05767037
    0.06244183
    0.05349440
    0.07641435
   -0.11673471
    0.04338697
   -0.04272610
   -0.02224751
   -0.04493895
    0.05447356
    0.05795477
    0.07991166
   -0.15413746
    0.10651885
    0.40506003
   -0.40193180
    0.12911003
   -0.12396643
    0.05555399
    0.04709339
    0.05395534
   -0.11179543
    0.05036064
    0.04404469
    0.02742000
    0.13043249
   -0.40127507
   -0.12312677
    0.05167444
    0.04848854
    0.05150069
   -0.12201076
    0.04767495
    0.05481796
    0.04768711
    0.40864590
   -0.36674619
    0.12850754
   -0.12314424
    0.05450058
    0.05448177
    0.05012460
   -0.12340298
    0.05096706
    0.05115557
    0.05292068
    0.12736087
   -0.38379538
   -0.12545185
    0.05358162
    0.05431429
    0.05071032
   -0.11900216
    0.04211112
    0.05127583
    0.04838952
    0.40406949
   -0.37773264
    0.12589446
   -0.12742744
    0.05941379
    0.05262663
    0.04987164
   -0.12891483
    0.05847104
    0.05192368
    0.05346329
    0.12580969
   -0.37253370
   -0.12600553
    0.05144152
    0.05549427
    0.05769502
   -0.12426432
    0.04104538
    0.05213279
    0.05598927
    0.05972659
    0.05749450
    0.06479504
   -0.18891194
   -0.06848101
    0.05201451
   -0.06396434
    0.34483985
    0.05480892
    0.05333810
   -0.46758288
   -0.28851564
    0.01904661
    0.06699459
    0.06740526
    0.07618209
