           1           2   1.32052934388397     
           2           3   1.35725521848882     
           3           4   1.47441683605837     
           4           5   1.39357375159001     
           1           6   1.39273091857470     
           3           6  0.105557955574540     
           5           6   1.45267890701879     
           6           7  0.956148356035650     
           5           8  0.967639057251625     
           3           9  0.961491506579723     
           2          10   1.08000539744618     
          10          11   1.31608486921383     
          11          12   1.39371375815620     
          12          13   1.44870103984277     
          13          14   1.39674617316657     
          10          15   1.35977267752291     
          12          15  0.105381441828837     
          14          15   1.47157687160766     
          15          16  0.961329165382182     
          13          17  0.968157415309884     
          12          18  0.945380940228836     
           1          19  0.435934920523482     
          11          19  0.432506376147828     
          19          20  0.552309671464981     
          19          21  0.765696107344026     
          21          22   1.09944677974424     
          22          23  0.939676608746373     
          23          24  0.996902507032792     
          24          25  0.982419356937446     
          24          26  0.983376550730161     
          24          27  0.982899236338536     
          23          28  0.990012848978652     
          28          29  0.983844235072398     
          28          30  0.983783589665348     
          28          31  0.985198857563779     
          23          32  0.941665970597076     
          21          33   1.11374211383362     
          32          33  0.936229281004384     
          32          34  0.991141687314188     
          34          35  0.982192878243795     
          34          36  0.983388726626541     
          34          37  0.981411484869071     
          32          38  0.997296201777974     
          38          39  0.983106893969221     
          38          40  0.982541160540872     
          38          41  0.983466222551500     
          19          42  0.833007707089218     
          42          43   1.14958284144844     
          43          44  0.936291073679587     
          44          45  0.995382911060132     
          45          46  0.981385601262618     
          45          47  0.982011175047348     
          45          48  0.982984168777806     
          44          49  0.990688181979621     
          49          50  0.983082263350157     
          49          51  0.982359108867780     
          49          52  0.980204545225323     
          44          53  0.936560479909505     
          42          54   1.10179055918954     
          53          54  0.933475709025727     
          53          55  0.995074547741252     
          55          56  0.982498343045864     
          55          57  0.982779722271082     
          55          58  0.982853214707720     
          53          59  0.992581358765624     
          59          60  0.980404590013943     
          59          61  0.982841647800445     
          59          62  0.983194103802406     
          19          63  0.835445934082618     
          63          64   1.11778933300728     
          64          65  0.934505209291330     
          65          66  0.991533010747294     
          66          67  0.978691351495408     
          66          68  0.982190946402039     
          66          69  0.983280586081122     
          65          70  0.996596528595343     
          70          71  0.982458834897203     
          70          72  0.983351178744536     
          70          73  0.982314670515864     
          65          74  0.938449919163889     
          63          75   1.12381499625915     
          74          75  0.935107271858899     
          74          76  0.996080983770505     
          76          77  0.983076495259523     
          76          78  0.982456102162229     
          76          79  0.981839134287330     
          74          80  0.990717913118583     
          80          81  0.984184121328220     
          80          82  0.983051437374246     
          80          83  0.983321291258156     
           4          84  0.967969937455046     
          14          85  0.968069465617337     
          19          86  0.584380184269939     
          20          86  0.331477933400131     
          86          87   1.14389845775002     
          86          88   1.43280274706443     
          86          89  0.110575575455576     
          87          89   1.08838261756147     
          88          90   1.21981563389210     
          89          90   1.65102794813764     
          88          91   1.07294640779049     
          89          92  0.965223969377162     
          90          93  0.971511499064920     
          91          94   1.66477498660234     
          91          95   1.08857473723010     
          94          95  0.154911738319683     
          95          96  0.956985107692512     
          96          97  0.974508900473889     
          96          98  0.976066320670136     
          96          99  0.977490329295432     
