   -0.12758659
    0.07956145
   -0.04297854
   -0.02040380
   -0.04266493
    0.05149562
    0.05634105
    0.05963925
    0.04677195
    0.07500061
   -0.13522924
    0.04337489
   -0.04399880
   -0.02341915
   -0.04594384
    0.04842351
    0.05032368
    0.07509888
   -0.14630586
    0.07600164
    0.40487763
   -0.40622303
    0.13028423
   -0.12220381
    0.05568097
    0.04513754
    0.05137101
   -0.10789491
    0.04774508
    0.04128578
    0.02500704
    0.13228161
   -0.41013079
   -0.11928484
    0.04800327
    0.04782360
    0.04858318
   -0.11832327
    0.04491114
    0.05215066
    0.04582203
    0.41144728
   -0.37493075
    0.13012831
   -0.12793564
    0.06944900
    0.05012758
    0.04530378
   -0.11995719
    0.04568631
    0.04874852
    0.05001196
    0.12925922
   -0.37820269
   -0.11976717
    0.04734339
    0.04524405
    0.04751033
   -0.12398899
    0.06569443
    0.04530487
    0.04687070
    0.40332145
   -0.37740830
    0.12714110
   -0.12768817
    0.05665943
    0.05173882
    0.05102256
   -0.12991009
    0.05989770
    0.05307900
    0.05633912
    0.12643335
   -0.38181278
   -0.12512632
    0.05184489
    0.05332219
    0.05454035
   -0.12578080
    0.04164131
    0.05354662
    0.05640428
    0.05478369
    0.05179035
   -0.03877358
   -0.01357143
    0.06751456
   -0.05207685
    0.03148240
    0.26245844
   -0.25492505
    0.04658584
    0.03332134
   -0.48410578
   -0.07840785
    0.03670348
   -0.00786810
    0.00085838
   -0.12777380
    0.04828819
    0.06496347
   -0.11954077
    0.06539460
    0.05898151
    0.05597865
    0.05483931
    0.05709154
    0.05004576
    0.05572183
    0.04728097
