           1           2   1.32362752132396     
           2           3   1.35275702813806     
           3           4   1.47748848348460     
           4           5   1.39252819883424     
           1           6   1.39980509401336     
           3           6  0.105795066788966     
           5           6   1.45062391483975     
           6           7  0.956276203254988     
           5           8  0.968050754642451     
           3           9  0.961758002769099     
           2          10   1.08287978739486     
          10          11   1.31115512085177     
          11          12   1.39505733511898     
          12          13   1.45033349934299     
          13          14   1.39262522613525     
          10          15   1.35841312537613     
          12          15  0.104901712409985     
          14          15   1.47291465367580     
          15          16  0.961456276903321     
          13          17  0.969037666011919     
          12          18  0.946203371416222     
           1          19  0.397610381442165     
          11          19  0.399986863628269     
          19          20  0.535254124763789     
          19          21  0.734400419426008     
          21          22   1.09178876620178     
          22          23  0.942506291429617     
          23          24  0.996385306914101     
          24          25  0.982451913260395     
          24          26  0.983568573538721     
          24          27  0.983237050574628     
          23          28  0.989704502367824     
          28          29  0.984028278333242     
          28          30  0.983855205292711     
          28          31  0.985100410632772     
          23          32  0.941383862230023     
          21          33   1.10549490478521     
          32          33  0.939163075658219     
          32          34  0.990815884059310     
          34          35  0.983069530658818     
          34          36  0.983559395739146     
          34          37  0.981370931422135     
          32          38  0.996996685912326     
          38          39  0.983232002612654     
          38          40  0.982463115258122     
          38          41  0.983568523845163     
          19          42  0.840096164847810     
          42          43   1.13538907663408     
          43          44  0.937416726890800     
          44          45  0.993454748564009     
          45          46  0.975823309187909     
          45          47  0.981891327816093     
          45          48  0.983108426482778     
          44          49  0.992876657610424     
          49          50  0.983483284784174     
          49          51  0.983147040703975     
          49          52  0.979386841596942     
          44          53  0.935385873751613     
          42          54   1.10780644173477     
          53          54  0.934351896981908     
          53          55  0.992104487443701     
          55          56  0.982103181004070     
          55          57  0.983551782739825     
          55          58  0.983139065426349     
          53          59  0.995230553215348     
          59          60  0.978749698537737     
          59          61  0.983006061551639     
          59          62  0.983175059171898     
          19          63  0.868222414943236     
          63          64   1.11862990923011     
          64          65  0.933280516445598     
          65          66  0.991903396324784     
          66          67  0.977921950103752     
          66          68  0.978995940848151     
          66          69  0.982749156464513     
          65          70  0.996817689933487     
          70          71  0.980134982999070     
          70          72  0.982738318004406     
          70          73  0.981429457566878     
          65          74  0.939218107371233     
          63          75   1.10808481711306     
          74          75  0.934609993804335     
          74          76  0.996386645522101     
          76          77  0.982790048837678     
          76          78  0.982748190863506     
          76          79  0.982174001029035     
          74          80  0.990635202964329     
          80          81  0.983801329343487     
          80          82  0.982993694983594     
          80          83  0.983080879185389     
           4          84  0.968511090796952     
          14          85  0.968692284894541     
          19          86  0.595239124658093     
          20          86  0.342232309689854     
          86          87   1.38669272543281     
          86          88   1.34203193841348     
          87          89   1.43656114636256     
          88          89  0.103564122650113     
          87          90  0.960976111218061     
          88          91  0.938585234558085     
          88          92   1.40762293802675     
          86          93  0.101749061603602     
          89          93   1.42181488036098     
          92          93   1.42272567022287     
          89          94  0.968678647202176     
          91          95   1.61401903403383     
          91          96   1.29584027706007     
          95          96  0.199359138665731     
          93          97  0.962317214305066     
          96          98  0.986526982474972     
          96          99  0.975630915339890     
          98         100   1.00582502433003     
          98         101  0.966536025228435     
          98         102  0.966879130133479     
          99         103   1.00836690655246     
          99         104  0.964514675974623     
          99         105  0.968175307329074     
         100         106  0.978187980064038     
         100         107  0.984200830521666     
         100         108  0.983943998777476     
         103         109  0.986773007158734     
         103         110  0.983579368759721     
         103         111  0.985506316973260     
