   -0.12241675
    0.07549606
   -0.04400281
   -0.02296707
   -0.04463074
    0.04792020
    0.05096221
    0.05464470
    0.04651295
    0.07252820
   -0.12811758
    0.04161771
   -0.04541637
   -0.02507075
   -0.04487288
    0.04436015
    0.04914468
    0.07428600
   -0.15803929
    0.08376400
    0.40336874
   -0.40904838
    0.13022192
   -0.12138853
    0.05321640
    0.04462959
    0.05123295
   -0.10861391
    0.04715424
    0.04113446
    0.02737738
    0.13084220
   -0.40471106
   -0.11995091
    0.04965451
    0.04593270
    0.04937252
   -0.11967938
    0.04677258
    0.05305869
    0.04506168
    0.40242314
   -0.38571687
    0.12878927
   -0.12605041
    0.05633335
    0.05549879
    0.04936992
   -0.12089646
    0.04854557
    0.04540386
    0.05140536
    0.12780646
   -0.38494765
   -0.12371252
    0.05317868
    0.05365968
    0.04813661
   -0.12359949
    0.04749402
    0.05216555
    0.04900596
    0.40193168
   -0.38009939
    0.12533317
   -0.13011571
    0.05850265
    0.05389952
    0.05008980
   -0.12880661
    0.06033228
    0.05064245
    0.05162792
    0.12692779
   -0.38074245
   -0.12398850
    0.05069794
    0.05335924
    0.05470771
   -0.12197627
    0.03997400
    0.04963298
    0.05441506
    0.05205088
    0.04841346
   -0.04318332
   -0.02282145
    0.04917867
   -0.04007417
    0.01756724
   -0.28237761
    0.03715550
    0.12098268
   -0.03461130
   -0.13163550
   -0.01081283
   -0.05381338
    0.21414113
    0.04383183
   -0.10667263
    0.03649980
    0.03215281
    0.03917557
    0.03748984
    0.03538371
