           1           2   1.30777510055437     
           2           3   1.34506007506359     
           3           4   1.48684682869175     
           4           5   1.37771043644356     
           1           6   1.38624390828125     
           3           6  0.106228846071127     
           5           6   1.46344756148385     
           6           7  0.957046331629219     
           5           8  0.968595895894182     
           3           9  0.961920062025118     
           2          10   1.09507590214144     
          10          11   1.29871617758059     
          11          12   1.38254177319212     
          12          13   1.46088356802573     
          13          14   1.38057047842885     
          10          15   1.35109679480700     
          12          15  0.105150426796009     
          14          15   1.48050529460035     
          15          16  0.961936667338626     
          13          17  0.969160800385342     
          12          18  0.947720598041391     
           1          19  0.450730581944071     
          11          19  0.437192417166947     
          19          20  0.533934028545707     
          19          21  0.721101158137556     
          21          22   1.08996934196142     
          22          23  0.942800512852429     
          23          24  0.996503991889035     
          24          25  0.982748757467852     
          24          26  0.983655187303926     
          24          27  0.983254294090733     
          23          28  0.989900113186125     
          28          29  0.984080209523254     
          28          30  0.984029644392947     
          28          31  0.985024094419900     
          23          32  0.941222359021302     
          21          33   1.10941936746888     
          32          33  0.939397955076740     
          32          34  0.990768717506086     
          34          35  0.982136090613118     
          34          36  0.983770885233811     
          34          37  0.982409523485080     
          32          38  0.996797365728245     
          38          39  0.983158406130045     
          38          40  0.982837419769051     
          38          41  0.983759371569843     
          19          42  0.857698924992879     
          42          43   1.11449298748620     
          43          44  0.936128836201911     
          44          45  0.996726532806468     
          45          46  0.982132759981020     
          45          47  0.981823435811958     
          45          48  0.983113819416843     
          44          49  0.990743136835931     
          49          50  0.983486289116895     
          49          51  0.982771526979339     
          49          52  0.980208786598618     
          44          53  0.939166003623003     
          42          54   1.10582244796445     
          53          54  0.934346774623155     
          53          55  0.996062800344037     
          55          56  0.982584640631324     
          55          57  0.982867649219192     
          55          58  0.983264562339747     
          53          59  0.991614514965837     
          59          60  0.981912381533415     
          59          61  0.982969241507303     
          59          62  0.983072791709683     
          19          63  0.870631891766449     
          63          64   1.11125215134383     
          64          65  0.937718140942672     
          65          66  0.991273619334641     
          66          67  0.978545485568790     
          66          68  0.982529329211799     
          66          69  0.983058744303831     
          65          70  0.996432145480404     
          70          71  0.982025498242588     
          70          72  0.983410679032493     
          70          73  0.982336559138690     
          65          74  0.937617584060150     
          63          75   1.11712391628454     
          74          75  0.936329729944132     
          74          76  0.995766084350517     
          76          77  0.982982724902150     
          76          78  0.982301621434361     
          76          79  0.981770487615144     
          74          80  0.991129294531746     
          80          81  0.984011114340120     
          80          82  0.983216198418194     
          80          83  0.983301871128978     
           4          84  0.968870560065411     
          14          85  0.969095550517433     
          19          86  0.584805467416395     
          20          86  0.346754001887707     
          86          87   1.44003840922239     
          86          88   1.32057719891585     
          87          89   1.33139519883256     
          87          90  0.960738000599683     
          88          91   1.46804394942022     
          88          92  0.955071422934993     
          89          93   1.21800549053343     
          91          93   1.33056573847791     
          89          94   1.20564304074010     
          93          95   1.19734012984761     
          94          96   1.58155247436041     
          95          96   1.18906550595070     
          94          97   1.01464910343496     
          95          98  0.925889681766060     
          96          99  0.968793515768936     
          97         100   1.00722034976641     
          97         101  0.967289606259567     
          97         102  0.976826774549028     
         100         103  0.987942841561470     
         100         104  0.987204457135699     
         100         105  0.988931411858836     
