   -0.12126796
    0.07691661
   -0.04230234
   -0.02077818
   -0.04194615
    0.04805707
    0.05770891
    0.05969439
    0.04982524
    0.07302828
   -0.12824541
    0.04208457
   -0.04295747
   -0.02297800
   -0.04502536
    0.04964117
    0.05481439
    0.07887467
   -0.14412443
    0.10928284
    0.40334229
   -0.40290714
    0.12921501
   -0.12305301
    0.05509160
    0.04607821
    0.05300510
   -0.11099484
    0.04912028
    0.04350489
    0.02761444
    0.13050877
   -0.40323485
   -0.12350761
    0.05414131
    0.04694605
    0.05056136
   -0.12126240
    0.04677899
    0.05435185
    0.04665399
    0.40676122
   -0.37492671
    0.12845791
   -0.12609789
    0.05669279
    0.05518220
    0.05032547
   -0.12256606
    0.04970645
    0.04932370
    0.05183099
    0.12745284
   -0.38530347
   -0.12534949
    0.05337216
    0.05463571
    0.04919120
   -0.12358645
    0.04827016
    0.05147679
    0.04989076
    0.40231387
   -0.37688411
    0.12482172
   -0.13178206
    0.06030095
    0.05462641
    0.05093202
   -0.12977489
    0.06040251
    0.05133875
    0.05293095
    0.12633269
   -0.37409410
   -0.12578730
    0.05146361
    0.05442546
    0.05759319
   -0.12362539
    0.04214867
    0.05051135
    0.05558268
    0.05617891
    0.05280945
   -0.04768659
   -0.04176288
    0.15978444
    0.08535300
    0.05629178
   -0.24685673
   -0.05467047
   -0.05424485
   -0.21077042
    0.07479827
    0.07000176
