           1           2   1.31756922801374     
           2           3   1.35289563453836     
           3           4   1.47878120816855     
           4           5   1.38896171234329     
           1           6   1.39189096396493     
           3           6  0.105757489187789     
           5           6   1.45561811855557     
           6           7  0.956645956149637     
           5           8  0.967995798414419     
           3           9  0.961462324738658     
           2          10   1.08630110822664     
          10          11   1.31021903916449     
          11          12   1.38995125531102     
          12          13   1.45308745736975     
          13          14   1.39156407738641     
          10          15   1.35733241861894     
          12          15  0.104929535443074     
          14          15   1.47402484741766     
          15          16  0.961355005275298     
          13          17  0.968527848540179     
          12          18  0.946832855341729     
           1          19  0.429873298421357     
          11          19  0.416830125259791     
          19          20  0.541123143440521     
          19          21  0.743586922328528     
          21          22   1.10006376288180     
          22          23  0.940302855441692     
          23          24  0.996699834970693     
          24          25  0.982459191606491     
          24          26  0.983432614692643     
          24          27  0.982996800355887     
          23          28  0.990295562407579     
          28          29  0.983933727272101     
          28          30  0.983900828333321     
          28          31  0.984973265560876     
          23          32  0.941214596233870     
          21          33   1.11113125138996     
          32          33  0.937076703089747     
          32          34  0.991074068141410     
          34          35  0.980775445093760     
          34          36  0.983452874626645     
          34          37  0.981626106077896     
          32          38  0.997281867430944     
          38          39  0.983081873196001     
          38          40  0.982591607794544     
          38          41  0.983584105655648     
          19          42  0.849497173219500     
          42          43   1.13663901107352     
          43          44  0.935329598006335     
          44          45  0.996328769168502     
          45          46  0.981593434156389     
          45          47  0.982009602530795     
          45          48  0.982982243661988     
          44          49  0.990948265535457     
          49          50  0.983245832110816     
          49          51  0.982391120234008     
          49          52  0.980283043253290     
          44          53  0.938193876788469     
          42          54   1.10279504431146     
          53          54  0.933372055845019     
          53          55  0.995980127756337     
          55          56  0.982513987596608     
          55          57  0.982734177208169     
          55          58  0.983032777810241     
          53          59  0.992036965490462     
          59          60  0.982297192924719     
          59          61  0.983049403239670     
          59          62  0.983096943497066     
          19          63  0.852451642402770     
          63          64   1.11336844220839     
          64          65  0.935961374828658     
          65          66  0.991411045412494     
          66          67  0.978420839153025     
          66          68  0.982337184410967     
          66          69  0.983069188383371     
          65          70  0.996630748149558     
          70          71  0.982046031510396     
          70          72  0.983346896512107     
          70          73  0.982237225857843     
          65          74  0.937792630183399     
          63          75   1.12632663066119     
          74          75  0.934328630868719     
          74          76  0.995933829660399     
          76          77  0.982906307331233     
          76          78  0.982199090533909     
          76          79  0.981605377388987     
          74          80  0.991435400030173     
          80          81  0.984104842970705     
          80          82  0.983021755667659     
          80          83  0.983156951108513     
           4          84  0.968403308192888     
          14          85  0.968627558939292     
          19          86  0.575667497289996     
          20          86  0.344664821889931     
          86          87   1.37694756302116     
          86          88   1.34262912395120     
          87          89   1.41121310611884     
          87          90  0.960394570752090     
          88          91  0.931841078373111     
          87          92  0.100456749256024     
          88          92   1.41209136779609     
          89          93   1.40285592664738     
          92          93   1.42115617026491     
          89          94  0.945414678792559     
          92          95  0.962422012607957     
          93          96  0.965892403748154     
