   -0.12701673
    0.07971966
   -0.04172833
   -0.02263316
   -0.04438952
    0.04844181
    0.04874773
    0.05262490
    0.04366568
    0.07315233
   -0.12116227
    0.04399866
   -0.04584599
   -0.02588276
   -0.04598067
    0.04405971
    0.04904961
    0.06996360
   -0.15567013
    0.08421117
    0.40177660
   -0.41014729
    0.13066303
   -0.12037481
    0.05284057
    0.04456202
    0.04984175
   -0.10955382
    0.04705819
    0.04158560
    0.02926414
    0.13134788
   -0.40538970
   -0.11951544
    0.05085908
    0.04540866
    0.04762046
   -0.11870795
    0.04676416
    0.05168676
    0.04467174
    0.40632425
   -0.38247059
    0.12832179
   -0.12561924
    0.05361911
    0.05649864
    0.04885834
   -0.12099210
    0.04736859
    0.04410789
    0.05321368
    0.12753279
   -0.38362321
   -0.12312026
    0.05257614
    0.05318580
    0.04772161
   -0.12332473
    0.04534404
    0.05172732
    0.05050140
    0.40002775
   -0.37725822
    0.12535229
   -0.12786436
    0.05585954
    0.05409773
    0.04812115
   -0.12909131
    0.06039108
    0.04928982
    0.05225993
    0.12734967
   -0.38756002
   -0.12312551
    0.04980151
    0.05224373
    0.05347109
   -0.12179719
    0.03947414
    0.04979260
    0.05362545
    0.04963189
    0.04739603
   -0.02710859
    0.01445441
   -0.04002178
   -0.10773050
   -0.04841557
   -0.04017999
    0.04412001
    0.04878248
    0.03215061
    0.04237518
   -0.04431161
    0.02572957
    0.02487921
    0.02644958
