           1           2   1.30418005635141     
           2           3   1.35060606831533     
           3           4   1.48197173251792     
           4           5   1.38184862648431     
           1           6   1.38866474692044     
           3           6  0.105176252624323     
           5           6   1.45963515937369     
           6           7  0.957360895648373     
           5           8  0.968866007300271     
           3           9  0.962105224729880     
           2          10   1.09270350989940     
          10          11   1.29830167637586     
          11          12   1.38526582783582     
          12          13   1.45804432416487     
          13          14   1.38318200508543     
          10          15   1.35464736573100     
          12          15  0.104477210298820     
          14          15   1.47764228838923     
          15          16  0.961954646862211     
          13          17  0.969180427330563     
          12          18  0.951258906152530     
           1          19  0.426543592037324     
          11          19  0.450851683639089     
          19          20  0.519850275159941     
          19          21  0.717572116601638     
          21          22   1.08894443360414     
          22          23  0.943111109329599     
          23          24  0.996371262247326     
          24          25  0.982719728400429     
          24          26  0.983685601754038     
          24          27  0.983366045121195     
          23          28  0.989859463306616     
          28          29  0.984085847350278     
          28          30  0.983964591845444     
          28          31  0.985461681123651     
          23          32  0.941131788103525     
          21          33   1.10858243568786     
          32          33  0.939840550981361     
          32          34  0.990710874130060     
          34          35  0.981481748665841     
          34          36  0.983729160055857     
          34          37  0.982300684999784     
          32          38  0.996622902429906     
          38          39  0.983197523887474     
          38          40  0.982575298952465     
          38          41  0.983741589396757     
          19          42  0.852781433895255     
          42          43   1.11494604958215     
          43          44  0.937884373662899     
          44          45  0.995997485161763     
          45          46  0.982178909550728     
          45          47  0.981647250752290     
          45          48  0.983326913856352     
          44          49  0.991031707145827     
          49          50  0.983356318804857     
          49          51  0.982831122902050     
          49          52  0.978483504474454     
          44          53  0.937011926451244     
          42          54   1.10875660207849     
          53          54  0.936759637132899     
          53          55  0.995718241273029     
          55          56  0.982261991634339     
          55          57  0.982825869989470     
          55          58  0.983196503221885     
          53          59  0.991772045868407     
          59          60  0.982020487513303     
          59          61  0.983103628737402     
          59          62  0.982983727165892     
          19          63  0.868794041582946     
          63          64   1.11047389317851     
          64          65  0.940798871097171     
          65          66  0.990853614274383     
          66          67  0.979039199781917     
          66          68  0.982544183101197     
          66          69  0.983320541054734     
          65          70  0.995888083619082     
          70          71  0.982008100144436     
          70          72  0.983666541017109     
          70          73  0.982269474795329     
          65          74  0.937820039494363     
          63          75   1.10841358516125     
          74          75  0.936950956069801     
          74          76  0.996174697149954     
          76          77  0.982911914740696     
          76          78  0.982300443137423     
          76          79  0.982367125142036     
          74          80  0.991199361611491     
          80          81  0.983487626074124     
          80          82  0.983288939177782     
          80          83  0.983320062773413     
           4          84  0.969149799387500     
          14          85  0.969242659420359     
          19          86  0.583709619671596     
          20          86  0.357409212503744     
          86          87   1.37601897045049     
          86          88   1.37567357913019     
          87          89   1.01949258824352     
          87          90   1.39705959594759     
          88          90  0.106226765859681     
          87          91  0.102315157159503     
          88          91   1.45037865899111     
          88          92  0.956732074881781     
          89          93  0.971901663076172     
          89          94  0.970670231366013     
          89          95  0.978149178115187     
          90          96   1.45119612940069     
          91          96   1.41729550686518     
          90          97  0.968053264169353     
          91          98  0.969413610644182     
          96          99  0.970632610300827     
