   -0.13163732
    0.07469709
   -0.04461198
   -0.02324853
   -0.04541548
    0.04788641
    0.05159933
    0.05379968
    0.04551527
    0.06910860
   -0.12638405
    0.04172270
   -0.04349938
   -0.02559248
   -0.04493130
    0.04412820
    0.04802907
    0.07966083
   -0.16266243
    0.09557739
    0.40687500
   -0.40843351
    0.13009693
   -0.11981922
    0.05134249
    0.04368020
    0.05123471
   -0.10896793
    0.04652632
    0.04162701
    0.02727313
    0.13118793
   -0.40831110
   -0.12063376
    0.05272253
    0.04459599
    0.04813131
   -0.11907923
    0.04525699
    0.05279973
    0.04476059
    0.40476836
   -0.38573156
    0.12917110
   -0.12469952
    0.05518517
    0.05433208
    0.04886606
   -0.12053843
    0.04769781
    0.04483128
    0.05129329
    0.12774692
   -0.37840087
   -0.12459332
    0.05367143
    0.05549129
    0.04771478
   -0.12296794
    0.04611242
    0.05102258
    0.05181292
    0.40786205
   -0.37715748
    0.12529924
   -0.12952713
    0.05790077
    0.05401255
    0.04962726
   -0.12947262
    0.06124560
    0.05020134
    0.05255282
    0.12798672
   -0.38236464
   -0.12289731
    0.05056716
    0.05281738
    0.05408252
   -0.12055095
    0.04030652
    0.04686421
    0.05436239
    0.05106986
    0.04601292
   -0.02667067
   -0.00610922
   -0.08007491
   -0.00868904
   -0.03487646
   -0.07420749
    0.01220396
    0.00694977
    0.06423295
    0.05875418
    0.01898742
    0.00956720
   -0.03543259
   -0.04466419
   -0.03414440
    0.04358008
   -0.03573578
    0.02790583
   -0.03862831
    0.03592844
    0.03555539
    0.03537306
