           1           2   1.30097499799849     
           2           3   1.34515057241958     
           3           4   1.48623918409973     
           4           5   1.37674927627039     
           1           6   1.38646465088139     
           3           6  0.105466647325554     
           5           6   1.46329571187902     
           6           7  0.957435627981707     
           5           8  0.968728857248962     
           3           9  0.962073191336708     
           2          10   1.09723620470417     
          10          11   1.29360094974052     
          11          12   1.37457704095626     
          12          13   1.46263529222717     
          13          14   1.37989587754602     
          10          15   1.35214587510063     
          12          15  0.104379408235251     
          14          15   1.47781861909895     
          15          16  0.962044792121205     
          13          17  0.969100255293603     
          12          18  0.945787750682964     
           1          19  0.436734604762126     
          11          19  0.440920937976265     
          19          20  0.567500245127624     
          19          21  0.698996751934261     
          21          22   1.09241411379436     
          22          23  0.943381333367573     
          23          24  0.996089278640268     
          24          25  0.982729668702086     
          24          26  0.983727084771586     
          24          27  0.983150551053936     
          23          28  0.990135683629112     
          28          29  0.984093786064152     
          28          30  0.983995668035668     
          28          31  0.983873015373077     
          23          32  0.940342280771748     
          21          33   1.10668128074637     
          32          33  0.939192927936445     
          32          34  0.991218514666094     
          34          35  0.980314374197863     
          34          36  0.983532009147858     
          34          37  0.982045180153209     
          32          38  0.996836763834707     
          38          39  0.983043891117407     
          38          40  0.982900511422072     
          38          41  0.983800269750807     
          19          42  0.865221127432264     
          42          43   1.11047201372415     
          43          44  0.936189140611165     
          44          45  0.996860573485427     
          45          46  0.982371599713159     
          45          47  0.981853948753401     
          45          48  0.983164622345100     
          44          49  0.990375017790513     
          49          50  0.983645600528291     
          49          51  0.982333256944298     
          49          52  0.979772911198617     
          44          53  0.939800765369510     
          42          54   1.11161231674820     
          53          54  0.933624259022359     
          53          55  0.996408860697495     
          55          56  0.982543748415457     
          55          57  0.982748499566685     
          55          58  0.983182562913727     
          53          59  0.991594002160357     
          59          60  0.982720280599727     
          59          61  0.983175563193188     
          59          62  0.982889918843801     
          19          63  0.846497887654760     
          63          64   1.11044225905157     
          64          65  0.937579710190561     
          65          66  0.991100562556147     
          66          67  0.978804777112136     
          66          68  0.982551036797423     
          66          69  0.983192860527027     
          65          70  0.996342300698339     
          70          71  0.981964965378833     
          70          72  0.983495027165757     
          70          73  0.982344736576214     
          65          74  0.938606094756339     
          63          75   1.11403421614253     
          74          75  0.935749534018387     
          74          76  0.996467661916183     
          76          77  0.982900571448190     
          76          78  0.982101809721838     
          76          79  0.981489568159105     
          74          80  0.990724899836288     
          80          81  0.984214836893220     
          80          82  0.983220427028717     
          80          83  0.983349272693429     
           4          84  0.968977944374754     
          14          85  0.969319480702386     
          19          86  0.606522086457904     
          20          86  0.318584638203945     
          86          87   1.20184399679208     
          86          88   1.47487516627281     
          87          89   1.00221549894174     
          86          90  0.120764003962189     
          87          90   1.19936841199919     
          88          91   1.33644508536234     
          90          91   1.53718393708785     
          88          92  0.967935303866385     
          89          93  0.992311848185406     
          89          94  0.945350262027086     
          89          95  0.955078304043334     
          90          96  0.969504755007457     
          91          97  0.974399003622348     
          93          98   1.42087893984861     
          93          99   1.40555753088434     
          98         100   1.43588637561803     
          99         100  0.111944150318808     
          98         101  0.965302045548685     
          98         102  0.110107163517480     
          99         102   1.45245582136142     
          99         103  0.969997528466880     
          93         104  0.109076459056012     
         100         104   1.44579479901900     
         102         104   1.43094745026237     
         100         105  0.970715504462864     
         102         106  0.970704212862049     
         104         107  0.971062107539076     
