   -0.12284855
    0.07563412
   -0.04400740
   -0.02313010
   -0.04492504
    0.04818769
    0.05044651
    0.05331509
    0.04498761
    0.07185085
   -0.12745101
    0.04171235
   -0.04560572
   -0.02555368
   -0.04537015
    0.04296520
    0.04885048
    0.07527532
   -0.15688287
    0.08532431
    0.40211373
   -0.40931107
    0.13023619
   -0.12074273
    0.05287481
    0.04402557
    0.05047860
   -0.10851718
    0.04661128
    0.04096619
    0.02778630
    0.13091776
   -0.40534986
   -0.12001493
    0.05055331
    0.04507879
    0.04875994
   -0.11943993
    0.04670104
    0.05261350
    0.04447008
    0.40217544
   -0.38507750
    0.12861305
   -0.12547261
    0.05486300
    0.05531687
    0.04877573
   -0.12102452
    0.04769534
    0.04450393
    0.05222502
    0.12755060
   -0.38287345
   -0.12392622
    0.05329338
    0.05396916
    0.04746884
   -0.12331858
    0.04489142
    0.05158483
    0.05051881
    0.40197449
   -0.37887176
    0.12521006
   -0.12987032
    0.05866192
    0.05363113
    0.04913670
   -0.12875653
    0.06032666
    0.04986304
    0.05169598
    0.12716314
   -0.38241193
   -0.12362756
    0.05014893
    0.05289711
    0.05441382
   -0.12151903
    0.03981606
    0.04908402
    0.05385792
    0.05044204
    0.04690262
   -0.01791443
   -0.03996053
   -0.04178208
    0.00948957
    0.02068886
   -0.03661693
    0.03659372
   -0.05294002
   -0.11541513
    0.02828391
    0.02850004
    0.03767830
    0.04873019
    0.04915712
