           1           2   1.30751535851680     
           2           3   1.34494533438236     
           3           4   1.48696368400484     
           4           5   1.37762929286032     
           1           6   1.38736311990553     
           3           6  0.106168610716094     
           5           6   1.46295661963803     
           6           7  0.957114831527149     
           5           8  0.968763163867517     
           3           9  0.961956530354119     
           2          10   1.09569136817365     
          10          11   1.29893813135321     
          11          12   1.38315712665744     
          12          13   1.46085289703732     
          13          14   1.38038575430015     
          10          15   1.35090218902616     
          12          15  0.105154753589404     
          14          15   1.48081435121570     
          15          16  0.961966515538564     
          13          17  0.969196097848472     
          12          18  0.948080255293949     
           1          19  0.446116135951260     
          11          19  0.435379029736574     
          19          20  0.525385958903631     
          19          21  0.719163456968883     
          21          22   1.08950233072278     
          22          23  0.943465349912415     
          23          24  0.996367199116282     
          24          25  0.982806399009747     
          24          26  0.983706457143190     
          24          27  0.983341373920048     
          23          28  0.989906127417825     
          28          29  0.984169876604893     
          28          30  0.984077658377167     
          28          31  0.985191646077556     
          23          32  0.941147742858668     
          21          33   1.10752420683886     
          32          33  0.940091811214737     
          32          34  0.990697189740261     
          34          35  0.981732911263491     
          34          36  0.983794918470877     
          34          37  0.982365037596473     
          32          38  0.996766996074400     
          38          39  0.983168558095191     
          38          40  0.982866791073138     
          38          41  0.983834331039882     
          19          42  0.863022723789090     
          42          43   1.11191164679813     
          43          44  0.937404595978571     
          44          45  0.996585103287893     
          45          46  0.982263868021126     
          45          47  0.981907980883975     
          45          48  0.983270227231236     
          44          49  0.990750261645237     
          49          50  0.983538802780403     
          49          51  0.982855384681912     
          49          52  0.979651447018828     
          44          53  0.938952329554657     
          42          54   1.10610248540780     
          53          54  0.935969364840564     
          53          55  0.996097152886405     
          55          56  0.982581130518024     
          55          57  0.982847501793617     
          55          58  0.983315132454526     
          53          59  0.991331100934053     
          59          60  0.982194341785123     
          59          61  0.983230165429973     
          59          62  0.983034881347974     
          19          63  0.873704304197145     
          63          64   1.10948780125094     
          64          65  0.939013159680878     
          65          66  0.991058009832431     
          66          67  0.978552307679085     
          66          68  0.982590690771344     
          66          69  0.983181380630437     
          65          70  0.996340417863129     
          70          71  0.982023103192654     
          70          72  0.983525043456073     
          70          73  0.982330360640886     
          65          74  0.937768130546496     
          63          75   1.11505550249697     
          74          75  0.936681255789236     
          74          76  0.995900677431994     
          76          77  0.982989885984387     
          76          78  0.982328893891280     
          76          79  0.981887179808361     
          74          80  0.991133436186469     
          80          81  0.983935986647332     
          80          82  0.983285595734444     
          80          83  0.983363035031187     
           4          84  0.969042843662883     
          14          85  0.969245504326893     
          19          86  0.585025257655093     
          20          86  0.354045839861888     
          86          87   1.39154997966931     
          86          88   1.38272068205218     
          87          89   1.41116198020519     
          88          89  0.104733645553481     
          87          90  0.960938885328992     
          87          91  0.102566726317048     
          88          91   1.44056368102905     
          88          92  0.961379956499341     
          86          93  0.100298997209279     
          89          93   1.40510469781069     
          91          93   1.43648983494270     
          89          94   1.02179976940676     
          91          95  0.969274519725719     
          93          96  0.969843185040548     
          94          97  0.985881924203279     
          94          98  0.972104002766154     
          94          99  0.975343416873569     
