   -0.12871762
    0.07664001
   -0.04290246
   -0.02056856
   -0.04247291
    0.05003768
    0.05417786
    0.05917354
    0.04845694
    0.07274413
   -0.13908204
    0.04284574
   -0.04403056
   -0.02398787
   -0.04516666
    0.04805492
    0.05229099
    0.07300007
   -0.13704585
    0.08741011
    0.40802100
   -0.40601499
    0.13016307
   -0.12214945
    0.05502489
    0.04592707
    0.05241470
   -0.10922300
    0.04880123
    0.04266753
    0.02582118
    0.13170585
   -0.40826218
   -0.12262061
    0.05361895
    0.04711776
    0.05098690
   -0.11954217
    0.04479941
    0.05390058
    0.04669068
    0.40984335
   -0.37635834
    0.12932656
   -0.13171775
    0.06364125
    0.05745793
    0.05365413
   -0.12115156
    0.04946382
    0.05019886
    0.04971060
    0.12901083
   -0.39310746
   -0.12175487
    0.04771600
    0.05067045
    0.04978510
   -0.12575460
    0.05609415
    0.05307552
    0.04909237
    0.40646990
   -0.37104160
    0.12576985
   -0.13581707
    0.05799054
    0.06485311
    0.05477148
   -0.13153742
    0.06574115
    0.05253494
    0.05213224
    0.12724256
   -0.38044153
   -0.12594852
    0.05320515
    0.05288965
    0.05801726
   -0.12284072
    0.03984147
    0.05052401
    0.05631212
    0.05575881
    0.05178859
   -0.04159508
   -0.03011042
    0.07176139
   -0.06180547
    0.04785357
   -0.06171005
   -0.14739325
    0.15743590
    0.05987835
    0.08426536
   -0.25639845
