           1           2   1.31655495289036     
           2           3   1.34990336622983     
           3           4   1.48155261448704     
           4           5   1.38655808404575     
           1           6   1.39213870060144     
           3           6  0.105889212888531     
           5           6   1.45695416911762     
           6           7  0.957022905674394     
           5           8  0.968085393384127     
           3           9  0.961564706932617     
           2          10   1.09035258830025     
          10          11   1.30619809509774     
          11          12   1.38476840665395     
          12          13   1.45829077492628     
          13          14   1.38623301789222     
          10          15   1.35484292449411     
          12          15  0.104898205505641     
          14          15   1.47660181276224     
          15          16  0.961447849082598     
          13          17  0.968803759168585     
          12          18  0.948021838842011     
           1          19  0.421020535135963     
          11          19  0.402084737591472     
          19          20  0.546669413904932     
          19          21  0.722132629123288     
          21          22   1.10133680858271     
          22          23  0.939623875235117     
          23          24  0.996742276807685     
          24          25  0.982395674988491     
          24          26  0.983370560247329     
          24          27  0.983047961589566     
          23          28  0.990526053340774     
          28          29  0.983839696369063     
          28          30  0.983967897266217     
          28          31  0.984731885491132     
          23          32  0.941216351428506     
          21          33   1.10744893944241     
          32          33  0.936375692400839     
          32          34  0.991361306417197     
          34          35  0.980897901855435     
          34          36  0.983404026851195     
          34          37  0.981193014974010     
          32          38  0.997371940344478     
          38          39  0.983247246346834     
          38          40  0.982365370570100     
          38          41  0.983478759740151     
          19          42  0.848717704802431     
          42          43   1.14100231101219     
          43          44  0.933720116822745     
          44          45  0.995615899940919     
          45          46  0.978658101533133     
          45          47  0.981196541476919     
          45          48  0.982248055992464     
          44          49  0.992109555837088     
          49          50  0.982853555712347     
          49          51  0.982407489563450     
          49          52  0.979797661803722     
          44          53  0.936066388779679     
          42          54   1.09841659752897     
          53          54  0.931793508793864     
          53          55  0.994653855965626     
          55          56  0.982804801146554     
          55          57  0.982956266725817     
          55          58  0.982659296776425     
          53          59  0.993820972988824     
          59          60  0.978331433322138     
          59          61  0.982291754846058     
          59          62  0.982895962820438     
          19          63  0.856067411528684     
          63          64   1.12216724286767     
          64          65  0.931756693576931     
          65          66  0.992187094927894     
          66          67  0.979287699016351     
          66          68  0.978991099265874     
          66          69  0.982188556705463     
          65          70  0.997057540383335     
          70          71  0.981252495159752     
          70          72  0.983008994983767     
          70          73  0.982238800219360     
          65          74  0.938465865363557     
          63          75   1.11996244471824     
          74          75  0.932076733513055     
          74          76  0.996445448157582     
          76          77  0.982450357117222     
          76          78  0.982278569747495     
          76          79  0.981838114447698     
          74          80  0.991554955491499     
          80          81  0.983952433430527     
          80          82  0.983103330826085     
          80          83  0.983008560832573     
           4          84  0.968428970188824     
          14          85  0.968759034975172     
          19          86  0.590443695912044     
          20          86  0.343387182264453     
          86          87   1.36544639852752     
          86          88   1.36943882911554     
          87          89   1.44503495290744     
          87          90  0.959405611964431     
          87          91  0.104121360003491     
          88          91   1.41229351029252     
          88          92  0.964862250266789     
          89          93   1.38632154444836     
          91          93   1.39833081941173     
          89          94  0.965334231496829     
          91          95  0.960726626736368     
          93          96  0.930845793051536     
