           1           2   1.45293485140649     
           2           3   1.43262027607552     
           1           4  0.112020644648197     
           3           4   1.44311690274593     
           2           5  0.109570228427493     
           4           5   1.44024199007498     
           1           6   1.40542298236535     
           3           6  0.109763027145264     
           5           6   1.41727068259611     
           6           7   1.02596814686132     
           1           8  0.970162104833531     
           2           9  0.971191573580158     
           3          10  0.971603772465574     
           4          11  0.971246610312169     
           5          12  0.969113279814199     
           7          13  0.985650737359586     
           7          14  0.971744307465110     
           7          15  0.972254351898818     
