           1           2   1.43415843187256     
           2           3   1.43927540667957     
           1           4  0.111726506231323     
           3           4   1.43924199295637     
           2           5  0.111718323811319     
           4           5   1.43418958002005     
           1           6   1.42670875843972     
           3           6  0.104234859539018     
           5           6   1.42670142443337     
           6           7  0.954468166408312     
           1           8  0.968236509631651     
           2           9  0.967427379079976     
           3          10  0.969181843692698     
           4          11  0.967426924935155     
           5          12  0.968239875496149     
