   -0.13136251
    0.08054640
   -0.04223472
   -0.01962208
   -0.04152184
    0.05440572
    0.05374231
    0.06118354
    0.04826376
    0.07763370
   -0.14583043
    0.04321961
   -0.04372206
   -0.02331752
   -0.04366411
    0.04972469
    0.05756721
    0.07267606
   -0.14177168
    0.09165598
    0.41513989
   -0.40572838
    0.13057215
   -0.12214788
    0.05586594
    0.04787696
    0.05245842
   -0.11029930
    0.05133764
    0.04232508
    0.02569809
    0.13211577
   -0.40809291
   -0.12444675
    0.05498522
    0.04900903
    0.05303960
   -0.12060223
    0.04524345
    0.05565722
    0.04879822
    0.41196290
   -0.37680744
    0.12950890
   -0.13451332
    0.06586489
    0.05845464
    0.05644099
   -0.12188924
    0.05073300
    0.05104726
    0.05005488
    0.12886036
   -0.39557959
   -0.12258193
    0.04616738
    0.05182261
    0.05191995
   -0.12947374
    0.05976614
    0.05596879
    0.05226999
    0.40860696
   -0.37077763
    0.12592136
   -0.13649529
    0.05649638
    0.06715800
    0.05708249
   -0.13262497
    0.06757111
    0.05386257
    0.05264908
    0.12801381
   -0.38288540
   -0.12637036
    0.05456387
    0.05299333
    0.05900029
   -0.12234914
    0.03809402
    0.05054272
    0.05735156
    0.05735686
    0.05600359
   -0.04181073
   -0.04208258
    0.07670880
    0.49037443
   -0.03645668
   -0.03516691
   -0.13692025
   -0.21148104
   -0.23304440
   -0.23561674
   -0.03985444
    0.05079592
    0.08648597
    0.06992879
