           1           2   1.32615279579503     
           2           3   1.35495239016398     
           3           4   1.47614488927492     
           4           5   1.39529355503402     
           1           6   1.39983070841150     
           3           6  0.105892932079740     
           5           6   1.45005361099612     
           6           7  0.957291662986938     
           5           8  0.967868062540038     
           3           9  0.961668829333440     
           2          10   1.08427311182440     
          10          11   1.31070186292702     
          11          12   1.38270820132350     
          12          13   1.45657660318842     
          13          14   1.39116163225806     
          10          15   1.36052977402501     
          12          15  0.104336947838097     
          14          15   1.47126657705506     
          15          16  0.961343852822514     
          13          17  0.968156298834594     
          12          18  0.948613084082071     
           1          19  0.390250625877654     
          11          19  0.403825947915940     
          19          20  0.538777180103876     
          19          21  0.719997022075648     
          21          22   1.10697633814881     
          22          23  0.936952437576585     
          23          24  0.996711894781016     
          24          25  0.982261632773357     
          24          26  0.983129343389751     
          24          27  0.983000452213357     
          23          28  0.990667404582598     
          28          29  0.983547197160229     
          28          30  0.983752872930491     
          28          31  0.983911245453245     
          23          32  0.941516880947965     
          21          33   1.11313970514950     
          32          33  0.932351039422889     
          32          34  0.991793551072157     
          34          35  0.980338745743283     
          34          36  0.982995633780624     
          34          37  0.980144498369625     
          32          38  0.997789728821209     
          38          39  0.983150878516630     
          38          40  0.981937441238209     
          38          41  0.983124337205995     
          19          42  0.841211332789348     
          42          43   1.14524884635645     
          43          44  0.931198793218859     
          44          45  0.995224042188652     
          45          46  0.977455896362462     
          45          47  0.981044909899267     
          45          48  0.981949467411868     
          44          49  0.992665218928287     
          49          50  0.982537487774265     
          49          51  0.981834030115731     
          49          52  0.979047851261188     
          44          53  0.936133814045757     
          42          54   1.10054915545477     
          53          54  0.928147344215450     
          53          55  0.994720384442519     
          55          56  0.982885253625382     
          55          57  0.982785834362168     
          55          58  0.982334676703174     
          53          59  0.994416729240154     
          59          60  0.977637802869078     
          59          61  0.981910588884984     
          59          62  0.982542711160777     
          19          63  0.851114460585623     
          63          64   1.12530643717481     
          64          65  0.928847443067056     
          65          66  0.992183949225496     
          66          67  0.980192705503861     
          66          68  0.978697698177563     
          66          69  0.982036819081862     
          65          70  0.997463284474077     
          70          71  0.981001832866716     
          70          72  0.982783742216355     
          70          73  0.982184430137954     
          65          74  0.939626550468321     
          63          75   1.11795150140655     
          74          75  0.930064088240843     
          74          76  0.996913104771276     
          76          77  0.982238538524606     
          76          78  0.982349956038965     
          76          79  0.981676747299785     
          74          80  0.991456468845473     
          80          81  0.983505698445680     
          80          82  0.983076657656536     
          80          83  0.982908323516695     
           4          84  0.968182436885325     
          14          85  0.968293556461274     
          19          86  0.601881647623923     
          20          86  0.351853348450415     
          86          87   1.33922697915743     
          86          88   1.34045953585968     
          87          89  0.952606948160685     
          87          90   1.38844635546927     
          88          91   1.43920792787152     
          88          92  0.964033471741041     
          89          93  0.947788251910276     
          89          94  0.924988534090029     
          89          95  0.921271768732453     
          90          96   1.44847472462656     
          91          96   1.40653452812263     
          90          97  0.965645974235512     
          91          98  0.960714288324095     
          96          99  0.965204903923710     
