   -0.12242987
    0.07727880
   -0.04214847
   -0.02212734
   -0.04317328
    0.04834099
    0.05339763
    0.05639961
    0.04573600
    0.07331863
   -0.12660552
    0.04209721
   -0.04503640
   -0.02402688
   -0.04571820
    0.04610625
    0.05037747
    0.07526018
   -0.15411584
    0.09209252
    0.40190503
   -0.40973508
    0.13032732
   -0.12161497
    0.05408320
    0.04525254
    0.05048021
   -0.10870384
    0.04750695
    0.04062060
    0.02747008
    0.13050892
   -0.40138176
   -0.12032129
    0.04866658
    0.04685264
    0.05064895
   -0.12003593
    0.04713321
    0.05352303
    0.04523466
    0.40419080
   -0.38057687
    0.12820158
   -0.12680320
    0.05592288
    0.05687340
    0.05034535
   -0.12253378
    0.04914954
    0.04617213
    0.05313089
    0.12753210
   -0.38229469
   -0.12431137
    0.05383440
    0.05375044
    0.04890997
   -0.12478471
    0.04839825
    0.05335710
    0.04801854
    0.39881150
   -0.37611707
    0.12460734
   -0.13147250
    0.06030365
    0.05439830
    0.05032319
   -0.12946664
    0.06057450
    0.05102485
    0.05155367
    0.12617134
   -0.37896094
   -0.12457509
    0.05098451
    0.05331236
    0.05511764
   -0.12318677
    0.04056208
    0.05088117
    0.05460756
    0.05298147
    0.04982549
   -0.02811343
   -0.06243037
   -0.05761730
    0.10207835
    0.03057975
    0.00384794
    0.05253668
    0.03870320
   -0.26786324
   -0.11884169
   -0.31424586
    0.22339472
    0.06188231
    0.05063503
    0.06477252
   -0.14368020
    0.08765058
    0.08255326
    0.08196884
