           1           2   1.31127983029783     
           2           3   1.34962992987735     
           3           4   1.48227029653533     
           4           5   1.38284465908250     
           1           6   1.38749626441012     
           3           6  0.105802100450218     
           5           6   1.46019752913324     
           6           7  0.956847060867832     
           5           8  0.968404305781893     
           3           9  0.962065913213389     
           2          10   1.09019238035730     
          10          11   1.30601593197140     
          11          12   1.38812178189215     
          12          13   1.45690142849128     
          13          14   1.38517238581743     
          10          15   1.35300185548612     
          12          15  0.105452541886074     
          14          15   1.47895115778212     
          15          16  0.961932835867756     
          13          17  0.969025753274404     
          12          18  0.947819322795907     
           1          19  0.438349785004280     
          11          19  0.430255464035483     
          19          20  0.529817524999547     
          19          21  0.730783410655083     
          21          22   1.08855087993606     
          22          23  0.943038788061821     
          23          24  0.996553483582247     
          24          25  0.982649672310143     
          24          26  0.983607928885542     
          24          27  0.983322901429576     
          23          28  0.989778933531456     
          28          29  0.984044793037121     
          28          30  0.984082861307483     
          28          31  0.985401315645784     
          23          32  0.941250277042755     
          21          33   1.11268553308405     
          32          33  0.939230014332480     
          32          34  0.990780838609331     
          34          35  0.982829159254001     
          34          36  0.983710041235897     
          34          37  0.982239476595535     
          32          38  0.996779951983791     
          38          39  0.983200818833296     
          38          40  0.982711285532884     
          38          41  0.983699068842968     
          19          42  0.856807335120587     
          42          43   1.12055212894984     
          43          44  0.934848269447177     
          44          45  0.996839259996620     
          45          46  0.982082440119966     
          45          47  0.981578634294061     
          45          48  0.982981993220258     
          44          49  0.991071363525481     
          49          50  0.983310260064684     
          49          51  0.982559359693041     
          49          52  0.979466748532401     
          44          53  0.939053335561510     
          42          54   1.10928625071852     
          53          54  0.933743821050001     
          53          55  0.996405677744504     
          55          56  0.982470799694682     
          55          57  0.982829733442099     
          55          58  0.983087321117893     
          53          59  0.991539117573703     
          59          60  0.980978231197224     
          59          61  0.982934188725925     
          59          62  0.983225086051025     
          19          63  0.870040707086237     
          63          64   1.11533952589374     
          64          65  0.937920160016902     
          65          66  0.991340004317665     
          66          67  0.978122846388441     
          66          68  0.982495716562316     
          66          69  0.982959940770691     
          65          70  0.996325712820305     
          70          71  0.981932509506302     
          70          72  0.983361745322594     
          70          73  0.982237004436369     
          65          74  0.937039103163286     
          63          75   1.11821411809864     
          74          75  0.936423736069268     
          74          76  0.995498635304134     
          76          77  0.982937681412108     
          76          78  0.982367459014859     
          76          79  0.981618654730307     
          74          80  0.991415898903609     
          80          81  0.983774150558673     
          80          82  0.983095113463884     
          80          83  0.983243958664431     
           4          84  0.968767168728999     
          14          85  0.968945524718932     
          19          86  0.587790250555066     
          20          86  0.350882854714939     
          86          87   1.40818337044389     
          86          88   1.34142240136995     
          87          89   1.36168130635976     
          87          90  0.961955399320489     
          87          91  0.101231821180536     
          88          91   1.46718761877422     
          88          92  0.957440224102757     
          89          93   1.28996801934413     
          91          93   1.29894207022518     
          89          94   1.04472923261712     
          91          95   1.02697391085829     
          93          96   1.16728177431276     
          94          96  0.105947467871932     
          94          97   1.07508705347141     
          96          97   1.63301316549903     
          95          98  0.964359548220299     
          95          99  0.983413575490934     
          95         100  0.974169694645423     
          97         101   1.03280160008189     
         101         102  0.978542978476307     
         101         103  0.961380869625407     
         101         104  0.962102866286242     
