   -0.12086898
    0.07717221
   -0.04171297
   -0.02243048
   -0.04318855
    0.04773198
    0.05228992
    0.05619033
    0.04696047
    0.07388150
   -0.12513304
    0.04265754
   -0.04505033
   -0.02391863
   -0.04513038
    0.04684165
    0.05133790
    0.07266961
   -0.15695619
    0.08200697
    0.40261180
   -0.41176567
    0.13068874
   -0.12146076
    0.05356558
    0.04534884
    0.05069454
   -0.10884082
    0.04759072
    0.04089357
    0.02834382
    0.13079402
   -0.40143226
   -0.11912207
    0.04722115
    0.04693859
    0.05012019
   -0.11941804
    0.04734208
    0.05284171
    0.04533994
    0.40585031
   -0.38145171
    0.12848082
   -0.12681370
    0.05651017
    0.05708385
    0.05009830
   -0.12148098
    0.04948039
    0.04607747
    0.05206447
    0.12786446
   -0.38501293
   -0.12355870
    0.05322558
    0.05367298
    0.04891249
   -0.12342459
    0.04683912
    0.05313654
    0.04888782
    0.39996739
   -0.37780541
    0.12516153
   -0.13017990
    0.05879720
    0.05449455
    0.04978854
   -0.12902140
    0.06049842
    0.05081480
    0.05166145
    0.12649498
   -0.38188393
   -0.12402766
    0.05083337
    0.05322951
    0.05440001
   -0.12281383
    0.03998727
    0.05118609
    0.05459604
    0.05341517
    0.05089559
   -0.03787257
   -0.01726109
    0.05139831
   -0.05718857
    0.02335354
   -0.25599003
    0.03873142
    0.08547040
    0.02958898
   -0.06605387
   -0.06097130
    0.03908309
    0.05800943
    0.01347526
    0.04904206
    0.03660899
   -0.04150465
   -0.04088871
   -0.03537429
    0.02987987
   -0.03475567
    0.03714608
   -0.03812573
    0.03056328
    0.03271881
    0.03033885
