           1           2   1.30632047851793     
           2           3   1.34861570523327     
           3           4   1.48372542516381     
           4           5   1.37991875767786     
           1           6   1.38293289431526     
           3           6  0.105698509401764     
           5           6   1.46334954846468     
           6           7  0.956510955576907     
           5           8  0.968400037015030     
           3           9  0.961888813460491     
           2          10   1.09286791242236     
          10          11   1.30204059795777     
          11          12   1.38462830017849     
          12          13   1.45938411581418     
          13          14   1.38251512916720     
          10          15   1.35168322126827     
          12          15  0.105414653426743     
          14          15   1.48067388840155     
          15          16  0.961785442599694     
          13          17  0.968911722664293     
          12          18  0.948450682905596     
           1          19  0.455721051867622     
          11          19  0.445621846073142     
          19          20  0.542568367921452     
          19          21  0.719077426118430     
          21          22   1.08797574587424     
          22          23  0.942379891415815     
          23          24  0.996761956704764     
          24          25  0.982644320756985     
          24          26  0.983575850041927     
          24          27  0.983280726250271     
          23          28  0.989938434244187     
          28          29  0.984009872580944     
          28          30  0.984052074315565     
          28          31  0.985360090243893     
          23          32  0.941302921083132     
          21          33   1.11473436586286     
          32          33  0.939147981556800     
          32          34  0.990759481485695     
          34          35  0.983193245536525     
          34          36  0.983722289067089     
          34          37  0.982529255644815     
          32          38  0.996615721560676     
          38          39  0.983157324487771     
          38          40  0.982614648377719     
          38          41  0.983712856178861     
          19          42  0.846367779161163     
          42          43   1.12222618113068     
          43          44  0.934691873165766     
          44          45  0.996675236138643     
          45          46  0.981905456383429     
          45          47  0.981485094285694     
          45          48  0.983012317745432     
          44          49  0.991116152934686     
          49          50  0.983254833723102     
          49          51  0.982724967649750     
          49          52  0.980087018739224     
          44          53  0.938474038005868     
          42          54   1.10754996271062     
          53          54  0.933799586831879     
          53          55  0.996116356055885     
          55          56  0.982406856889854     
          55          57  0.982796881393056     
          55          58  0.983113310986764     
          53          59  0.991907490994512     
          59          60  0.981821995001400     
          59          61  0.982804524497149     
          59          62  0.983029931015915     
          19          63  0.865567141586819     
          63          64   1.11514164958026     
          64          65  0.937872895673220     
          65          66  0.991287547332178     
          66          67  0.978133848657202     
          66          68  0.982437838082637     
          66          69  0.983007919883171     
          65          70  0.996316001150433     
          70          71  0.981949961356502     
          70          72  0.983392053649843     
          70          73  0.982230019604794     
          65          74  0.937244521614862     
          63          75   1.11754553936686     
          74          75  0.935935541756996     
          74          76  0.995668527868606     
          76          77  0.982902312255071     
          76          78  0.982454081329307     
          76          79  0.981967972303401     
          74          80  0.991511933820994     
          80          81  0.983682636078421     
          80          82  0.983091756837037     
          80          83  0.983218901458648     
           4          84  0.968745566068499     
          14          85  0.968852146350431     
          19          86  0.599402481819191     
          20          86  0.336548841601002     
          86          87   1.38669784228331     
          86          88   1.35598061617392     
          87          89   1.43888272795044     
          88          89  0.106735002256878     
          87          90  0.963863868214614     
          88          91   1.45507989003851     
          88          92  0.954423291231174     
          89          93   1.39866434877570     
          91          93   1.38452269613015     
          89          94  0.967627591127885     
          93          95   1.00771646834984     
          95          96  0.965641038714756     
          95          97  0.975404378107328     
          95          98  0.970862962285871     
          96          99   1.01291859346912     
          96         100  0.970992201608281     
          96         101  0.974722483257853     
          99         102   1.41348977955412     
          99         103   1.40807450117860     
         102         104   1.44370710946955     
         103         104  0.111253871979309     
         102         105  0.969301553099662     
         102         106  0.110119232489703     
         103         106   1.44929643114949     
         103         107  0.968967375900294     
          99         108  0.109593229279078     
         104         108   1.43995333628133     
         106         108   1.43550630650099     
         104         109  0.971114527312270     
         106         110  0.970931862541818     
         108         111  0.971482435456022     
