   -0.11485577
    0.07738163
   -0.04283313
   -0.02247576
   -0.04325312
    0.04792541
    0.05363231
    0.05685479
    0.04870776
    0.07451604
   -0.11715368
    0.04259644
   -0.04468076
   -0.02406165
   -0.04514055
    0.04775614
    0.05268670
    0.07856827
   -0.16937686
    0.10092154
    0.40226157
   -0.40799707
    0.12975748
   -0.12161761
    0.05323024
    0.04496817
    0.05149323
   -0.10984316
    0.04772704
    0.04207387
    0.02795647
    0.13034752
   -0.40179973
   -0.12093894
    0.05085680
    0.04603013
    0.04954790
   -0.12043181
    0.04742795
    0.05336608
    0.04530865
    0.39988469
   -0.38364719
    0.12846859
   -0.12583827
    0.05459684
    0.05584639
    0.04996852
   -0.12226635
    0.04895987
    0.04655886
    0.05295136
    0.12729678
   -0.38028988
   -0.12502923
    0.05510862
    0.05501947
    0.04845342
   -0.12316776
    0.04344265
    0.05236226
    0.05144109
    0.40069306
   -0.38116487
    0.12498528
   -0.13137244
    0.05933153
    0.05357502
    0.05075131
   -0.12907867
    0.06024903
    0.05088387
    0.05207917
    0.12692528
   -0.37775911
   -0.12434813
    0.05087120
    0.05432955
    0.05499419
   -0.12191281
    0.04034731
    0.04903367
    0.05478647
    0.05416136
    0.05123905
    0.05544325
   -0.22452478
   -0.07747179
    0.09773196
   -0.08366506
    0.02125554
   -0.12439471
    0.02756428
    0.05725391
    0.05962975
    0.06001603
