           1           2   1.31233220013978     
           2           3   1.34981558224491     
           3           4   1.48234112289158     
           4           5   1.38284244488687     
           1           6   1.38687838142597     
           3           6  0.106070797599473     
           5           6   1.46074178395468     
           6           7  0.956556555603707     
           5           8  0.968312465226339     
           3           9  0.961504437035867     
           2          10   1.08920914002876     
          10          11   1.30731879075855     
          11          12   1.38966997454145     
          12          13   1.45409492909078     
          13          14   1.38859145556583     
          10          15   1.35462361437891     
          12          15  0.105334850900377     
          14          15   1.47687588686205     
          15          16  0.961493340052312     
          13          17  0.968791328727966     
          12          18  0.946520605031397     
           1          19  0.453285861946862     
          11          19  0.443735185517464     
          19          20  0.550308446999675     
          19          21  0.741085891093415     
          21          22   1.09089796269854     
          22          23  0.942879782666582     
          23          24  0.996470314960136     
          24          25  0.982726362369079     
          24          26  0.983643869520182     
          24          27  0.983186259475582     
          23          28  0.989978005728007     
          28          29  0.984080042080751     
          28          30  0.984099627871444     
          28          31  0.985396135026570     
          23          32  0.941085297409257     
          21          33   1.11247902940751     
          32          33  0.939182402829463     
          32          34  0.990768356394144     
          34          35  0.981686691994558     
          34          36  0.983634911051326     
          34          37  0.982108952123640     
          32          38  0.996892924268064     
          38          39  0.983096163663216     
          38          40  0.982842908373065     
          38          41  0.983778467041805     
          19          42  0.864126217611320     
          42          43   1.11645792660201     
          43          44  0.935366564039367     
          44          45  0.997005557166579     
          45          46  0.982348869072491     
          45          47  0.981986216256676     
          45          48  0.983133587168128     
          44          49  0.990636114891409     
          49          50  0.983463240703050     
          49          51  0.981882080133641     
          49          52  0.979718912928013     
          44          53  0.939735052213700     
          42          54   1.10990376295258     
          53          54  0.934078717072810     
          53          55  0.996370951869102     
          55          56  0.982364823799267     
          55          57  0.982774925584141     
          55          58  0.983185422527173     
          53          59  0.991402197642429     
          59          60  0.982928341745565     
          59          61  0.983187965284448     
          59          62  0.982978028120140     
          19          63  0.861044319760008     
          63          64   1.10740358510966     
          64          65  0.937192000011815     
          65          66  0.991083211713552     
          66          67  0.978574738406702     
          66          68  0.982598979644050     
          66          69  0.983102904185648     
          65          70  0.996571489698391     
          70          71  0.982053142918131     
          70          72  0.983414456727941     
          70          73  0.982330873030121     
          65          74  0.938103977876419     
          63          75   1.12214115800533     
          74          75  0.936067336745096     
          74          76  0.995925953070807     
          76          77  0.983043078318134     
          76          78  0.982291685803010     
          76          79  0.980912157981896     
          74          80  0.990973086398896     
          80          81  0.984159973434812     
          80          82  0.983173689155177     
          80          83  0.983307160778861     
           4          84  0.968657314815523     
          14          85  0.968768770851404     
          19          86  0.583046225369433     
          20          86  0.332680879949208     
          86          87   1.09667532581626     
          86          88   1.55265850087901     
          86          89  0.129324188846569     
          87          89   1.08817070132723     
          88          90   1.27588611414014     
          89          90   1.58053324988443     
          88          91  0.972083845572877     
          89          92   1.02651529117676     
          90          93  0.974282323107278     
          92          94  0.967923602945719     
          92          95  0.981650126372016     
          92          96  0.976310784835470     
