   -0.11893983
    0.07778561
   -0.04295822
   -0.02069818
   -0.04255399
    0.04823065
    0.05595613
    0.05964720
    0.05102256
    0.07506181
   -0.12932835
    0.04133235
   -0.04406838
   -0.02330635
   -0.04436332
    0.04939039
    0.05341005
    0.07706133
   -0.14162596
    0.08505784
    0.40482372
   -0.40438293
    0.12977796
   -0.12284642
    0.05470314
    0.04570339
    0.05270736
   -0.10994586
    0.04846018
    0.04254426
    0.02765804
    0.13060038
   -0.40237535
   -0.12163068
    0.05016991
    0.04775955
    0.05085715
   -0.12072171
    0.04712852
    0.05393255
    0.04642815
    0.39977160
   -0.38051388
    0.12762170
   -0.12627271
    0.05063234
    0.05839609
    0.05093366
   -0.12329367
    0.04997222
    0.04855861
    0.05470491
    0.12739641
   -0.38236249
   -0.12521111
    0.05568997
    0.05513943
    0.04981265
   -0.12151854
    0.03561653
    0.05278022
    0.05097735
    0.40073598
   -0.37868131
    0.12567588
   -0.13062046
    0.05950587
    0.05178733
    0.05209200
   -0.13045224
    0.06107910
    0.05206984
    0.05416281
    0.12672057
   -0.37551759
   -0.12569419
    0.05180099
    0.05442086
    0.05635201
   -0.12412535
    0.04149366
    0.05223549
    0.05570746
    0.05670123
    0.05309911
   -0.01708870
   -0.05274597
    0.00047337
    0.10490270
    0.03572993
   -0.04050347
    0.09050977
   -0.27744033
   -0.13126101
   -0.03524905
    0.09238427
   -0.04385724
    0.07213591
    0.06141908
    0.05941421
   -0.03461912
    0.05271577
    0.07492783
    0.48518926
   -0.22387317
   -0.21613527
   -0.22387382
