           1           2   1.31709482202671     
           2           3   1.35039595330422     
           3           4   1.48121537554617     
           4           5   1.38707197785870     
           1           6   1.39201672665079     
           3           6  0.105985323065224     
           5           6   1.45690499906176     
           6           7  0.956197282049828     
           5           8  0.968005990304562     
           3           9  0.961347342274615     
           2          10   1.08788954096915     
          10          11   1.30829666066990     
          11          12   1.38765789090009     
          12          13   1.45563992509939     
          13          14   1.38832646545696     
          10          15   1.35480028926108     
          12          15  0.105249748822264     
          14          15   1.47631757369069     
          15          16  0.961350095598756     
          13          17  0.968671663334089     
          12          18  0.946719656166904     
           1          19  0.435311208489720     
          11          19  0.411411846426674     
          19          20  0.521660565332277     
          19          21  0.720097368700952     
          21          22   1.09813324001938     
          22          23  0.940689609912291     
          23          24  0.996879000355419     
          24          25  0.982528580169003     
          24          26  0.983380017349961     
          24          27  0.983028984921639     
          23          28  0.990247336362848     
          28          29  0.983853924953145     
          28          30  0.983847127688161     
          28          31  0.984768997870203     
          23          32  0.941296615273974     
          21          33   1.11383853379191     
          32          33  0.937311079428552     
          32          34  0.991159973989369     
          34          35  0.982444275724375     
          34          36  0.983453679824716     
          34          37  0.981963751429431     
          32          38  0.997109248713916     
          38          39  0.983025617464329     
          38          40  0.982580476576274     
          38          41  0.983482103206405     
          19          42  0.844395058188295     
          42          43   1.12293623351308     
          43          44  0.935566605174415     
          44          45  0.996803611765209     
          45          46  0.981481218238344     
          45          47  0.981175290023085     
          45          48  0.982856455779656     
          44          49  0.991191209259175     
          49          50  0.983152627995216     
          49          51  0.982782492738578     
          49          52  0.979276537854972     
          44          53  0.938527449486898     
          42          54   1.10905260868152     
          53          54  0.933462295569739     
          53          55  0.996070097043146     
          55          56  0.982251372059241     
          55          57  0.982614391554408     
          55          58  0.982892236986269     
          53          59  0.992227474891020     
          59          60  0.981122673626614     
          59          61  0.982790455777754     
          59          62  0.982757963481292     
          19          63  0.864707891941759     
          63          64   1.11059719666157     
          64          65  0.933911006607774     
          65          66  0.991908977885978     
          66          67  0.978465728231539     
          66          68  0.982251611382073     
          66          69  0.982556048809109     
          65          70  0.997170731750865     
          70          71  0.981784300968069     
          70          72  0.982983637152963     
          70          73  0.981908026088331     
          65          74  0.938326025490640     
          63          75   1.12337491321806     
          74          75  0.934318712729169     
          74          76  0.996037132111070     
          76          77  0.982719270352317     
          76          78  0.982112407766754     
          76          79  0.981967611610557     
          74          80  0.991319456116267     
          80          81  0.983603999171936     
          80          82  0.982920370871234     
          80          83  0.983088297101045     
           4          84  0.968330556596467     
          14          85  0.968589407328634     
          19          86  0.600394126377911     
          20          86  0.353165298887725     
          86          87   1.48425719952834     
          86          88   1.22102084023693     
          87          89   1.28556720775759     
          87          90  0.960118464108328     
          88          91   1.29448490997884     
          88          92   1.23524086589978     
          89          93   1.49130294268829     
          92          93   1.27785155359116     
          89          94   1.02240273959829     
          91          95   1.53804546322816     
          91          96  0.943731537413196     
          91          97  0.110114639903465     
          92          97   1.27576225438905     
          94          98  0.982480068534191     
          94          99  0.969393686369583     
          94         100  0.966411622000697     
          95         101   1.30157633984566     
          97         101   1.50901798329377     
          95         102  0.967194148375660     
          97         103  0.962443413660655     
         101         104  0.953191593714720     
         104         105  0.930709877153125     
         104         106  0.946637863881558     
         104         107  0.931854983705284     
