   -0.12143149
    0.07764477
   -0.04272962
   -0.02207050
   -0.04356422
    0.04846708
    0.05219411
    0.05665684
    0.04779538
    0.07496863
   -0.12608761
    0.04221630
   -0.04470661
   -0.02353951
   -0.04467844
    0.04651265
    0.05184551
    0.07368196
   -0.15412742
    0.07850601
    0.40296075
   -0.41077503
    0.13072578
   -0.12160828
    0.05373608
    0.04528547
    0.05074595
   -0.10871292
    0.04768418
    0.04051463
    0.02832568
    0.13082494
   -0.40177535
   -0.11930808
    0.04690339
    0.04737340
    0.05012202
   -0.11961022
    0.04731487
    0.05326103
    0.04553231
    0.40368582
   -0.37981743
    0.12828996
   -0.12478043
    0.05157433
    0.05800839
    0.05004608
   -0.12265750
    0.04911549
    0.04559243
    0.05362744
    0.12804502
   -0.38532501
   -0.12391912
    0.05355262
    0.05387004
    0.04903192
   -0.12152880
    0.04099787
    0.05334472
    0.05045952
    0.40141647
   -0.37506435
    0.12544223
   -0.12813537
    0.05721082
    0.05359277
    0.05005820
   -0.12915071
    0.06077451
    0.05101745
    0.05204171
    0.12642100
   -0.38321306
   -0.12429283
    0.05104152
    0.05328570
    0.05441273
   -0.12304177
    0.03927979
    0.05201722
    0.05464916
    0.05399684
    0.05136243
   -0.00679931
   -0.04596735
   -0.05668531
    0.04906378
    0.02250869
    0.09761646
    0.04458212
   -0.26915101
    0.02692871
   -0.07768356
    0.01707257
    0.07031396
    0.04425407
   -0.04076919
   -0.04068747
   -0.03543994
    0.03252625
   -0.03496270
    0.04056441
   -0.03873904
    0.03443128
    0.03185029
    0.03176207
