           1           2   1.31087868537452     
           2           3   1.34836745729586     
           3           4   1.48365078028466     
           4           5   1.38209620589702     
           1           6   1.38803980988783     
           3           6  0.105965499689403     
           5           6   1.46062159210079     
           6           7  0.956224178095333     
           5           8  0.968360122780294     
           3           9  0.961466310098569     
           2          10   1.09164290653613     
          10          11   1.30426008046012     
          11          12   1.38668736781719     
          12          13   1.45762743262292     
          13          14   1.38438100297280     
          10          15   1.35223968091244     
          12          15  0.105289317143878     
          14          15   1.47962093963053     
          15          16  0.961435442967759     
          13          17  0.968859966237260     
          12          18  0.947824096163518     
           1          19  0.444465429354912     
          11          19  0.434898883324928     
          19          20  0.530096953004742     
          19          21  0.720010868560505     
          21          22   1.08904479064948     
          22          23  0.942553723361516     
          23          24  0.996685907622261     
          24          25  0.982672677108657     
          24          26  0.983546130720506     
          24          27  0.983266295900465     
          23          28  0.989896421816224     
          28          29  0.983957013845300     
          28          30  0.983942232240143     
          28          31  0.985170581605594     
          23          32  0.941187590409716     
          21          33   1.11405512965281     
          32          33  0.939034002555093     
          32          34  0.990832038904976     
          34          35  0.983463454080615     
          34          36  0.983646928000557     
          34          37  0.982618150316396     
          32          38  0.996619660144985     
          38          39  0.983111816732116     
          38          40  0.982511122170359     
          38          41  0.983645995605515     
          19          42  0.852632533749211     
          42          43   1.12221315027687     
          43          44  0.936371078783813     
          44          45  0.996487212264958     
          45          46  0.982439223551664     
          45          47  0.981560732695781     
          45          48  0.983185226828747     
          44          49  0.990941972583095     
          49          50  0.983287072504126     
          49          51  0.982861912156416     
          49          52  0.979164964867273     
          44          53  0.938237471317329     
          42          54   1.10521120816921     
          53          54  0.934665629427691     
          53          55  0.996158845891949     
          55          56  0.982340243910214     
          55          57  0.982785922250483     
          55          58  0.983064797359975     
          53          59  0.991741852322620     
          59          60  0.981409731730859     
          59          61  0.982939799228816     
          59          62  0.982938078758141     
          19          63  0.867723375280477     
          63          64   1.11854802305303     
          64          65  0.937995100696860     
          65          66  0.991227891346106     
          66          67  0.978960144515896     
          66          68  0.982579097368417     
          66          69  0.983007776744699     
          65          70  0.996374644560129     
          70          71  0.981899692039551     
          70          72  0.983335516914438     
          70          73  0.982176717562390     
          65          74  0.937580935294768     
          63          75   1.11351842286774     
          74          75  0.935887802113562     
          74          76  0.995958636954713     
          76          77  0.982871653390862     
          76          78  0.982512420095751     
          76          79  0.982337375820185     
          74          80  0.991353360031070     
          80          81  0.983322038736430     
          80          82  0.983044175996552     
          80          83  0.983182745583907     
           4          84  0.968659864026258     
          14          85  0.968784240858016     
          19          86  0.603155527010089     
          20          86  0.343315266880672     
          86          87   1.37286539192204     
          86          88   1.38365434183426     
          87          89   1.43484880221872     
          88          89  0.104541614455119     
          87          90  0.964131823885542     
          88          91   1.40913420406192     
          88          92  0.959607554976763     
          89          93   1.42581725688985     
          91          93   1.38977355639559     
          89          94  0.962015387885363     
          91          95  0.988165384704689     
          95          96  0.991772276533497     
          95          97  0.961831098575597     
          95          98  0.968494815782512     
          96          99   1.41608366484554     
          96         100   1.40580641161616     
          99         101   1.43996433394293     
         100         101  0.111930095242305     
          99         102  0.968726527173444     
          99         103  0.109560667980332     
         100         103   1.45173712613883     
         100         104  0.968579274418795     
          96         105  0.108984046448004     
         101         105   1.44245893451160     
         103         105   1.43297913268049     
         101         106  0.970777830853327     
         103         107  0.970956297268256     
         105         108  0.971341719439010     
