   -0.12600056
    0.07162888
   -0.04474725
   -0.02200816
   -0.04220789
    0.04713227
    0.07581850
    0.05811178
    0.04905839
    0.06985470
   -0.11947589
    0.04812703
   -0.04175653
   -0.02286931
   -0.04612043
    0.04932138
    0.05676998
    0.06790823
   -0.15453671
    0.11287998
    0.40299023
   -0.40579496
    0.12997769
   -0.12378187
    0.05521427
    0.04649305
    0.05445859
   -0.11053895
    0.04944101
    0.04407195
    0.02631681
    0.13061786
   -0.40760022
   -0.11893770
    0.04689124
    0.04819293
    0.04904962
   -0.12103784
    0.04533113
    0.05511105
    0.04708051
    0.40770953
   -0.36721007
    0.12778120
   -0.12357717
    0.05132407
    0.05440517
    0.04883260
   -0.12406032
    0.04926464
    0.05816459
    0.05018883
    0.12736543
   -0.39313292
   -0.12153468
    0.04167808
    0.04982473
    0.05250619
   -0.12360575
    0.05257195
    0.05000429
    0.05357581
    0.40810217
   -0.38738848
    0.12588686
   -0.12765490
    0.05502256
    0.04971559
    0.04984648
   -0.12752498
    0.05723598
    0.04918157
    0.05422673
    0.12731188
   -0.36180172
   -0.12581855
    0.04995758
    0.05471698
    0.05880703
   -0.12127878
    0.04665303
    0.04655835
    0.05317766
    0.05466570
    0.05524567
   -0.04606036
   -0.07458791
    0.06207882
    0.12544432
    0.03241445
   -0.22214445
    0.21943188
   -0.13635385
   -0.45137442
   -0.14211714
    0.07806814
    0.06787920
    0.07811380
    0.07498152
    0.07344051
    0.06343009
