           1           2   1.31549101768936     
           2           3   1.35556432855342     
           3           4   1.47516331753238     
           4           5   1.39250455113740     
           1           6   1.39505870866472     
           3           6  0.105684733466878     
           5           6   1.45103101442831     
           6           7  0.951408912402068     
           5           8  0.968213000764349     
           3           9  0.961909020183397     
           2          10   1.08477822535790     
          10          11   1.31004379486397     
          11          12   1.38898862731152     
          12          13   1.45326168532470     
          13          14   1.39117393920599     
          10          15   1.35781315603858     
          12          15  0.104697069328008     
          14          15   1.47347499418294     
          15          16  0.961835332866228     
          13          17  0.968320314346583     
          12          18  0.951504547927326     
           1          19  0.423124679041121     
          11          19  0.438237002755651     
          19          20  0.534700055283860     
          19          21  0.757032073634984     
          21          22   1.09769253860572     
          22          23  0.940273094104126     
          23          24  0.997027934957714     
          24          25  0.981492538205492     
          24          26  0.983465881159135     
          24          27  0.982865343726651     
          23          28  0.989812961045935     
          28          29  0.983999309196856     
          28          30  0.984035534228534     
          28          31  0.984310530046966     
          23          32  0.941764398765145     
          21          33   1.10315467602846     
          32          33  0.938892724202663     
          32          34  0.991086406102315     
          34          35  0.983709233906527     
          34          36  0.983704370739431     
          34          37  0.982656986089322     
          32          38  0.996977520909190     
          38          39  0.983237388700745     
          38          40  0.982918079104814     
          38          41  0.983662410705769     
          19          42  0.867111568556039     
          42          43   1.14754965759722     
          43          44  0.939318267082264     
          44          45  0.989787425052208     
          45          46  0.979529640816146     
          45          47  0.982029301830710     
          45          48  0.983756007666685     
          44          49  0.995584226206979     
          49          50  0.983753371237300     
          49          51  0.982452434315774     
          49          52  0.982434682497861     
          44          53  0.938436807105167     
          42          54   1.09185952186141     
          53          54  0.936160693814005     
          53          55  0.991094776375722     
          55          56  0.984043305570913     
          55          57  0.983128635527879     
          55          58  0.983137841909177     
          53          59  0.996639246487601     
          59          60  0.981342155910384     
          59          61  0.983103363043586     
          59          62  0.982956301059860     
          19          63  0.840072810316929     
          63          64   1.07614742115263     
          64          65  0.939263536812298     
          65          66  0.990811963185652     
          66          67  0.980594259900671     
          66          68  0.983099053200028     
          66          69  0.983325421956884     
          65          70  0.996204971367668     
          70          71  0.982557716515749     
          70          72  0.983477574717968     
          70          73  0.982519154681819     
          65          74  0.939004001528326     
          63          75   1.15492399678850     
          74          75  0.936307908998493     
          74          76  0.996404423924530     
          76          77  0.983300198306851     
          76          78  0.982644147923903     
          76          79  0.981857599744625     
          74          80  0.989828117548320     
          80          81  0.983156347865336     
          80          82  0.983149190241181     
          80          83  0.983342710506390     
           4          84  0.968511678589637     
          14          85  0.968473037235404     
          19          86  0.601278954929083     
          20          86  0.351953194610215     
          86          87   1.27830208767067     
          86          88   1.42233906656260     
          87          89   1.53946453840810     
          88          89  0.107289623666732     
          87          90  0.970592296930583     
          88          91   1.04707338162057     
          89          91   1.12980921971685     
          88          92   1.13156335539544     
          89          93   1.03041431534309     
          92          94   1.68710943084243     
          92          95  0.997912705447185     
          93          96  0.967690451499890     
          93          97  0.982303892268546     
          93          98  0.962232446149310     
          95          99  0.961255709487167     
          95         100  0.964933358466487     
          95         101  0.985021077108584     
