   -0.12262137
    0.07380857
   -0.04385602
   -0.02397805
   -0.04510904
    0.04776603
    0.05058866
    0.05251901
    0.04357225
    0.06922406
   -0.12678065
    0.03999239
   -0.04676005
   -0.02690703
   -0.04615761
    0.04183759
    0.04815415
    0.07762701
   -0.16703051
    0.10023734
    0.40367723
   -0.40964380
    0.13032360
   -0.12011976
    0.05244072
    0.04345784
    0.05022758
   -0.10784019
    0.04599068
    0.04082720
    0.02696497
    0.13116522
   -0.40756732
   -0.11960429
    0.05074104
    0.04444022
    0.04823266
   -0.11897695
    0.04598017
    0.05230021
    0.04403027
    0.40432127
   -0.38253862
    0.12848734
   -0.12469927
    0.05577721
    0.05449909
    0.04797062
   -0.11999601
    0.04744103
    0.04487433
    0.05035714
    0.12730011
   -0.38165527
   -0.12368264
    0.05247118
    0.05383889
    0.04711418
   -0.12310882
    0.04512965
    0.05005502
    0.04959684
    0.40325343
   -0.37754361
    0.12557827
   -0.12756044
    0.05779214
    0.05256677
    0.04837235
   -0.12869841
    0.06069886
    0.04940662
    0.05153778
    0.12731755
   -0.38351939
   -0.12305413
    0.04980701
    0.05183892
    0.05431748
   -0.12114222
    0.03997400
    0.04834507
    0.05351038
    0.04917013
    0.04522342
   -0.05970615
   -0.00023488
   -0.01833787
   -0.12922849
    0.02146855
   -0.04337162
    0.04411225
    0.19243876
   -0.04829028
    0.04491095
   -0.06163945
   -0.04532058
    0.02050500
    0.02450351
    0.02427104
