           1           2   1.30265631073154     
           2           3   1.34398009992907     
           3           4   1.48843243675712     
           4           5   1.37424953128344     
           1           6   1.38371275832080     
           3           6  0.106066349882959     
           5           6   1.46595576991974     
           6           7  0.957024493150487     
           5           8  0.968848347118440     
           3           9  0.962011801609583     
           2          10   1.09951679054815     
          10          11   1.29563823891189     
          11          12   1.37896132044003     
          12          13   1.46392359939229     
          13          14   1.37659212030801     
          10          15   1.34872590557965     
          12          15  0.105064543487686     
          14          15   1.48286747225401     
          15          16  0.962029203619021     
          13          17  0.969255245160970     
          12          18  0.947164483508006     
           1          19  0.457963626213758     
          11          19  0.447059322607260     
          19          20  0.547412849666798     
          19          21  0.717059085711329     
          21          22   1.09026480218196     
          22          23  0.944095277390676     
          23          24  0.996245258324348     
          24          25  0.982835154889602     
          24          26  0.983784757156284     
          24          27  0.983343120751079     
          23          28  0.989847397510219     
          28          29  0.984241066174254     
          28          30  0.984124301754526     
          28          31  0.985129462139317     
          23          32  0.940996339165635     
          21          33   1.10483964984442     
          32          33  0.940675101623503     
          32          34  0.990721824185960     
          34          35  0.981553442031755     
          34          36  0.983828818338451     
          34          37  0.982291220877731     
          32          38  0.996747091347891     
          38          39  0.983226457121984     
          38          40  0.982951100479908     
          38          41  0.983896434337186     
          19          42  0.865353123448951     
          42          43   1.11391853780554     
          43          44  0.938315575368249     
          44          45  0.996354621342937     
          45          46  0.981708282642472     
          45          47  0.981852545000774     
          45          48  0.983303158315326     
          44          49  0.990591194554419     
          49          50  0.983615745110818     
          49          51  0.982995025823193     
          49          52  0.980365681256969     
          44          53  0.938704867612568     
          42          54   1.10525797787079     
          53          54  0.936445798339692     
          53          55  0.995879116163688     
          55          56  0.982662910379022     
          55          57  0.982863412630261     
          55          58  0.983385780112275     
          53          59  0.991479278924541     
          59          60  0.979477486598430     
          59          61  0.983192861772794     
          59          62  0.983048837889830     
          19          63  0.870599768141973     
          63          64   1.10828378781384     
          64          65  0.939731863813893     
          65          66  0.990953060393967     
          66          67  0.978611540987513     
          66          68  0.982218236090538     
          66          69  0.983128633829083     
          65          70  0.996201103413065     
          70          71  0.981966970706434     
          70          72  0.983594386808660     
          70          73  0.982358717536188     
          65          74  0.937676026210821     
          63          75   1.11254798749012     
          74          75  0.937356042350029     
          74          76  0.995816355707062     
          76          77  0.983021193690947     
          76          78  0.982342433019616     
          76          79  0.982037237618444     
          74          80  0.991025832864106     
          80          81  0.983975857088865     
          80          82  0.983356822459564     
          80          83  0.983403797137480     
           4          84  0.969202942312877     
          14          85  0.969428505353427     
          19          86  0.591661136628024     
          20          86  0.338313791640344     
          86          87   1.55989313526939     
          86          88   1.19359866831363     
          87          89   1.17407929917942     
          87          90  0.967039390454098     
          88          91   1.33184519333457     
          88          92   1.23894850268836     
          89          92   1.18207236954363     
          89          93  0.934232248560860     
          91          94   1.50060214400629     
          91          95  0.962097090232934     
          91          96  0.110808537944750     
          92          96   1.33553879527052     
          94          97   1.36915360604898     
          96          97   1.49192595515357     
          94          98  0.971687902004557     
          96          99  0.968065756663391     
          97         100  0.972297033594328     
