   -0.11704131
    0.08095211
   -0.04111194
   -0.01976649
   -0.04087729
    0.04865904
    0.05752475
    0.06207616
    0.05052796
    0.07811368
   -0.12155777
    0.04309376
   -0.04206942
   -0.02120177
   -0.04366037
    0.05029380
    0.05791383
    0.08035608
   -0.15018049
    0.10824938
    0.40756968
   -0.40403907
    0.12960559
   -0.12307197
    0.05501951
    0.04752258
    0.05299169
   -0.11109829
    0.05053552
    0.04335326
    0.02781894
    0.13023247
   -0.39805733
   -0.12320813
    0.05344790
    0.04841038
    0.05117889
   -0.12145928
    0.04777412
    0.05491424
    0.04764617
    0.40285816
   -0.38338760
    0.12892660
   -0.12646941
    0.05506690
    0.05737305
    0.05173654
   -0.12269695
    0.05073918
    0.04819294
    0.05260212
    0.12776224
   -0.38105496
   -0.12523048
    0.05543850
    0.05528391
    0.05025215
   -0.12081513
    0.04033788
    0.05551023
    0.05056859
    0.40206392
   -0.37854724
    0.12490209
   -0.13134883
    0.05922598
    0.05446067
    0.05219777
   -0.12994598
    0.06104676
    0.05238858
    0.05262575
    0.12694837
   -0.37498215
   -0.12540895
    0.05266699
    0.05541965
    0.05602502
   -0.12317052
    0.04139824
    0.05025606
    0.05655020
    0.05866765
    0.05592830
   -0.05964527
    0.08336124
   -0.05411208
   -0.05635004
   -0.18173706
    0.07554270
    0.07395020
   -0.14075301
