           1           2   1.32193343191492     
           2           3   1.35590548898386     
           3           4   1.47584249967453     
           4           5   1.39302208021751     
           1           6   1.39267827270676     
           3           6  0.105722061333718     
           5           6   1.45357864645870     
           6           7  0.956593018728472     
           5           8  0.967665413352323     
           3           9  0.961288295078566     
           2          10   1.08154691231687     
          10          11   1.31423733220391     
          11          12   1.39361629807799     
          12          13   1.44828524311568     
          13          14   1.39741978383689     
          10          15   1.36123694372704     
          12          15  0.104561052210802     
          14          15   1.47028417349184     
          15          16  0.961175802501166     
          13          17  0.968144720572549     
          12          18  0.945876314661825     
           1          19  0.430230299743198     
          11          19  0.427968280408292     
          19          20  0.571907764714828     
          19          21  0.743172239444407     
          21          22   1.10015288753067     
          22          23  0.938980676367012     
          23          24  0.996799804190212     
          24          25  0.982427558896935     
          24          26  0.983216311332170     
          24          27  0.982930113767457     
          23          28  0.990654222428977     
          28          29  0.983672961864388     
          28          30  0.983840853075405     
          28          31  0.985107592353124     
          23          32  0.940755376849263     
          21          33   1.12052512315900     
          32          33  0.935511084310150     
          32          34  0.991311894143068     
          34          35  0.980719967305555     
          34          36  0.983178551076874     
          34          37  0.981571775592802     
          32          38  0.997281023073358     
          38          39  0.982938884585756     
          38          40  0.982556002028123     
          38          41  0.983400190826555     
          19          42  0.852266931721679     
          42          43   1.12230334843669     
          43          44  0.932375468557834     
          44          45  0.997476207550208     
          45          46  0.981976293243593     
          45          47  0.981553766572238     
          45          48  0.982666598159714     
          44          49  0.991322130440333     
          49          50  0.983032641805727     
          49          51  0.981578329827171     
          49          52  0.979724955489409     
          44          53  0.939409733856985     
          42          54   1.11582715770706     
          53          54  0.930489279986816     
          53          55  0.996465135970988     
          55          56  0.982205493796891     
          55          57  0.982608626737561     
          55          58  0.982751410673084     
          53          59  0.992234022308481     
          59          60  0.982317310067459     
          59          61  0.982500582715806     
          59          62  0.982843822901273     
          19          63  0.843381687600824     
          63          64   1.11260373024127     
          64          65  0.934725389716366     
          65          66  0.991515044986808     
          66          67  0.978535153890102     
          66          68  0.982432916781742     
          66          69  0.982762195133717     
          65          70  0.996834174868567     
          70          71  0.981852677117915     
          70          72  0.983088910826205     
          70          73  0.982182166082948     
          65          74  0.938220867113758     
          63          75   1.12910938892150     
          74          75  0.932663580512250     
          74          76  0.996199631093380     
          76          77  0.982597242241659     
          76          78  0.981839470533944     
          76          79  0.980687780333323     
          74          80  0.991578201947135     
          80          81  0.984044442679433     
          80          82  0.982913820918075     
          80          83  0.982938669053326     
           4          84  0.968107079157177     
          14          85  0.968233609069757     
          19          86  0.557009541638365     
          20          86  0.313502163321683     
          86          87   1.56306238045421     
          86          88   1.19782828361094     
          87          89   1.07792474706823     
          88          89  0.103087745987118     
          87          90  0.971353983116988     
          88          91   1.61058883902370     
          89          91   1.13602429747674     
          88          92  0.950810766951537     
          91          93  0.994933690889576     
