   -0.12145471
    0.07574253
   -0.04308101
   -0.02223134
   -0.04350628
    0.04809696
    0.05327011
    0.05649185
    0.04766573
    0.07157477
   -0.12629803
    0.04267823
   -0.04422914
   -0.02436636
   -0.04522064
    0.04644083
    0.05291517
    0.07744082
   -0.16338867
    0.09612661
    0.40428852
   -0.40786458
    0.12994031
   -0.12103668
    0.05285758
    0.04491081
    0.05132981
   -0.10936677
    0.04772182
    0.04204503
    0.02774591
    0.13072842
   -0.40353125
   -0.12081550
    0.05191355
    0.04565975
    0.04888626
   -0.11995351
    0.04696356
    0.05309351
    0.04532395
    0.40350171
   -0.38619660
    0.12889257
   -0.12517443
    0.05403590
    0.05554181
    0.04940891
   -0.12113420
    0.04845387
    0.04575981
    0.05179347
    0.12784085
   -0.38192261
   -0.12437442
    0.05428080
    0.05473730
    0.04801787
   -0.12237159
    0.04227422
    0.05214660
    0.05131897
    0.40377169
   -0.37997424
    0.12525958
   -0.12980341
    0.05803926
    0.05347557
    0.05005962
   -0.12889395
    0.06051087
    0.05046666
    0.05201851
    0.12751927
   -0.38059314
   -0.12376689
    0.05076727
    0.05377694
    0.05452315
   -0.12120996
    0.04025666
    0.04815702
    0.05465775
    0.05367660
    0.05063209
   -0.03335972
   -0.02338335
   -0.04720968
   -0.08543657
    0.02417770
   -0.02458293
    0.03978277
    0.04434614
