           1           2   1.31050592989727     
           2           3   1.34831492709515     
           3           4   1.48375369550739     
           4           5   1.38148295854257     
           1           6   1.38713895657594     
           3           6  0.106013486311971     
           5           6   1.46128469767091     
           6           7  0.956924223280288     
           5           8  0.968372350950508     
           3           9  0.961642443250287     
           2          10   1.09230106373055     
          10          11   1.30309117518682     
          11          12   1.38518076322414     
          12          13   1.45758698886435     
          13          14   1.38526010428361     
          10          15   1.35379613196812     
          12          15  0.104954108065931     
          14          15   1.47786465423808     
          15          16  0.961626294810463     
          13          17  0.968752123420225     
          12          18  0.947372519363926     
           1          19  0.448383699493413     
          11          19  0.438765856775129     
          19          20  0.552392783015688     
          19          21  0.728453277597705     
          21          22   1.09313798087498     
          22          23  0.942340395506601     
          23          24  0.996375221010174     
          24          25  0.982752553088218     
          24          26  0.983569599252740     
          24          27  0.983190835327293     
          23          28  0.990205977730228     
          28          29  0.984052912637744     
          28          30  0.984026354330279     
          28          31  0.985203548317396     
          23          32  0.940828577639638     
          21          33   1.11160666778761     
          32          33  0.938935143394652     
          32          34  0.990893730780914     
          34          35  0.980946725701603     
          34          36  0.983565482061409     
          34          37  0.982056473271834     
          32          38  0.996908599060860     
          38          39  0.983089316375699     
          38          40  0.982866648603424     
          38          41  0.983733341047044     
          19          42  0.865107150669271     
          42          43   1.11092772879836     
          43          44  0.936512708751940     
          44          45  0.996910431138617     
          45          46  0.982354627621165     
          45          47  0.981974152472198     
          45          48  0.983164273277460     
          44          49  0.990779407846387     
          49          50  0.983436031080451     
          49          51  0.981967433048237     
          49          52  0.979908091526563     
          44          53  0.939272216652642     
          42          54   1.10931382513151     
          53          54  0.934779438003290     
          53          55  0.996232362178107     
          55          56  0.982429888202059     
          55          57  0.982756430849028     
          55          58  0.983171535524397     
          53          59  0.991478300903056     
          59          60  0.983016729355165     
          59          61  0.983141240333480     
          59          62  0.982945712483270     
          19          63  0.863894795695804     
          63          64   1.10720575801569     
          64          65  0.937789595779801     
          65          66  0.991070176478938     
          66          67  0.978960388360775     
          66          68  0.982623290432809     
          66          69  0.983137226951104     
          65          70  0.996603416791834     
          70          71  0.981991160782105     
          70          72  0.983424494865279     
          70          73  0.982312193634517     
          65          74  0.938214752139863     
          63          75   1.11875997070693     
          74          75  0.935686394236082     
          74          76  0.996053896267803     
          76          77  0.982942092034776     
          76          78  0.982151748095184     
          76          79  0.981044612307618     
          74          80  0.991082576760710     
          80          81  0.984147185751421     
          80          82  0.983191067507884     
          80          83  0.983271991686979     
           4          84  0.968707833793898     
          14          85  0.968861074288904     
          19          86  0.573977936349362     
          20          86  0.331793126405034     
          86          87   1.60668901470328     
          86          88   1.21447986436747     
          87          89   1.13101019978957     
          88          89  0.100711464319191     
          87          90  0.969028194177923     
          87          91  0.113220883844798     
          88          91   1.65508320673037     
          89          91   1.17130905536852     
          88          92  0.957595619306127     
          91          93  0.969833409269363     
