           1           2   1.39288372031171     
           2           3  0.996705072160980     
           3           4   1.69266766179821     
           3           5   1.16208277462844     
           4           5  0.177712413635109     
           5           6  0.941497313337664     
           2           7   1.32483436616421     
           7           8  0.972281894814608     
           7           9   1.43231556817184     
           2          10  0.106829086150439     
           9          10   1.40849080521655     
           1          11   1.44770019788078     
          10          11   1.42801038401666     
           1          12  0.960009489489312     
           6          13  0.977549600007461     
           6          14  0.974501815766336     
           6          15  0.974574833691938     
          10          16  0.957514211155203     
          11          17  0.962566252078977     
