   -0.12301754
    0.07468207
   -0.04244694
   -0.02391988
   -0.04423810
    0.04859338
    0.04924418
    0.05145465
    0.04184548
    0.07011280
   -0.12411787
    0.04232638
   -0.04599404
   -0.02649828
   -0.04639470
    0.04217325
    0.04550934
    0.07384826
   -0.17108815
    0.09577575
    0.40154237
   -0.41368700
    0.13102370
   -0.11931339
    0.05186516
    0.04320761
    0.04891814
   -0.10696220
    0.04538911
    0.03960209
    0.02707549
    0.13122748
   -0.40670744
   -0.11771914
    0.04695100
    0.04450637
    0.04837375
   -0.11851983
    0.04637827
    0.05187702
    0.04338183
    0.40699354
   -0.38358571
    0.12857828
   -0.12538426
    0.05483651
    0.05523049
    0.04837778
   -0.12052774
    0.04722878
    0.04404408
    0.05171960
    0.12781360
   -0.38223937
   -0.12315530
    0.05252548
    0.05343614
    0.04671218
   -0.12193520
    0.04674049
    0.05047732
    0.04697879
    0.39955579
   -0.37849145
    0.12512671
   -0.12992427
    0.05871546
    0.05353603
    0.04822090
   -0.12821037
    0.06018400
    0.04904918
    0.05129807
    0.12695529
   -0.38597510
   -0.12251477
    0.04910471
    0.05099344
    0.05364837
   -0.12065024
    0.03928300
    0.04853642
    0.05278952
    0.04826860
    0.04562510
   -0.05102488
   -0.02778930
   -0.07252644
   -0.00959345
    0.01481584
   -0.02983862
    0.02279822
   -0.02430236
    0.02956402
    0.09372911
    0.07819002
    0.08563431
   -0.25010673
   -0.04458268
    0.05453510
   -0.01408418
    0.04671797
   -0.04684525
    0.04628233
    0.04446779
    0.04770892
