           1           2   1.30033319444319     
           2           3   1.34523970039766     
           3           4   1.48710071256358     
           4           5   1.37421594256418     
           1           6   1.38118088803133     
           3           6  0.105733178332441     
           5           6   1.46656730065234     
           6           7  0.956864494684171     
           5           8  0.968957390533399     
           3           9  0.962566730837357     
           2          10   1.09833978023119     
          10          11   1.29697813983955     
          11          12   1.37916854952020     
          12          13   1.46475434300144     
          13          14   1.37461470141271     
          10          15   1.34744698546635     
          12          15  0.105248939352237     
          14          15   1.48499148076701     
          15          16  0.962475499320245     
          13          17  0.969495705776248     
          12          18  0.947125509159059     
           1          19  0.458591308755513     
          11          19  0.460597846213863     
          19          20  0.542962162271338     
          19          21  0.718365630928899     
          21          22   1.08384005850019     
          22          23  0.945562415624339     
          23          24  0.996292846833611     
          24          25  0.982899602832911     
          24          26  0.983868441381763     
          24          27  0.983508395617656     
          23          28  0.989401581020865     
          28          29  0.984365489705791     
          28          30  0.984169883634951     
          28          31  0.985463949664994     
          23          32  0.941202902900580     
          21          33   1.10495596889151     
          32          33  0.941796263740570     
          32          34  0.990576408519710     
          34          35  0.983012426034511     
          34          36  0.983952046200002     
          34          37  0.982520883341611     
          32          38  0.996472923707507     
          38          39  0.983261341442650     
          38          40  0.982990827538703     
          38          41  0.983962963114239     
          19          42  0.867889156071425     
          42          43   1.11400392253044     
          43          44  0.937947979150559     
          44          45  0.996534578754038     
          45          46  0.982316778408243     
          45          47  0.982102820080362     
          45          48  0.983339871374454     
          44          49  0.990622666006063     
          49          50  0.983605559843213     
          49          51  0.983064378283013     
          49          52  0.979687842443111     
          44          53  0.938918240887001     
          42          54   1.10066464381582     
          53          54  0.938069788916072     
          53          55  0.995982133506735     
          55          56  0.982676622604970     
          55          57  0.982928777030446     
          55          58  0.983437114786252     
          53          59  0.991015175567932     
          59          60  0.981479793088710     
          59          61  0.983383584729332     
          59          62  0.983357435292250     
          19          63  0.878005246583295     
          63          64   1.10953955218066     
          64          65  0.940530921213965     
          65          66  0.990803765128877     
          66          67  0.978452503084359     
          66          68  0.982627451539687     
          66          69  0.983280010266894     
          65          70  0.996301758950400     
          70          71  0.982051688008238     
          70          72  0.983643864782239     
          70          73  0.982342293246948     
          65          74  0.937405226042699     
          63          75   1.10991362032735     
          74          75  0.938584102723810     
          74          76  0.995397631156838     
          76          77  0.983203209119439     
          76          78  0.982654717329077     
          76          79  0.982120459345731     
          74          80  0.991094908883774     
          80          81  0.983843963655934     
          80          82  0.983408407930402     
          80          83  0.983527520268904     
           4          84  0.969289262047593     
          14          85  0.969427634062423     
          19          86  0.597366600808418     
          20          86  0.340015467447297     
          86          87   1.49882755838031     
          86          88   1.28247013735685     
          87          89   1.20087818158639     
          87          90  0.967086395864950     
          87          91  0.130724981146133     
          88          91   1.55584425079672     
          89          91   1.21139021103818     
          88          92  0.968817950659655     
          89          93  0.999118985839488     
          91          94  0.969395723006169     
          93          95  0.990135885320781     
          93          96  0.948722837436365     
          93          97  0.955683152036006     
          95          98   1.41155335126481     
          95          99   1.39729699961341     
          98         100   1.43682187589419     
          99         100  0.114893595776622     
          98         101  0.100921018107565     
          99         101   1.44988584115929     
          99         102  0.965563387225205     
          95         103  0.110561177941854     
         100         103   1.42926531365141     
         101         103   1.43527286551094     
         100         104  0.962980988515140     
         101         105  0.969305176550948     
         103         106  0.969476930809479     
