   -0.11788405
    0.07710785
   -0.04251500
   -0.02148501
   -0.04263945
    0.04699182
    0.05640137
    0.05903249
    0.04840829
    0.07327490
   -0.12619548
    0.04113087
   -0.04437846
   -0.02359816
   -0.04517588
    0.04769489
    0.05232176
    0.07763641
   -0.15759535
    0.10449980
    0.40400451
   -0.40630071
    0.12988087
   -0.12195744
    0.05430846
    0.04514620
    0.05160220
   -0.10932516
    0.04775126
    0.04196185
    0.02703420
    0.13055896
   -0.40285171
   -0.12184422
    0.05251536
    0.04639928
    0.04995192
   -0.12008637
    0.04642591
    0.05344618
    0.04548160
    0.39858658
   -0.38427297
    0.12828341
   -0.12852035
    0.05700853
    0.05823060
    0.05029829
   -0.12221859
    0.04896829
    0.04702844
    0.05257880
    0.12772888
   -0.38253622
   -0.12435678
    0.05456083
    0.05370375
    0.04878071
   -0.12326148
    0.04444106
    0.05307177
    0.04885858
    0.39853516
   -0.37410146
    0.12388930
   -0.13360347
    0.05954074
    0.05646433
    0.05211040
   -0.13084965
    0.06144682
    0.05166330
    0.05331827
    0.12663108
   -0.37651330
   -0.12523184
    0.05189439
    0.05377843
    0.05577806
   -0.12345018
    0.04147906
    0.05017483
    0.05548240
    0.05516489
    0.05132759
   -0.07238198
   -0.04598154
    0.12331901
    0.09528717
    0.03355512
   -0.21266510
   -0.14232045
    0.10432298
    0.09016333
    0.08319539
    0.07137449
   -0.27689641
