           1           2   1.31519344393431     
           2           3   1.35029694992087     
           3           4   1.48161407324672     
           4           5   1.38483605532112     
           1           6   1.38801253478429     
           3           6  0.105953945835448     
           5           6   1.45959256981886     
           6           7  0.956278141944477     
           5           8  0.968049101935914     
           3           9  0.961474854205419     
           2          10   1.08899402888549     
          10          11   1.30788861343478     
          11          12   1.38899099354865     
          12          13   1.45470746243766     
          13          14   1.38910632445194     
          10          15   1.35588097072303     
          12          15  0.104975813716248     
          14          15   1.47570771713885     
          15          16  0.961398734128221     
          13          17  0.968815773014371     
          12          18  0.946922329334862     
           1          19  0.443147882578160     
          11          19  0.423315511856645     
          19          20  0.564415219315451     
          19          21  0.732154072217317     
          21          22   1.09545685428061     
          22          23  0.942113709417071     
          23          24  0.996557654446107     
          24          25  0.982547056284697     
          24          26  0.983556422699252     
          24          27  0.983145704660120     
          23          28  0.990204713092421     
          28          29  0.983998760327846     
          28          30  0.983984128706531     
          28          31  0.985138068884773     
          23          32  0.941030041565573     
          21          33   1.11193518237258     
          32          33  0.938542711573787     
          32          34  0.990991498580418     
          34          35  0.981283545485671     
          34          36  0.983581217023590     
          34          37  0.982104815306635     
          32          38  0.997061626979022     
          38          39  0.983127317088973     
          38          40  0.982749248689564     
          38          41  0.983665598032381     
          19          42  0.863590483720029     
          42          43   1.11198409490490     
          43          44  0.934759302987259     
          44          45  0.997139815991072     
          45          46  0.981647566519385     
          45          47  0.981449405912211     
          45          48  0.982955164782318     
          44          49  0.991133740713101     
          49          50  0.983310279145519     
          49          51  0.982563247319079     
          49          52  0.979751715581530     
          44          53  0.939573467267832     
          42          54   1.11097291012063     
          53          54  0.933291853246066     
          53          55  0.996629887094531     
          55          56  0.982355020053253     
          55          57  0.982800129972636     
          55          58  0.983015791908047     
          53          59  0.991582737930045     
          59          60  0.982705267630471     
          59          61  0.982986778118320     
          59          62  0.983137858481172     
          19          63  0.863284892103452     
          63          64   1.11331702228908     
          64          65  0.936774598406309     
          65          66  0.991353069593536     
          66          67  0.978321348715966     
          66          68  0.981993921670494     
          66          69  0.982704330739412     
          65          70  0.996629238007253     
          70          71  0.981828676447118     
          70          72  0.983150122512280     
          70          73  0.982155478825759     
          65          74  0.938045227736291     
          63          75   1.12452439397446     
          74          75  0.934068741381977     
          74          76  0.996212412326076     
          76          77  0.982676753324691     
          76          78  0.982068205822560     
          76          79  0.981690835544552     
          74          80  0.991436397123648     
          80          81  0.983806100384600     
          80          82  0.983097908102484     
          80          83  0.983058802429511     
           4          84  0.968542631580692     
          14          85  0.968773084558438     
          19          86  0.582756400589186     
          20          86  0.326398051449458     
          86          87   1.30279555814626     
          86          88   1.46977222216814     
          87          89   1.44655543214744     
          88          89  0.123432121107816     
          87          90  0.970962488648925     
          88          91   1.11986225426090     
          89          91   1.06430381812693     
          88          92   1.03393264112414     
          89          93   1.14469041299989     
          92          94  0.962138317727896     
          92          95  0.954204947753652     
          92          96  0.976479340060484     
          93          97   2.73787212814295     
