   -0.12376254
    0.07560982
   -0.04267031
   -0.02172806
   -0.04288915
    0.04813611
    0.05394193
    0.05747757
    0.04888353
    0.07115429
   -0.13019524
    0.04275740
   -0.04374166
   -0.02363345
   -0.04501984
    0.04826788
    0.05400073
    0.07847336
   -0.16599958
    0.09441171
    0.40304399
   -0.40885661
    0.13011249
   -0.12126781
    0.05307476
    0.04487240
    0.05122718
   -0.10929390
    0.04760551
    0.04187996
    0.02766857
    0.13080025
   -0.40358411
   -0.12039043
    0.05040599
    0.04592483
    0.04932256
   -0.12003573
    0.04712873
    0.05310512
    0.04524530
    0.40442986
   -0.38275249
    0.12868293
   -0.12535833
    0.05434347
    0.05582623
    0.04985520
   -0.12176051
    0.04906403
    0.04589049
    0.05258175
    0.12774434
   -0.38046209
   -0.12485085
    0.05446291
    0.05516936
    0.04844640
   -0.12214579
    0.04359384
    0.05179790
    0.05138838
    0.40287248
   -0.37806940
    0.12510278
   -0.13064499
    0.05870137
    0.05402981
    0.05063684
   -0.12938141
    0.06073880
    0.05106765
    0.05246353
    0.12698839
   -0.37938955
   -0.12418139
    0.05107345
    0.05401017
    0.05478541
   -0.12218371
    0.04055651
    0.04938008
    0.05505400
    0.05477673
    0.05222713
   -0.00723864
   -0.01306051
   -0.09055690
   -0.28317565
    0.17129571
    0.06581663
    0.01049456
   -0.11747976
    0.04189382
    0.05227597
    0.05170952
