           1           2   1.31048415507297     
           2           3   1.34967645201501     
           3           4   1.48235720919963     
           4           5   1.38290915579793     
           1           6   1.38750444510191     
           3           6  0.105704750261960     
           5           6   1.46037043316018     
           6           7  0.956730063241090     
           5           8  0.968259494291615     
           3           9  0.961534360243775     
           2          10   1.09123311521049     
          10          11   1.30310476708256     
          11          12   1.38600336826788     
          12          13   1.45639790693257     
          13          14   1.38676587093163     
          10          15   1.35497089936790     
          12          15  0.104764857824250     
          14          15   1.47671703760156     
          15          16  0.961455096073213     
          13          17  0.968633686224017     
          12          18  0.947481836687248     
           1          19  0.444006593701150     
          11          19  0.436510933089294     
          19          20  0.557794120314845     
          19          21  0.731135573770633     
          21          22   1.09153067354214     
          22          23  0.942551293321340     
          23          24  0.996545810020516     
          24          25  0.982728627359803     
          24          26  0.983601514752595     
          24          27  0.983208009374414     
          23          28  0.990075015675726     
          28          29  0.984056702500159     
          28          30  0.984012300483834     
          28          31  0.985202191512799     
          23          32  0.941172630412856     
          21          33   1.11187904786442     
          32          33  0.939090255160339     
          32          34  0.990845058487551     
          34          35  0.981750488791650     
          34          36  0.983650805628512     
          34          37  0.982201265306327     
          32          38  0.996911886784104     
          38          39  0.983091610639117     
          38          40  0.982831521396816     
          38          41  0.983730289955590     
          19          42  0.858797582548225     
          42          43   1.11918474674724     
          43          44  0.935093911574914     
          44          45  0.996977075484777     
          45          46  0.982406042075128     
          45          47  0.981943043860794     
          45          48  0.983057368868217     
          44          49  0.990807226083449     
          49          50  0.983412418892317     
          49          51  0.982402044410645     
          49          52  0.979731088632260     
          44          53  0.939438702193309     
          42          54   1.11045576984789     
          53          54  0.934063489122525     
          53          55  0.996369747857255     
          55          56  0.982418652072302     
          55          57  0.982711297861354     
          55          58  0.983145263806853     
          53          59  0.991545447467748     
          59          60  0.982339031386400     
          59          61  0.983114622293205     
          59          62  0.982914467444569     
          19          63  0.862413485521918     
          63          64   1.11254030503785     
          64          65  0.936848723095289     
          65          66  0.991254331411842     
          66          67  0.978780855227871     
          66          68  0.982524960759355     
          66          69  0.983013078994752     
          65          70  0.996585837464868     
          70          71  0.981956557864622     
          70          72  0.983351171480539     
          70          73  0.982214404298872     
          65          74  0.937943064571472     
          63          75   1.11988321951276     
          74          75  0.935430309731387     
          74          76  0.996039912925280     
          76          77  0.982923403566607     
          76          78  0.982204666525761     
          76          79  0.981459592337967     
          74          80  0.991151473685603     
          80          81  0.984003527453359     
          80          82  0.983185000724666     
          80          83  0.983243123134369     
           4          84  0.968600584517646     
          14          85  0.968712230492472     
          19          86  0.592825948771946     
          20          86  0.328648785153776     
          86          87   1.26338175211072     
          86          88   1.44189265167196     
          86          89  0.151643045665567     
          87          89   1.17301085414635     
          87          90  0.937621286647122     
          88          91   1.35136727034322     
          89          91   1.47020578500198     
          88          92  0.970488866222328     
          91          93   1.02491721714085     
          93          94  0.986452095476279     
          93          95  0.973604967227155     
          93          96  0.972707069132405     
