   -0.12331014
    0.07652678
   -0.04255211
   -0.02273583
   -0.04367835
    0.04872504
    0.05143648
    0.05435549
    0.04458883
    0.07205305
   -0.12658471
    0.04268168
   -0.04591909
   -0.02528855
   -0.04651850
    0.04486914
    0.04972807
    0.07409984
   -0.15729106
    0.08753443
    0.40130159
   -0.41067693
    0.13044444
   -0.12087249
    0.05324416
    0.04457622
    0.05010247
   -0.10836492
    0.04684293
    0.04056974
    0.02767178
    0.13090564
   -0.40392413
   -0.11941520
    0.04828963
    0.04602912
    0.04943443
   -0.11949076
    0.04701296
    0.05266456
    0.04468419
    0.40495025
   -0.38349540
    0.12856131
   -0.12595567
    0.05519497
    0.05598393
    0.04937609
   -0.12145080
    0.04835405
    0.04514263
    0.05265075
    0.12768872
   -0.38281470
   -0.12386430
    0.05344413
    0.05393185
    0.04812450
   -0.12323703
    0.04502502
    0.05227166
    0.04956118
    0.39948367
   -0.37826948
    0.12507464
   -0.13018016
    0.05893654
    0.05367698
    0.04928694
   -0.12886033
    0.06014422
    0.05016700
    0.05164271
    0.12666829
   -0.38223110
   -0.12366147
    0.05017081
    0.05268489
    0.05427323
   -0.12220376
    0.03992084
    0.05005954
    0.05393968
    0.05124896
    0.04861440
   -0.02513341
   -0.05739544
   -0.04639440
    0.03246924
    0.01959255
   -0.05101924
    0.04138175
    0.05078052
   -0.15398981
    0.03825454
   -0.32757736
    0.14777761
    0.19401755
   -0.13821560
    0.07833678
    0.06703391
    0.06630072
