           1           2   1.30740906888360     
           2           3   1.34839219305251     
           3           4   1.48348257863753     
           4           5   1.38053790384870     
           1           6   1.38668282737978     
           3           6  0.105688163343069     
           5           6   1.46126771863129     
           6           7  0.956948785492304     
           5           8  0.968650716368351     
           3           9  0.962233812217150     
           2          10   1.09247934297130     
          10          11   1.30207924689060     
          11          12   1.38631599515579     
          12          13   1.45851207474990     
          13          14   1.38234359975076     
          10          15   1.35179466424952     
          12          15  0.105352223460471     
          14          15   1.48019119212807     
          15          16  0.962118368104571     
          13          17  0.969109816576931     
          12          18  0.948462848963302     
           1          19  0.442556034497733     
          11          19  0.438485298441760     
          19          20  0.525285187647400     
          19          21  0.726989759600614     
          21          22   1.08656349330544     
          22          23  0.943666202088419     
          23          24  0.996509954896153     
          24          25  0.982739706296653     
          24          26  0.983694337675510     
          24          27  0.983365017556675     
          23          28  0.989651944159878     
          28          29  0.984162241810866     
          28          30  0.984095812135156     
          28          31  0.985435757410444     
          23          32  0.941315812705433     
          21          33   1.10959811768858     
          32          33  0.940157874646143     
          32          34  0.990676127948584     
          34          35  0.982800635866564     
          34          36  0.983782063186427     
          34          37  0.982350994153532     
          32          38  0.996670145131054     
          38          39  0.983208673937102     
          38          40  0.982833747562951     
          38          41  0.983798282735396     
          19          42  0.858369719241130     
          42          43   1.11606056387595     
          43          44  0.936170184964392     
          44          45  0.996712299144801     
          45          46  0.982206415842729     
          45          47  0.981755237708205     
          45          48  0.983128606263423     
          44          49  0.990873785886024     
          49          50  0.983454883683412     
          49          51  0.982767452626137     
          49          52  0.979458460274371     
          44          53  0.938829770257386     
          42          54   1.10729896117799     
          53          54  0.935174600959886     
          53          55  0.996139159435154     
          55          56  0.982509198513796     
          55          57  0.982841278083753     
          55          58  0.983227129451793     
          53          59  0.991556049779061     
          59          60  0.981860985549073     
          59          61  0.983016047160162     
          59          62  0.983024550278960     
          19          63  0.872473087580074     
          63          64   1.11238301146810     
          64          65  0.938946982873610     
          65          66  0.991171708592108     
          66          67  0.978302066595110     
          66          68  0.982565014850218     
          66          69  0.983126666123095     
          65          70  0.996286312069881     
          70          71  0.982030067521517     
          70          72  0.983487721995740     
          70          73  0.982279030177597     
          65          74  0.937351108531933     
          63          75   1.11410505731687     
          74          75  0.937307889883232     
          74          76  0.995620169415190     
          76          77  0.983056212383594     
          76          78  0.982469150665272     
          76          79  0.981837439980073     
          74          80  0.991175886339891     
          80          81  0.983823896317814     
          80          82  0.983230746704664     
          80          83  0.983368330903090     
           4          84  0.968968940984488     
          14          85  0.969081886042058     
          19          86  0.585373745228498     
          20          86  0.355112101878158     
          86          87   1.42664081648562     
          86          88   1.33087347285372     
          87          89   1.34378767889646     
          87          90  0.961573153427147     
          87          91  0.105372617240674     
          88          91   1.50065344283873     
          88          92  0.960218383555253     
          89          93   1.25708594179281     
          91          93   1.32586147647322     
          89          94   1.14862005307796     
          91          95  0.967083005690489     
          93          96   1.19770866638251     
          94          96  0.109634483192351     
          94          97   1.19963753186458     
          96          97   1.56099705491371     
          94          98  0.932326933397173     
          97          99   1.02962432802625     
          99         100  0.980017250623461     
          99         101  0.966799923062527     
          99         102  0.967566796564864     
