   -0.12176558
    0.07631209
   -0.04353216
   -0.02197477
   -0.04371521
    0.04819004
    0.05307838
    0.05691900
    0.04845736
    0.07268689
   -0.12971454
    0.04160544
   -0.04475784
   -0.02462427
   -0.04499849
    0.04700378
    0.05171487
    0.07501522
   -0.15434683
    0.08684950
    0.40319390
   -0.40598174
    0.12968973
   -0.12194213
    0.05376553
    0.04534357
    0.05181856
   -0.10988370
    0.04812970
    0.04239598
    0.02788936
    0.13057400
   -0.40323957
   -0.12143028
    0.05196391
    0.04641660
    0.04944517
   -0.12030367
    0.04710857
    0.05338410
    0.04576796
    0.40136689
   -0.38401708
    0.12855962
   -0.12650394
    0.05643580
    0.05631315
    0.05001662
   -0.12145660
    0.04941124
    0.04649976
    0.05154457
    0.12766562
   -0.38399679
   -0.12427721
    0.05412411
    0.05399942
    0.04884164
   -0.12363438
    0.04703300
    0.05300944
    0.04913724
    0.40245233
   -0.37975891
    0.12522362
   -0.13056942
    0.05853260
    0.05424560
    0.05080871
   -0.12926506
    0.06065212
    0.05111972
    0.05216948
    0.12704285
   -0.37901424
   -0.12467137
    0.05137759
    0.05426819
    0.05528817
   -0.12230121
    0.04041340
    0.04991043
    0.05510644
    0.05419372
    0.05065571
   -0.03398327
   -0.01373774
    0.05368175
   -0.04853420
    0.02644524
   -0.24399907
    0.03972185
    0.04383691
    0.03229427
    0.03381319
