           1           2   1.31194691941142     
           2           3   1.34755490374100     
           3           4   1.48415558169864     
           4           5   1.38203365537879     
           1           6   1.38897873530428     
           3           6  0.106116576374109     
           5           6   1.46030728283076     
           6           7  0.956866539127631     
           5           8  0.968335308852071     
           3           9  0.961702016772882     
           2          10   1.09178616943358     
          10          11   1.30202326141403     
          11          12   1.38483246467003     
          12          13   1.45840749605498     
          13          14   1.38446595591338     
          10          15   1.35389686478405     
          12          15  0.104983276557478     
          14          15   1.47791049633949     
          15          16  0.961669192924428     
          13          17  0.968878594123390     
          12          18  0.947850179400771     
           1          19  0.443045930234815     
          11          19  0.431529316432240     
          19          20  0.531478899425663     
          19          21  0.728046477368683     
          21          22   1.09436069266559     
          22          23  0.941724594059887     
          23          24  0.996511040011125     
          24          25  0.982612845032440     
          24          26  0.983549612853982     
          24          27  0.983151597730242     
          23          28  0.990196742194764     
          28          29  0.983967799118289     
          28          30  0.983986292670193     
          28          31  0.985172319180944     
          23          32  0.940991050294193     
          21          33   1.11225634768279     
          32          33  0.938488163375105     
          32          34  0.990877786287950     
          34          35  0.981235480653769     
          34          36  0.983612431965558     
          34          37  0.982148654260212     
          32          38  0.996966453388256     
          38          39  0.983090924155040     
          38          40  0.982798606867544     
          38          41  0.983678406024539     
          19          42  0.855876441321725     
          42          43   1.11836972955956     
          43          44  0.934947718568268     
          44          45  0.996957667361495     
          45          46  0.982022112617707     
          45          47  0.981733430353930     
          45          48  0.983007570094306     
          44          49  0.990911793826074     
          49          50  0.983349619409962     
          49          51  0.982599787154626     
          49          52  0.980238425837541     
          44          53  0.939078513245018     
          42          54   1.10918213391602     
          53          54  0.933142408517978     
          53          55  0.996138467307093     
          55          56  0.982424439625425     
          55          57  0.982804061847508     
          55          58  0.983117237708769     
          53          59  0.991932551915725     
          59          60  0.982086863785915     
          59          61  0.982819997545075     
          59          62  0.982976379462995     
          19          63  0.865323506786109     
          63          64   1.11133726795275     
          64          65  0.936690880489891     
          65          66  0.991335795985872     
          66          67  0.978703601083200     
          66          68  0.982458882912865     
          66          69  0.982959352387482     
          65          70  0.996570112472168     
          70          71  0.981961412577990     
          70          72  0.983330456791557     
          70          73  0.982265549698058     
          65          74  0.938004913437487     
          63          75   1.12135470561879     
          74          75  0.934713533887565     
          74          76  0.996136679524874     
          76          77  0.982813045654013     
          76          78  0.982123181090416     
          76          79  0.981649441177439     
          74          80  0.991281545472449     
          80          81  0.983963941463791     
          80          82  0.983137074552871     
          80          83  0.983196093352037     
           4          84  0.968631857931996     
          14          85  0.968859459792900     
          19          86  0.585566266446271     
          20          86  0.351190739770422     
          86          87   1.39291656329984     
          86          88   1.35787335238073     
          87          89   1.43082107722450     
          88          89  0.107966587959699     
          87          90  0.964126391591219     
          88          91   1.45145920630785     
          88          92  0.955583803887122     
          86          93  0.103117036374501     
          89          93   1.43098893185886     
          91          93   1.41471794500052     
          89          94  0.968846234371853     
          93          95  0.963882399531281     
