   -0.12466175
    0.07704797
   -0.04258569
   -0.02075798
   -0.04240327
    0.04916034
    0.05440471
    0.05907465
    0.04920478
    0.07288577
   -0.13243081
    0.04187933
   -0.04338441
   -0.02347034
   -0.04504541
    0.04860684
    0.05410454
    0.07782856
   -0.14427424
    0.09548664
    0.40576387
   -0.40502453
    0.12979786
   -0.12236081
    0.05446899
    0.04603439
    0.05275098
   -0.11012812
    0.04908373
    0.04317463
    0.02696193
    0.13122106
   -0.40615123
   -0.12225957
    0.05280804
    0.04697249
    0.05012661
   -0.12024798
    0.04622580
    0.05374166
    0.04671048
    0.40960209
   -0.38303266
    0.12989533
   -0.12494397
    0.05630720
    0.05330691
    0.05100207
   -0.12078578
    0.04931831
    0.04781217
    0.05066415
    0.12784003
   -0.38598876
   -0.12398836
    0.05043549
    0.05396899
    0.04943155
   -0.12743987
    0.05306511
    0.05234176
    0.05232864
    0.40664806
   -0.38019945
    0.12685102
   -0.12592495
    0.05473138
    0.05313284
    0.05019366
   -0.12911384
    0.06128289
    0.05114785
    0.05290159
    0.12726221
   -0.38006530
   -0.12472816
    0.05169246
    0.05392731
    0.05616984
   -0.12296300
    0.04085488
    0.05094845
    0.05570314
    0.05599471
    0.05248134
   -0.04011335
   -0.04994273
    0.08346637
    0.15491599
    0.05606571
   -0.04744504
   -0.16209091
   -0.06187281
   -0.26240715
    0.08409641
    0.07491769
