           1           2   1.31738297682576     
           2           3   1.35096233793583     
           3           4   1.48070562652675     
           4           5   1.38720315518206     
           1           6   1.39158332527833     
           3           6  0.105931427077715     
           5           6   1.45690081721204     
           6           7  0.956909619154550     
           5           8  0.968080632965761     
           3           9  0.961444086248511     
           2          10   1.08864638416025     
          10          11   1.30851748316573     
          11          12   1.38665871397627     
          12          13   1.45590130518800     
          13          14   1.38889775005978     
          10          15   1.35587445293984     
          12          15  0.104965839746124     
          14          15   1.47549790768108     
          15          16  0.961359195554563     
          13          17  0.968592113424211     
          12          18  0.946696704281458     
           1          19  0.425888916544559     
          11          19  0.411849135831577     
          19          20  0.542807559603112     
          19          21  0.730533688024861     
          21          22   1.10079131155191     
          22          23  0.939947076712863     
          23          24  0.996714800339506     
          24          25  0.982499438336940     
          24          26  0.983394088751611     
          24          27  0.983028201691531     
          23          28  0.990438996092800     
          28          29  0.983864234686259     
          28          30  0.983919534525452     
          28          31  0.984871484342364     
          23          32  0.941224212464223     
          21          33   1.10862127946663     
          32          33  0.936993425038527     
          32          34  0.991122982639315     
          34          35  0.981050793051624     
          34          36  0.983443750872046     
          34          37  0.981449811540680     
          32          38  0.997280654728982     
          38          39  0.983119125805725     
          38          40  0.982508588076740     
          38          41  0.983535422155057     
          19          42  0.848171238000881     
          42          43   1.12872973077804     
          43          44  0.934943361790612     
          44          45  0.995907358468864     
          45          46  0.981281352632697     
          45          47  0.981902346275611     
          45          48  0.982769276814254     
          44          49  0.991732200554634     
          49          50  0.983063576326440     
          49          51  0.982722413653661     
          49          52  0.979929435817728     
          44          53  0.936948096430106     
          42          54   1.10507282069761     
          53          54  0.932260467249339     
          53          55  0.995297174737648     
          55          56  0.982652603455198     
          55          57  0.982673246399939     
          55          58  0.982868470976571     
          53          59  0.992781904633483     
          59          60  0.979228991500328     
          59          61  0.982690346758768     
          59          62  0.982650940371110     
          19          63  0.858813073268709     
          63          64   1.11194862536200     
          64          65  0.935651597133326     
          65          66  0.991479896137278     
          66          67  0.979447253295223     
          66          68  0.982290309393745     
          66          69  0.983042734594533     
          65          70  0.996782258322383     
          70          71  0.981891058914769     
          70          72  0.983271801729443     
          70          73  0.982202413249066     
          65          74  0.938362849615562     
          63          75   1.11971911693487     
          74          75  0.933975256382345     
          74          76  0.996206073354660     
          76          77  0.982747608790258     
          76          78  0.982204357088960     
          76          79  0.982050479471079     
          74          80  0.991385601955042     
          80          81  0.983986988818977     
          80          82  0.983060886920906     
          80          83  0.983098956967774     
           4          84  0.968413251460913     
          14          85  0.968658928900815     
          19          86  0.586003642183816     
          20          86  0.343523383549475     
          86          87   1.37247021700291     
          86          88   1.35357544424688     
          87          89   1.40715728874046     
          87          90  0.958450889493974     
          87          91  0.102028205505799     
          88          91   1.41090940920920     
          88          92  0.964415003762714     
          89          93   1.39077568116093     
          91          93   1.42863354168865     
          89          94  0.925179244045933     
          91          95  0.962085968616069     
          93          96  0.964037535719161     
