   -0.12069751
    0.07693349
   -0.04279545
   -0.02168770
   -0.04329180
    0.04780769
    0.05493166
    0.05685281
    0.04688102
    0.07320174
   -0.12725398
    0.04201863
   -0.04389500
   -0.02359661
   -0.04483410
    0.04591704
    0.05162268
    0.07749617
   -0.15280874
    0.09572590
    0.40183784
   -0.40668163
    0.12978455
   -0.12191536
    0.05420611
    0.04501720
    0.05123579
   -0.10957002
    0.04765636
    0.04156510
    0.02792953
    0.13039650
   -0.40182756
   -0.12175847
    0.05211454
    0.04603681
    0.05002138
   -0.12044890
    0.04712259
    0.05360287
    0.04527090
    0.40076246
   -0.38186428
    0.12818073
   -0.12673428
    0.05584251
    0.05639671
    0.04991380
   -0.12239694
    0.04886654
    0.04661160
    0.05292980
    0.12718009
   -0.38117215
   -0.12489894
    0.05451663
    0.05438647
    0.04858105
   -0.12492245
    0.04518237
    0.05341078
    0.05066440
    0.40035617
   -0.37749840
    0.12456793
   -0.13178627
    0.06017119
    0.05445131
    0.05046713
   -0.12959100
    0.06075422
    0.05076325
    0.05193410
    0.12667116
   -0.37683858
   -0.12484287
    0.05109295
    0.05408438
    0.05552129
   -0.12282381
    0.04108892
    0.04978659
    0.05483468
    0.05322486
    0.04953814
   -0.02102572
   -0.03916140
   -0.03922576
    0.08958102
    0.04104882
   -0.03354431
    0.05356783
   -0.05270342
   -0.23060653
    0.05148461
    0.05309660
