           1           2   1.31411066180473     
           2           3   1.34947068542548     
           3           4   1.48236376001632     
           4           5   1.38416718657966     
           1           6   1.39004905840638     
           3           6  0.106027693206295     
           5           6   1.45892492069455     
           6           7  0.956872780843255     
           5           8  0.968343707884054     
           3           9  0.961699144891443     
           2          10   1.08976644755869     
          10          11   1.30664942754488     
          11          12   1.38851775766174     
          12          13   1.45569408134788     
          13          14   1.38748002012234     
          10          15   1.35469602694959     
          12          15  0.105143967206138     
          14          15   1.47693568424383     
          15          16  0.961649915788111     
          13          17  0.968893638197833     
          12          18  0.947610340960360     
           1          19  0.436344567297239     
          11          19  0.423524549182218     
          19          20  0.529795255430714     
          19          21  0.733801658069771     
          21          22   1.09268575093796     
          22          23  0.942373576159680     
          23          24  0.996517797035322     
          24          25  0.982675699099150     
          24          26  0.983547514154275     
          24          27  0.983249837643465     
          23          28  0.990062523370090     
          28          29  0.984086260727958     
          28          30  0.984054079763983     
          28          31  0.985234211033903     
          23          32  0.941237983507697     
          21          33   1.11172357782192     
          32          33  0.939011663429567     
          32          34  0.990756769273803     
          34          35  0.981419960674592     
          34          36  0.983646435571650     
          34          37  0.982118530211651     
          32          38  0.996964190224438     
          38          39  0.983108351179963     
          38          40  0.982783933037514     
          38          41  0.983718538209716     
          19          42  0.860395919215757     
          42          43   1.11773720375653     
          43          44  0.935422449924572     
          44          45  0.996891134022361     
          45          46  0.982149441928849     
          45          47  0.981772365889177     
          45          48  0.983035488456487     
          44          49  0.991005255321857     
          49          50  0.983381205245868     
          49          51  0.982243269019152     
          49          52  0.979666053044589     
          44          53  0.939179626214096     
          42          54   1.11073114091087     
          53          54  0.934032535953667     
          53          55  0.996400503567296     
          55          56  0.982381139178464     
          55          57  0.982762919509165     
          55          58  0.983114991132283     
          53          59  0.991502498556340     
          59          60  0.982183924252881     
          59          61  0.982978227722037     
          59          62  0.983004405266122     
          19          63  0.867576827868070     
          63          64   1.11065998684227     
          64          65  0.937683954520474     
          65          66  0.991216036115963     
          66          67  0.978374015869120     
          66          68  0.982487525631985     
          66          69  0.983030738377547     
          65          70  0.996485008989770     
          70          71  0.981911409925363     
          70          72  0.983393731356495     
          70          73  0.982242354539312     
          65          74  0.937524027834596     
          63          75   1.12288478620447     
          74          75  0.935431041553895     
          74          76  0.995879548372873     
          76          77  0.982894724603621     
          76          78  0.982200273907176     
          76          79  0.981285698322610     
          74          80  0.991400189180005     
          80          81  0.983959236794031     
          80          82  0.983104295902207     
          80          83  0.983198244676385     
           4          84  0.968744783600610     
          14          85  0.968967818325141     
          19          86  0.582022285122239     
          20          86  0.353036013374175     
          86          87   1.38259136173246     
          86          88   1.37364252453237     
          87          89   1.40965487340663     
          87          90  0.961747767046417     
          87          91  0.101697392768595     
          88          91   1.45321679888179     
          88          92  0.960454391347336     
          89          93   1.40973846656757     
          91          93   1.41700793911258     
          89          94  0.931570964021216     
          91          95  0.966721321096501     
          93          96  0.967671389916680     
