   -0.11849428
    0.08025698
   -0.04050439
   -0.01914429
   -0.03979456
    0.05074947
    0.05524743
    0.06257798
    0.05441016
    0.07648106
   -0.11974331
    0.04423884
   -0.04143602
   -0.02060629
   -0.04383543
    0.05593164
    0.05911021
    0.07970425
   -0.14716206
    0.09214004
    0.40404139
   -0.40245324
    0.12929297
   -0.12344354
    0.05514212
    0.04724219
    0.05352500
   -0.11234540
    0.05057088
    0.04485624
    0.02881905
    0.13058424
   -0.40179903
   -0.12282598
    0.05264782
    0.04834296
    0.05023102
   -0.12151278
    0.04817820
    0.05404101
    0.04772947
    0.40550249
   -0.37759233
    0.12879257
   -0.12700247
    0.06310428
    0.05434623
    0.05012910
   -0.12144317
    0.05105615
    0.04946448
    0.05169516
    0.12716289
   -0.38438922
   -0.12444533
    0.05303360
    0.05451249
    0.05034650
   -0.12177995
    0.04420438
    0.05214294
    0.05029134
    0.40463647
   -0.38433406
    0.12607463
   -0.12949354
    0.05833419
    0.05721368
    0.05080311
   -0.12870995
    0.05979016
    0.05214603
    0.05239712
    0.12664112
   -0.37657600
   -0.12536959
    0.05252280
    0.05529186
    0.05643337
   -0.12364645
    0.04083000
    0.05263971
    0.05637356
    0.06051963
    0.05905191
   -0.02153766
   -0.04233392
   -0.01808993
   -0.03499171
   -0.04315158
    0.11448915
    0.04853396
    0.03486640
   -0.30147864
