           1           2   1.32292712787140     
           2           3   1.35904566494245     
           3           4   1.47256153202204     
           4           5   1.39646334462633     
           1           6   1.39461487567145     
           3           6  0.105351813288738     
           5           6   1.45091150476157     
           6           7  0.956971659787447     
           5           8  0.967630838363346     
           3           9  0.961561919558153     
           2          10   1.07864669875628     
          10          11   1.31745329297286     
          11          12   1.39321350146151     
          12          13   1.44809375871303     
          13          14   1.39886486862805     
          10          15   1.36227939678541     
          12          15  0.104974943687575     
          14          15   1.46950466287367     
          15          16  0.961301095049007     
          13          17  0.968008156772158     
          12          18  0.946171979500083     
           1          19  0.422165971051392     
          11          19  0.427699434664441     
          19          20  0.557498968813977     
          19          21  0.749289859796868     
          21          22   1.10216938120234     
          22          23  0.939121853434615     
          23          24  0.996864605503554     
          24          25  0.982412349257507     
          24          26  0.983313958747729     
          24          27  0.982891388408149     
          23          28  0.990397719516290     
          28          29  0.983722758205066     
          28          30  0.983710918881645     
          28          31  0.985378983804587     
          23          32  0.941213207379094     
          21          33   1.11582122160006     
          32          33  0.935650131846132     
          32          34  0.991236573443569     
          34          35  0.981227559173138     
          34          36  0.983288704602801     
          34          37  0.981683073518974     
          32          38  0.997347634946776     
          38          39  0.983016945504662     
          38          40  0.982569363855474     
          38          41  0.983413625968429     
          19          42  0.844489216667368     
          42          43   1.14226752460372     
          43          44  0.931981184771110     
          44          45  0.995784310804628     
          45          46  0.977471313496850     
          45          47  0.981373538007344     
          45          48  0.982466240245998     
          44          49  0.991644784207718     
          49          50  0.982889348416962     
          49          51  0.982609664241988     
          49          52  0.980230360120056     
          44          53  0.936880356411564     
          42          54   1.10669810213553     
          53          54  0.931670747633368     
          53          55  0.995029529292723     
          55          56  0.982444839227883     
          55          57  0.982703575135307     
          55          58  0.982707876914269     
          53          59  0.993218769382233     
          59          60  0.980387963378195     
          59          61  0.982462325332459     
          59          62  0.982937856038052     
          19          63  0.837077786778945     
          63          64   1.11263489171662     
          64          65  0.932919496469663     
          65          66  0.991969727254489     
          66          67  0.977492535618445     
          66          68  0.980913269105726     
          66          69  0.982971200862453     
          65          70  0.996466204238304     
          70          71  0.982160682631923     
          70          72  0.983243642675812     
          70          73  0.982325550263472     
          65          74  0.938300568453432     
          63          75   1.12735130122848     
          74          75  0.931970319438876     
          74          76  0.996376990814914     
          76          77  0.982729186126194     
          76          78  0.982181014927514     
          76          79  0.981706761707957     
          74          80  0.991644660212730     
          80          81  0.984019702209271     
          80          82  0.982945054171262     
          80          83  0.982998730670772     
           4          84  0.967862472546536     
          14          85  0.967881428061116     
          19          86  0.599055359727788     
          20          86  0.337160027758712     
          86          87   1.18330807871816     
          86          88   1.43964377679973     
          87          89   1.15128226388720     
          88          90   1.18937147914424     
          89          90   1.65655657746995     
          88          91   1.12542714650689     
          89          92  0.968733290862451     
          90          93  0.964340967026420     
          91          94   2.73866318967978     
