   -0.12163786
    0.07651128
   -0.04258223
   -0.02317063
   -0.04427032
    0.04750991
    0.05182133
    0.05418658
    0.04530565
    0.07339412
   -0.12462823
    0.04207920
   -0.04549595
   -0.02457792
   -0.04537869
    0.04440530
    0.04929506
    0.07472571
   -0.15598379
    0.08492831
    0.40195559
   -0.41165622
    0.13052216
   -0.12113357
    0.05323691
    0.04447589
    0.05032819
   -0.10848875
    0.04665950
    0.04041520
    0.02856617
    0.13082652
   -0.40155794
   -0.11863255
    0.04719976
    0.04604832
    0.04938493
   -0.11885479
    0.04721924
    0.05209619
    0.04443963
    0.40462608
   -0.37703921
    0.12799873
   -0.12770845
    0.06393705
    0.05403073
    0.04695940
   -0.12032517
    0.04756572
    0.04508888
    0.05072805
    0.12765714
   -0.38172694
   -0.12199776
    0.05133961
    0.05162002
    0.04657341
   -0.12697592
    0.05979333
    0.04769441
    0.04560583
    0.39999241
   -0.37620386
    0.12506775
   -0.12927269
    0.05926944
    0.05361157
    0.04848405
   -0.12874835
    0.05953686
    0.04978278
    0.05180829
    0.12645822
   -0.38221239
   -0.12377932
    0.04978636
    0.05267110
    0.05468277
   -0.12264667
    0.03970026
    0.05061277
    0.05365581
    0.05107149
    0.04826669
   -0.01775722
   -0.03004060
   -0.03443721
   -0.03890993
    0.02555586
   -0.00049939
    0.05664742
   -0.04591202
    0.02972781
    0.09322944
    0.03104972
   -0.25208093
   -0.04786296
    0.05652224
   -0.01723207
    0.04079352
   -0.04851336
    0.03952973
    0.04137401
    0.04228847
