           1           2   1.30581572436997     
           2           3   1.34752474169898     
           3           4   1.48497086686449     
           4           5   1.37852147635656     
           1           6   1.38484447945325     
           3           6  0.105839557221915     
           5           6   1.46333825764782     
           6           7  0.956573883826523     
           5           8  0.968658910193510     
           3           9  0.961869176410669     
           2          10   1.09427114149101     
          10          11   1.30163246028158     
          11          12   1.38536852594883     
          12          13   1.45930661952900     
          13          14   1.38154286350752     
          10          15   1.35038593461257     
          12          15  0.105436943833205     
          14          15   1.48147555609195     
          15          16  0.961841001951959     
          13          17  0.969143983829738     
          12          18  0.948022529536184     
           1          19  0.452075550142123     
          11          19  0.440761879294636     
          19          20  0.531162377059656     
          19          21  0.721321083772683     
          21          22   1.08611402613067     
          22          23  0.943378739519024     
          23          24  0.996642964326503     
          24          25  0.982732239902622     
          24          26  0.983674696967075     
          24          27  0.983332138865048     
          23          28  0.989813940317270     
          28          29  0.984095063095139     
          28          30  0.984052647201386     
          28          31  0.985290604814520     
          23          32  0.941156107035982     
          21          33   1.11259057723589     
          32          33  0.940645245407552     
          32          34  0.990585636165944     
          34          35  0.983293627089487     
          34          36  0.983822701377607     
          34          37  0.982537089545999     
          32          38  0.996432967406278     
          38          39  0.983154121695353     
          38          40  0.982692193046333     
          38          41  0.983821137733533     
          19          42  0.846369038133243     
          42          43   1.12523216851396     
          43          44  0.936269937048532     
          44          45  0.996080325662707     
          45          46  0.978763191296895     
          45          47  0.981772169541728     
          45          48  0.983422322166178     
          44          49  0.991174107959910     
          49          50  0.983345622511199     
          49          51  0.982837236910973     
          49          52  0.980465448729714     
          44          53  0.937355769239814     
          42          54   1.10996114669654     
          53          54  0.934797769677223     
          53          55  0.995156673745497     
          55          56  0.982517068673568     
          55          57  0.983108655204422     
          55          58  0.983301419317592     
          53          59  0.992386329328508     
          59          60  0.974783874014344     
          59          61  0.983310052383598     
          59          62  0.983264611804989     
          19          63  0.868107623584623     
          63          64   1.11441217708319     
          64          65  0.939376623840673     
          65          66  0.991235726012587     
          66          67  0.978180866696335     
          66          68  0.982544947524167     
          66          69  0.983223900549590     
          65          70  0.996125644048937     
          70          71  0.982131820177592     
          70          72  0.983559845838601     
          70          73  0.982290517159005     
          65          74  0.937358903662335     
          63          75   1.11276427843014     
          74          75  0.937546185075428     
          74          76  0.995730953919388     
          76          77  0.983114459821428     
          76          78  0.982559935896281     
          76          79  0.982056044908700     
          74          80  0.991041469722301     
          80          81  0.983653782309253     
          80          82  0.983202713829867     
          80          83  0.983389648358453     
           4          84  0.969001757451301     
          14          85  0.969112913916001     
          19          86  0.590272861475048     
          20          86  0.346996799713873     
          86          87   1.38421826072374     
          86          88   1.38889603330703     
          87          89   1.42423675331712     
          88          89  0.101534463643988     
          87          90  0.964315268419915     
          88          91   1.39237856602990     
          88          92  0.957280084592101     
          89          93   1.45253354619003     
          91          93   1.36793714482562     
          89          94  0.969025742744150     
          91          95   1.04988938387358     
          93          96  0.967417743410533     
          95          97   1.38109174329091     
          95          98   1.36628596520904     
          97          99   1.44683679700780     
          98          99  0.110736170310904     
          98         100   1.46186037273283     
          98         101  0.966923392244809     
          95         102  0.105483463347115     
          99         102   1.42399693118274     
         100         102   1.42750153817922     
          99         103  0.962061665664086     
         100         104  0.969185581539974     
         102         105  0.970032144353888     
