   -0.10632176
    0.08321886
   -0.04075458
   -0.01944461
   -0.04072465
    0.04825618
    0.05914298
    0.06423627
    0.05549677
    0.08144617
   -0.10998065
    0.04189508
   -0.04182045
   -0.02027055
   -0.04246925
    0.05568852
    0.05628880
    0.07755845
   -0.14510274
    0.09529087
    0.40239873
   -0.40184044
    0.12922753
   -0.12466738
    0.05667503
    0.04720472
    0.05347499
   -0.11211011
    0.05014512
    0.04350270
    0.02897588
    0.12967268
   -0.39584267
   -0.12317443
    0.04994417
    0.04975370
    0.05264030
   -0.12239703
    0.04875365
    0.05538174
    0.04758830
    0.39949003
   -0.37574168
    0.12747769
   -0.12821663
    0.05508800
    0.05928819
    0.05192998
   -0.12558247
    0.05140319
    0.04926243
    0.05661944
    0.12729115
   -0.38334692
   -0.12610135
    0.05717037
    0.05453268
    0.05102836
   -0.12402487
    0.04209524
    0.05596475
    0.04805965
    0.39749534
   -0.37688366
    0.12442800
   -0.13279071
    0.06150030
    0.05367505
    0.05249415
   -0.13030691
    0.05999659
    0.05282918
    0.05274124
    0.12530070
   -0.37132542
   -0.12689615
    0.05264431
    0.05602774
    0.05665084
   -0.12555559
    0.04156749
    0.05492055
    0.05612992
    0.06150865
    0.05805715
    0.05372534
   -0.24284292
   -0.04733871
    0.25130386
   -0.01385678
    0.06869080
   -0.06880944
   -0.23339669
    0.07325164
    0.35255390
   -0.46752163
   -0.27121711
    0.01869062
    0.09036051
    0.07066368
    0.07091008
