           1           2   1.32745956767669     
           2           3   1.35766535141714     
           3           4   1.47405225617306     
           4           5   1.39663446803090     
           1           6   1.39572879673521     
           3           6  0.105932718612216     
           5           6   1.45082568230783     
           6           7  0.955132692850450     
           5           8  0.967371638211717     
           3           9  0.960810644112788     
           2          10   1.07696653867220     
          10          11   1.32299135353623     
          11          12   1.39899124397784     
          12          13   1.44564395968561     
          13          14   1.40086142490682     
          10          15   1.36111292662865     
          12          15  0.105554304983119     
          14          15   1.47027749455268     
          15          16  0.960676810154470     
          13          17  0.968339026309501     
          12          18  0.946259066999427     
           1          19  0.433311597491155     
          11          19  0.416782305360276     
          19          20  0.507410108697389     
          19          21  0.748103047707626     
          21          22   1.09925186846342     
          22          23  0.939642036469101     
          23          24  0.997024673615568     
          24          25  0.982343661801444     
          24          26  0.983219319222054     
          24          27  0.982978494437567     
          23          28  0.990243225058605     
          28          29  0.983696188380032     
          28          30  0.983870685933876     
          28          31  0.985270761763991     
          23          32  0.941585379918809     
          21          33   1.12068646918816     
          32          33  0.935746818193383     
          32          34  0.991104625660567     
          34          35  0.983066094636651     
          34          36  0.983332262120537     
          34          37  0.982076604046674     
          32          38  0.997262495567676     
          38          39  0.982995642151391     
          38          40  0.982407575397077     
          38          41  0.983316245173741     
          19          42  0.842330519401275     
          42          43   1.13238505255953     
          43          44  0.932251623395454     
          44          45  0.997120168581779     
          45          46  0.982091087163862     
          45          47  0.981252700545685     
          45          48  0.982679847355483     
          44          49  0.991337053421664     
          49          50  0.983034486423658     
          49          51  0.982566408443024     
          49          52  0.978775618029027     
          44          53  0.939323273038942     
          42          54   1.10919061042927     
          53          54  0.931467494844084     
          53          55  0.996574718202290     
          55          56  0.982064790837317     
          55          57  0.982712310675937     
          55          58  0.982772842768543     
          53          59  0.991884084115716     
          59          60  0.982434601633317     
          59          61  0.982563024451980     
          59          62  0.983171015289209     
          19          63  0.857990104664215     
          63          64   1.11805807786231     
          64          65  0.935345820434730     
          65          66  0.991729148294128     
          66          67  0.977942397855051     
          66          68  0.982501257332459     
          66          69  0.982632568420059     
          65          70  0.996544510378256     
          70          71  0.981927945810420     
          70          72  0.983068660532959     
          70          73  0.982009262898684     
          65          74  0.937115690963098     
          63          75   1.13159877554468     
          74          75  0.933401644495145     
          74          76  0.995756869796929     
          76          77  0.982655709499655     
          76          78  0.982151525135514     
          76          79  0.981787286059220     
          74          80  0.991944993254472     
          80          81  0.983377868046311     
          80          82  0.982619309101853     
          80          83  0.982933162520762     
           4          84  0.967737593063768     
          14          85  0.967975089752640     
          19          86  0.623904177158581     
          20          86  0.357170391828885     
          86          87   1.33875886614554     
          86          88   1.31407867202907     
          87          89   1.44397163056810     
          88          90   1.51941670278657     
          88          91  0.959786035830341     
          89          92   1.32293942077837     
          90          92   1.31676548874326     
          89          93  0.945176403325720     
          90          94  0.961345952003005     
          92          95   1.03601556356588     
          95          96   1.66551116072325     
          95          97   1.12939906283025     
          96          97  0.162854941722163     
          97          98  0.948369460094863     
          98          99  0.978761572628704     
          98         100  0.975830822732016     
          98         101  0.976027701850611     
