   -0.12708234
    0.07421761
   -0.04439243
   -0.02322083
   -0.04539650
    0.04892437
    0.05108305
    0.05337973
    0.04427613
    0.06933933
   -0.13216067
    0.04144942
   -0.04631951
   -0.02705617
   -0.04581604
    0.04300272
    0.04870063
    0.07378284
   -0.15634104
    0.08038224
    0.40486819
   -0.40711498
    0.13001993
   -0.12122570
    0.05366956
    0.04456138
    0.05121270
   -0.10841146
    0.04716765
    0.04123738
    0.02658183
    0.13100052
   -0.40694493
   -0.12099475
    0.05092514
    0.04589092
    0.05002934
   -0.12009186
    0.04586412
    0.05411616
    0.04520444
    0.40879329
   -0.37839936
    0.12811535
   -0.12719710
    0.05840554
    0.05563938
    0.04979318
   -0.12140252
    0.04877087
    0.04669415
    0.05049684
    0.12809282
   -0.38350089
   -0.12471597
    0.05317135
    0.05445797
    0.04866057
   -0.12536164
    0.05223486
    0.05210941
    0.04752791
    0.40366687
   -0.37556709
    0.12475899
   -0.13283459
    0.06148499
    0.05520717
    0.05075581
   -0.12882798
    0.06051852
    0.05064904
    0.05121790
    0.12662322
   -0.37907625
   -0.12459252
    0.05078106
    0.05229236
    0.05690625
   -0.12193759
    0.04014902
    0.04928629
    0.05423854
    0.05031660
    0.04635899
    0.06140409
   -0.05274174
   -0.27180966
   -0.03108031
    0.01851191
    0.12768538
   -0.04523137
    0.02265147
   -0.12662657
   -0.03218629
   -0.01361334
    0.20303230
   -0.05425882
    0.04775971
   -0.11116010
    0.03826147
    0.03827385
    0.03988163
    0.03829128
    0.03987538
