           1           2   1.30582857272317     
           2           3   1.34233600342541     
           3           4   1.48915440367449     
           4           5   1.37577302064895     
           1           6   1.38810660531485     
           3           6  0.106231015654745     
           5           6   1.46314934321714     
           6           7  0.957255183014645     
           5           8  0.968778550538011     
           3           9  0.962123947146900     
           2          10   1.09948313112555     
          10          11   1.29242621846102     
          11          12   1.37630672194827     
          12          13   1.46628473637975     
          13          14   1.37456566770781     
          10          15   1.34904466577310     
          12          15  0.104965916983060     
          14          15   1.48291922393854     
          15          16  0.962027665347211     
          13          17  0.969175594451019     
          12          18  0.947786757341490     
           1          19  0.441230600866301     
          11          19  0.439356727276360     
          19          20  0.524535925642064     
          19          21  0.713099564277430     
          21          22   1.09424434076626     
          22          23  0.942110228944587     
          23          24  0.996387349299898     
          24          25  0.982704687096496     
          24          26  0.983635625900587     
          24          27  0.983258318380332     
          23          28  0.989955866357943     
          28          29  0.984118207230819     
          28          30  0.984105397914604     
          28          31  0.984838405587417     
          23          32  0.941336904316716     
          21          33   1.10556724440238     
          32          33  0.938984748735886     
          32          34  0.990800108998343     
          34          35  0.981952414135571     
          34          36  0.983693727820202     
          34          37  0.982121282406500     
          32          38  0.996966303391459     
          38          39  0.983196461463347     
          38          40  0.982716998648161     
          38          41  0.983767355048399     
          19          42  0.856268521749660     
          42          43   1.12538801927838     
          43          44  0.935145801744581     
          44          45  0.996600926800905     
          45          46  0.981955470295962     
          45          47  0.982176990692440     
          45          48  0.983117517361977     
          44          49  0.990688316957628     
          49          50  0.983573489879393     
          49          51  0.982811261702048     
          49          52  0.980600505870886     
          44          53  0.940293958503476     
          42          54   1.10272458777396     
          53          54  0.933496462404655     
          53          55  0.996968967701769     
          55          56  0.982657536765124     
          55          57  0.982865253596984     
          55          58  0.983253395161609     
          53          59  0.991029223388291     
          59          60  0.980485884452535     
          59          61  0.983260409774344     
          59          62  0.983414750843912     
          19          63  0.869664231565368     
          63          64   1.11725958753240     
          64          65  0.937465606011014     
          65          66  0.991113230157982     
          66          67  0.978259161970231     
          66          68  0.982458772679673     
          66          69  0.983023053844194     
          65          70  0.996436135302434     
          70          71  0.982030254153358     
          70          72  0.983453963834739     
          70          73  0.982398139347541     
          65          74  0.937416745020008     
          63          75   1.11585097983326     
          74          75  0.936526686909071     
          74          76  0.995519098663167     
          76          77  0.983002831141151     
          76          78  0.982409024345758     
          76          79  0.981956737541404     
          74          80  0.991138279574135     
          80          81  0.984110690690716     
          80          82  0.983261970512631     
          80          83  0.983363961384067     
           4          84  0.969039575534705     
          14          85  0.969339947663573     
          19          86  0.594773579435933     
          20          86  0.342162673845661     
          86          87   1.30799882945659     
          86          88   1.42983408450175     
          87          89   1.49948997974417     
          87          90  0.963848777362468     
          88          91   1.33075954365739     
          89          92   1.33629393104640     
          91          92   1.21402833348184     
          89          93  0.966851161852503     
          91          94   1.20111377618150     
          92          95   1.20161992137601     
          94          96   1.17535372937513     
          95          96   1.58988007238470     
          94          97  0.929359794582140     
          95          98   1.01589676279222     
          96          99  0.968137024882854     
          98         100   1.01840034449309     
          98         101  0.965770650817345     
          98         102  0.964893006384758     
         100         103  0.987658040510558     
         100         104  0.987471095558382     
         100         105  0.987585621292942     
