   -0.12156150
    0.07768486
   -0.04284846
   -0.02059429
   -0.04276625
    0.04838659
    0.05396172
    0.05992709
    0.05225827
    0.07448241
   -0.13067288
    0.04227867
   -0.04300651
   -0.02288075
   -0.04370076
    0.05082862
    0.05521409
    0.07486559
   -0.15015429
    0.08389364
    0.40436758
   -0.40397723
    0.12954177
   -0.12285846
    0.05446535
    0.04643502
    0.05289685
   -0.11103522
    0.04948320
    0.04347665
    0.02841778
    0.13040709
   -0.40148240
   -0.12258171
    0.05262591
    0.04765615
    0.05044797
   -0.12114944
    0.04773960
    0.05425570
    0.04695658
    0.40181287
   -0.38366814
    0.12856284
   -0.12627535
    0.05370409
    0.05757391
    0.05119215
   -0.12294490
    0.05043948
    0.04729528
    0.05373494
    0.12802896
   -0.38482088
   -0.12533523
    0.05579038
    0.05511733
    0.05005352
   -0.12181564
    0.03919312
    0.05475467
    0.05051133
    0.40382116
   -0.37973859
    0.12519147
   -0.13065089
    0.05879666
    0.05350874
    0.05180500
   -0.12954216
    0.06038574
    0.05212439
    0.05253655
    0.12696980
   -0.37688211
   -0.12543305
    0.05233435
    0.05555627
    0.05560316
   -0.12307636
    0.04077040
    0.05131828
    0.05606618
    0.05793610
    0.05502290
   -0.02186867
    0.05541372
   -0.02873034
   -0.16608674
    0.02985636
    0.04796129
    0.04634417
   -0.17371014
    0.04180706
