           1           2   1.31751911107104     
           2           3   1.34983680765680     
           3           4   1.48172254803779     
           4           5   1.38624626543024     
           1           6   1.39087134666647     
           3           6  0.106166725513610     
           5           6   1.45789675855134     
           6           7  0.956744882257794     
           5           8  0.967954536030275     
           3           9  0.961569340255996     
           2          10   1.08774427128412     
          10          11   1.30611055399316     
          11          12   1.38639067584567     
          12          13   1.45576160388389     
          13          14   1.38910490417999     
          10          15   1.35708186553193     
          12          15  0.104810627665604     
          14          15   1.47468933615928     
          15          16  0.961534023531580     
          13          17  0.968470259718744     
          12          18  0.947722129754496     
           1          19  0.435644569729517     
          11          19  0.424374569599037     
          19          20  0.530864717606228     
          19          21  0.729235119491194     
          21          22   1.09987689725652     
          22          23  0.939734901430883     
          23          24  0.996720822747246     
          24          25  0.982506829205724     
          24          26  0.983370976532629     
          24          27  0.983000955430287     
          23          28  0.990535700844324     
          28          29  0.983737916625286     
          28          30  0.983854319866997     
          28          31  0.985114801564051     
          23          32  0.941129735015140     
          21          33   1.11589580725691     
          32          33  0.936438162243555     
          32          34  0.991112646053446     
          34          35  0.981030075048090     
          34          36  0.983425500953399     
          34          37  0.982040870523317     
          32          38  0.997215666543372     
          38          39  0.983013247674887     
          38          40  0.982615160147618     
          38          41  0.983463736241813     
          19          42  0.853548762752985     
          42          43   1.11983224970213     
          43          44  0.933897876019885     
          44          45  0.997093007572636     
          45          46  0.982251941625188     
          45          47  0.981592045193067     
          45          48  0.982881610156571     
          44          49  0.991166153699895     
          49          50  0.983152475133973     
          49          51  0.982453224689915     
          49          52  0.979478716687223     
          44          53  0.939234379245888     
          42          54   1.11001619772282     
          53          54  0.932263513871990     
          53          55  0.996411908089963     
          55          56  0.982229049163803     
          55          57  0.982658694202497     
          55          58  0.982880457124730     
          53          59  0.991883557277819     
          59          60  0.982788939722985     
          59          61  0.982781668869673     
          59          62  0.982939911104750     
          19          63  0.860416954796708     
          63          64   1.11162543123428     
          64          65  0.935642205381198     
          65          66  0.991460121038908     
          66          67  0.978735344109848     
          66          68  0.982554927566996     
          66          69  0.982791832021784     
          65          70  0.996684279009739     
          70          71  0.981931592985841     
          70          72  0.983172849156503     
          70          73  0.982152175840670     
          65          74  0.938028251260145     
          63          75   1.12692153621375     
          74          75  0.932979803139991     
          74          76  0.996244853430250     
          76          77  0.982599568035448     
          76          78  0.981932895461820     
          76          79  0.981607418595156     
          74          80  0.991649552626082     
          80          81  0.983826986308384     
          80          82  0.982935016691548     
          80          83  0.983002687348426     
           4          84  0.968175691043908     
          14          85  0.968362117024350     
          19          86  0.601514349733260     
          20          86  0.347034012970645     
          86          87   1.32187975524847     
          86          88   1.39717135590791     
          87          89   1.48983854682704     
          87          90  0.957534031305750     
          88          91   1.40838785923247     
          88          92  0.960923903170119     
          89          93   1.36144833311812     
          91          93   1.45541188273040     
          91          94  0.961128445143766     
