   -0.10843161
    0.08036217
   -0.04205810
   -0.02142916
   -0.04291578
    0.04726701
    0.05493344
    0.05916176
    0.05142537
    0.07827325
   -0.11533257
    0.04085024
   -0.04394770
   -0.02303244
   -0.04360824
    0.04997377
    0.05281239
    0.07583879
   -0.15631372
    0.09253627
    0.40249800
   -0.40372467
    0.12928460
   -0.12311390
    0.05487364
    0.04589294
    0.05263159
   -0.11123049
    0.04884050
    0.04301437
    0.02873340
    0.12996859
   -0.39967863
   -0.12272162
    0.05255905
    0.04718304
    0.05071959
   -0.12138130
    0.04793922
    0.05430140
    0.04633210
    0.39772840
   -0.38207110
    0.12805589
   -0.12690801
    0.05474294
    0.05730745
    0.05059783
   -0.12344215
    0.04975958
    0.04720132
    0.05433797
    0.12736277
   -0.38461005
   -0.12537584
    0.05577491
    0.05434121
    0.04943869
   -0.12387171
    0.04196562
    0.05455567
    0.04966069
    0.40027199
   -0.38001742
    0.12471117
   -0.13160537
    0.05997012
    0.05352059
    0.05128321
   -0.12948798
    0.06000955
    0.05149736
    0.05203723
    0.12642930
   -0.37488577
   -0.12560272
    0.05171286
    0.05544140
    0.05564571
   -0.12337708
    0.04093515
    0.05139017
    0.05535783
    0.05653261
    0.05286893
    0.05496174
   -0.24963521
   -0.05054371
    0.24190711
   -0.01987349
    0.05773550
   -0.07676545
   -0.25861856
    0.05884471
    0.06150991
