           1           2   1.31929402434938     
           2           3   1.35113572581077     
           3           4   1.48089475439993     
           4           5   1.38690107243148     
           1           6   1.38993002634272     
           3           6  0.106414864584879     
           5           6   1.45795948623544     
           6           7  0.956096773731079     
           5           8  0.968027589115118     
           3           9  0.961379952701064     
           2          10   1.08517349499190     
          10          11   1.31309496341372     
          11          12   1.39227370035316     
          12          13   1.45254223183106     
          13          14   1.39179968319952     
          10          15   1.35645191124435     
          12          15  0.105601236251732     
          14          15   1.47516283219931     
          15          16  0.961419978197326     
          13          17  0.968758164807936     
          12          18  0.946856025786788     
           1          19  0.449185562969920     
          11          19  0.425318106738888     
          19          20  0.520795326354110     
          19          21  0.739459861157384     
          21          22   1.09726262789087     
          22          23  0.940931841009391     
          23          24  0.996687880693859     
          24          25  0.982523008646734     
          24          26  0.983520074129825     
          24          27  0.983077983576809     
          23          28  0.990221762718124     
          28          29  0.983899651417734     
          28          30  0.983975720750358     
          28          31  0.985296828163689     
          23          32  0.941270984585725     
          21          33   1.11469963395035     
          32          33  0.937428076087935     
          32          34  0.990889281641161     
          34          35  0.981347528659233     
          34          36  0.983602847284105     
          34          37  0.982208234149926     
          32          38  0.997151753648411     
          38          39  0.983049333315411     
          38          40  0.982660114706445     
          38          41  0.983584761220684     
          19          42  0.856158653466993     
          42          43   1.11880036550985     
          43          44  0.934996928885470     
          44          45  0.996898170919535     
          45          46  0.982258214924474     
          45          47  0.981640152424097     
          45          48  0.983004709771129     
          44          49  0.990978824418716     
          49          50  0.983289010942524     
          49          51  0.982336195513857     
          49          52  0.979501207018029     
          44          53  0.939434704463721     
          42          54   1.10720432931849     
          53          54  0.933419207857502     
          53          55  0.996457494838845     
          55          56  0.982258000741851     
          55          57  0.982763067810919     
          55          58  0.983031136878666     
          53          59  0.991455698334631     
          59          60  0.982775597946360     
          59          61  0.982917920641212     
          59          62  0.983173830981985     
          19          63  0.864464306526008     
          63          64   1.10864982583739     
          64          65  0.937142505799725     
          65          66  0.991253890138360     
          66          67  0.978474551656345     
          66          68  0.982593897563925     
          66          69  0.982925791895380     
          65          70  0.996420387059308     
          70          71  0.981997173204155     
          70          72  0.983314184726079     
          70          73  0.982236388831751     
          65          74  0.937616487472944     
          63          75   1.12801280754858     
          74          75  0.934391453528424     
          74          76  0.995930775219757     
          76          77  0.982781443328903     
          76          78  0.982071359110874     
          76          79  0.981448456039559     
          74          80  0.991562132780798     
          80          81  0.983812928179389     
          80          82  0.982951220900457     
          80          83  0.983090199706678     
           4          84  0.968342734091435     
          14          85  0.968566288169399     
          19          86  0.594726575539011     
          20          86  0.349576978959744     
          86          87   1.36554946958577     
          86          88   1.34560624849034     
          87          89   1.41294245113620     
          88          90   1.47436087387855     
          88          91  0.961941763119073     
          89          92   1.39460043329449     
          90          92   1.40110620097918     
          89          93  0.922580455282615     
          90          94  0.966084915162028     
          92          95  0.966172713649821     
