   -0.04061124
   -0.04261574
   -0.03830773
   -0.05710767
    0.12489380
   -0.23140739
    0.02576931
    0.43385192
   -0.37603470
    0.12764746
   -0.12595502
   -0.12899154
    0.12790294
   -0.12993980
   -0.12680551
   -0.38416080
   -0.07023063
   -0.01370011
    0.04688137
    0.04672994
    0.04987860
    0.05227546
    0.05964088
    0.04347660
    0.05913688
    0.06319595
    0.05603839
    0.05637393
    0.05647254
    0.05688396
    0.06390281
    0.05943757
    0.06041341
    0.04352400
    0.05154013
