           1           2   1.50733722693479     
           2           3   1.37582094879248     
           1           4  0.115306976247487     
           3           4   1.48685259456374     
           4           5   1.34791444064711     
           5           6   1.09216931844750     
           6           7   1.07491502536818     
           7           8  0.989761806188220     
           8           9   1.15457152765182     
           9          10  0.936579683364171     
          10          11  0.992024292519829     
          10          12  0.997370742976607     
          10          13  0.937745941459429     
          13          14  0.997464118784406     
          13          15  0.992052225896149     
           8          16   1.14335329040739     
          13          16  0.936460292029503     
           7          17   1.61126775100538     
           1          18   1.32317174232165     
           5          18   1.26713927917412     
          17          18   1.21958280848659     
           1          19  0.968518731105873     
           2          20  0.970055145757513     
           3          21  0.970242748036062     
           4          22  0.966858427020514     
          11          23  0.981715076167262     
          11          24  0.983742475017983     
          11          25  0.982446467955319     
          12          26  0.981356929770579     
          12          27  0.982548715167975     
          12          28  0.981689695436670     
          14          29  0.982526898313149     
          14          30  0.981603666101208     
          14          31  0.981274277142175     
          15          32  0.982364084153116     
          15          33  0.981645956630138     
          15          34  0.983798158905442     
          17          35  0.971901744978263     
