   -0.11924181
    0.07690177
   -0.04281116
   -0.02182337
   -0.04313598
    0.04775537
    0.05442101
    0.05707468
    0.04863564
    0.07292244
   -0.12560524
    0.04166068
   -0.04424145
   -0.02418297
   -0.04507079
    0.04778002
    0.05253735
    0.07695530
   -0.15373809
    0.09474034
    0.40201965
   -0.40603449
    0.12962714
   -0.12195522
    0.05373428
    0.04508504
    0.05175097
   -0.11029631
    0.04793877
    0.04267696
    0.02842811
    0.13046223
   -0.40230348
   -0.12131850
    0.05167102
    0.04615653
    0.04928104
   -0.12031350
    0.04740033
    0.05296486
    0.04550304
    0.40145541
   -0.38430229
    0.12899372
   -0.12381815
    0.05318134
    0.05517218
    0.04856723
   -0.12167862
    0.04834338
    0.04589881
    0.05319837
    0.12759997
   -0.38138859
   -0.12436480
    0.05477081
    0.05444679
    0.04775666
   -0.11947339
    0.04226463
    0.05054850
    0.04922423
    0.40083827
   -0.37883582
    0.12509386
   -0.12948478
    0.05825205
    0.05287730
    0.04967353
   -0.12904661
    0.05996744
    0.05045529
    0.05243344
    0.12687212
   -0.37808777
   -0.12418267
    0.05062519
    0.05407952
    0.05459275
   -0.12261680
    0.04123112
    0.04996212
    0.05462503
    0.05415550
    0.05109298
   -0.02103631
   -0.03393835
   -0.04580596
   -0.03738338
    0.03729889
    0.09284398
    0.05691191
   -0.05308820
    0.04579355
   -0.21949482
    0.05291726
