           1           2   1.31257565529735     
           2           3   1.34979437318329     
           3           4   1.48212946926038     
           4           5   1.38410414801945     
           1           6   1.38932660946096     
           3           6  0.105881679535581     
           5           6   1.45902687858379     
           6           7  0.956775380155991     
           5           8  0.968314192398890     
           3           9  0.961537856404189     
           2          10   1.08987561806142     
          10          11   1.30507994556385     
          11          12   1.38753791240973     
          12          13   1.45590798274335     
          13          14   1.38727094242039     
          10          15   1.35503124594133     
          12          15  0.105010914717391     
          14          15   1.47664448169515     
          15          16  0.961483828220230     
          13          17  0.968789454892780     
          12          18  0.947769644774040     
           1          19  0.442093644756050     
          11          19  0.430264610941250     
          19          20  0.529549155670096     
          19          21  0.732942000977788     
          21          22   1.09327694878294     
          22          23  0.942228190821397     
          23          24  0.996509810437269     
          24          25  0.982647364727983     
          24          26  0.983569731179067     
          24          27  0.983155930790167     
          23          28  0.990135258937139     
          28          29  0.984016068551281     
          28          30  0.983960932155711     
          28          31  0.985196915649180     
          23          32  0.941026100861319     
          21          33   1.11194661764112     
          32          33  0.938934113923762     
          32          34  0.990823393653705     
          34          35  0.981439981806900     
          34          36  0.983613996037689     
          34          37  0.982051716556235     
          32          38  0.996924264436706     
          38          39  0.983075680434951     
          38          40  0.982819472180095     
          38          41  0.983713729598601     
          19          42  0.856658776039718     
          42          43   1.11556477257770     
          43          44  0.936201225777185     
          44          45  0.996947791185205     
          45          46  0.982299548554407     
          45          47  0.981895740857094     
          45          48  0.983191630239738     
          44          49  0.990865993219190     
          49          50  0.983428087306490     
          49          51  0.982410684429491     
          49          52  0.979530979264798     
          44          53  0.939108649966692     
          42          54   1.11015927127454     
          53          54  0.934763314633874     
          53          55  0.996097706606536     
          55          56  0.982389243843038     
          55          57  0.982785991218582     
          55          58  0.983208199892149     
          53          59  0.991680056932637     
          59          60  0.982146845861030     
          59          61  0.983211372772534     
          59          62  0.983049332149960     
          19          63  0.864322966149167     
          63          64   1.11000227339083     
          64          65  0.938060584081104     
          65          66  0.991276301753997     
          66          67  0.978756340835683     
          66          68  0.982628131354852     
          66          69  0.983089395559208     
          65          70  0.996439158901252     
          70          71  0.982032377415949     
          70          72  0.983425379590824     
          70          73  0.982205263651155     
          65          74  0.937654145183430     
          63          75   1.12112211929824     
          74          75  0.935807860642710     
          74          76  0.995949945557161     
          76          77  0.982928657892825     
          76          78  0.982161288018937     
          76          79  0.981450495724807     
          74          80  0.991277584604256     
          80          81  0.983924549780019     
          80          82  0.983113284568275     
          80          83  0.983254382272446     
           4          84  0.968655296363841     
          14          85  0.968819143242153     
          19          86  0.583142319379893     
          20          86  0.352413609490917     
          86          87   1.38306264254008     
          86          88   1.37258991703417     
          87          89   1.43868967954763     
          88          89  0.104097158372762     
          87          90  0.963554505223670     
          88          91   1.42433728809921     
          88          92  0.958640110299387     
          89          93   1.43013734091890     
          91          93   1.39671692317807     
          89          94  0.967423100309833     
          91          95  0.938130684437394     
          93          96  0.967702794875728     
