   -0.12404450
    0.07548174
   -0.04358946
   -0.02251155
   -0.04417395
    0.04896503
    0.05119963
    0.05538090
    0.04589994
    0.07169065
   -0.13121266
    0.04212465
   -0.04535945
   -0.02525261
   -0.04551610
    0.04440018
    0.04995657
    0.07507232
   -0.15492482
    0.08318693
    0.40517642
   -0.40851978
    0.13031269
   -0.12131895
    0.05385999
    0.04478591
    0.05128701
   -0.10834331
    0.04746851
    0.04141247
    0.02640898
    0.13132162
   -0.40754198
   -0.12076519
    0.05098902
    0.04617975
    0.04976301
   -0.11937997
    0.04570674
    0.05323580
    0.04543611
    0.40594816
   -0.38056749
    0.12884545
   -0.12641516
    0.05677659
    0.05602573
    0.05017259
   -0.12081765
    0.04839494
    0.04714160
    0.05075190
    0.12826646
   -0.38641422
   -0.12319776
    0.05118507
    0.05303463
    0.04843120
   -0.12179188
    0.04462789
    0.05145170
    0.04979071
    0.40500877
   -0.37509894
    0.12545307
   -0.13167246
    0.05906263
    0.05682340
    0.05151106
   -0.12921627
    0.06197421
    0.05091585
    0.05157014
    0.12719312
   -0.38136582
   -0.12435599
    0.05146630
    0.05257173
    0.05602631
   -0.12204146
    0.03976950
    0.04995104
    0.05487449
    0.05227988
    0.04834575
   -0.03130889
   -0.03716695
    0.01706594
   -0.04435676
    0.02096193
   -0.03171871
   -0.00364287
   -0.04985106
    0.02383570
   -0.02971169
   -0.06077318
    0.03216183
    0.06110250
    0.04646713
