           1           2   1.30866310058432     
           2           3   1.34580847390489     
           3           4   1.48612557179450     
           4           5   1.37902825544718     
           1           6   1.38705920724992     
           3           6  0.106113881410907     
           5           6   1.46244290618883     
           6           7  0.957064660074634     
           5           8  0.968523195221441     
           3           9  0.961794321562460     
           2          10   1.09534553726697     
          10          11   1.30004388190695     
          11          12   1.38244982304687     
          12          13   1.46096046930329     
          13          14   1.38099340240487     
          10          15   1.35088372464407     
          12          15  0.105196571678258     
          14          15   1.48055991608474     
          15          16  0.961779794400417     
          13          17  0.969059718232691     
          12          18  0.947494051106730     
           1          19  0.445505701427615     
          11          19  0.425299369134163     
          19          20  0.539311725645700     
          19          21  0.716553902738924     
          21          22   1.09413986297516     
          22          23  0.941969221753762     
          23          24  0.996496720735927     
          24          25  0.982688109189636     
          24          26  0.983558285298303     
          24          27  0.983215768372454     
          23          28  0.990092924633542     
          28          29  0.984038496280276     
          28          30  0.984058788957290     
          28          31  0.985005225225202     
          23          32  0.941251143465300     
          21          33   1.10628010990167     
          32          33  0.938602304805318     
          32          34  0.990949361742779     
          34          35  0.981854322700163     
          34          36  0.983578480244507     
          34          37  0.981891356981286     
          32          38  0.996990291244012     
          38          39  0.983234232269871     
          38          40  0.982667542129249     
          38          41  0.983678976178805     
          19          42  0.857398028537344     
          42          43   1.12244773556730     
          43          44  0.936607318558202     
          44          45  0.995952830729538     
          45          46  0.980889254051573     
          45          47  0.981465959373588     
          45          48  0.982963143679337     
          44          49  0.991130828290097     
          49          50  0.983318392901829     
          49          51  0.982899683692241     
          49          52  0.979747343852780     
          44          53  0.937467064199339     
          42          54   1.10321521099539     
          53          54  0.934648147793395     
          53          55  0.995448235751246     
          55          56  0.982666993312457     
          55          57  0.982853421913986     
          55          58  0.983143118529307     
          53          59  0.992139417669286     
          59          60  0.979841525734210     
          59          61  0.982886718905380     
          59          62  0.982970503382099     
          19          63  0.866459198263349     
          63          64   1.11141036443401     
          64          65  0.936189179411951     
          65          66  0.991498615705750     
          66          67  0.978417345472520     
          66          68  0.981331946551981     
          66          69  0.982834105692469     
          65          70  0.996439119277626     
          70          71  0.981802169533582     
          70          72  0.983341221636792     
          70          73  0.982342730979257     
          65          74  0.937797271104314     
          63          75   1.11869672160340     
          74          75  0.934610375205153     
          74          76  0.996055035043682     
          76          77  0.982823059486077     
          76          78  0.982384227706819     
          76          79  0.982022869023320     
          74          80  0.991369563004777     
          80          81  0.983947684537587     
          80          82  0.983203732957356     
          80          83  0.983185685293985     
           4          84  0.968841210042531     
          14          85  0.969095989096912     
          19          86  0.590225748375359     
          20          86  0.343794298532986     
          86          87   1.41895091004800     
          86          88   1.33237151349102     
          87          89   1.37553017243499     
          87          90  0.962113286769128     
          88          91   1.10329384259059     
          88          92   1.28883280041355     
          89          93   1.49308865670353     
          92          93   1.31957966810579     
          89          94  0.969794771468599     
          91          95   1.16655250853600     
          91          96  0.108990166102435     
          92          96   1.19113818874654     
          95          96   1.67033891787650     
          93          97  0.967952340796783     
          95          98  0.966730683718172     
          96          99  0.962917439077216     
