           1           2   1.42760427691346     
           2           3   1.43534094545870     
           3           4   1.43146693737245     
           2           5  0.110382886197920     
           4           5   1.41437979041404     
           5           6  0.994948202147780     
           6           7  0.992731302923933     
           7           8   1.41759194207327     
           8           9   1.43870581272867     
           7          10  0.109169360051584     
           9          10   1.44340779100633     
           8          11  0.109649160493635     
          10          11   1.43279852207623     
           7          12   1.40574991567642     
           9          12  0.112266203026247     
          11          12   1.45214380776892     
           1          13   1.45977935360158     
           3          13  0.115905802710137     
           5          13   1.38612296870037     
           1          14  0.969398325713257     
           2          15  0.970006332845577     
           3          16  0.963514035850458     
           6          17  0.961927276271657     
           6          18  0.962803536210497     
           8          19  0.968659596153172     
           9          20  0.970813611138759     
          10          21  0.971285983105638     
          11          22  0.970857281907025     
          12          23  0.969422859924679     
          13          24  0.968697351672954     
