   -0.12333500
    0.07553705
   -0.04262119
   -0.02143448
   -0.04258225
    0.04790224
    0.05548420
    0.05819547
    0.04971596
    0.07104870
   -0.13001904
    0.04310373
   -0.04325275
   -0.02337761
   -0.04511117
    0.04925578
    0.05465698
    0.07882831
   -0.16504573
    0.09681480
    0.40262065
   -0.40750919
    0.12973494
   -0.12141146
    0.05298692
    0.04501422
    0.05161976
   -0.11001436
    0.04785869
    0.04263451
    0.02802122
    0.13062791
   -0.40298164
   -0.12101922
    0.05173840
    0.04590897
    0.04887182
   -0.12015799
    0.04712085
    0.05295104
    0.04544294
    0.40341650
   -0.38363421
    0.12870471
   -0.12524800
    0.05376537
    0.05592161
    0.04991886
   -0.12194119
    0.04910955
    0.04670836
    0.05262991
    0.12759002
   -0.37931039
   -0.12491261
    0.05507965
    0.05510204
    0.04852947
   -0.12225452
    0.04270843
    0.05206598
    0.05136954
    0.40316597
   -0.37894102
    0.12508531
   -0.13066173
    0.05804174
    0.05422232
    0.05098888
   -0.12951771
    0.06080997
    0.05121055
    0.05276044
    0.12721573
   -0.37832143
   -0.12427047
    0.05119948
    0.05439697
    0.05485942
   -0.12200221
    0.04103046
    0.04879186
    0.05525613
    0.05541696
    0.05287262
   -0.00772186
   -0.00543696
   -0.07951854
   -0.26470907
    0.17417585
    0.02341173
    0.01310881
    0.01393772
