           1           2   1.31199616105727     
           2           3   1.35083594510932     
           3           4   1.48117506195542     
           4           5   1.38450912356951     
           1           6   1.38827926666293     
           3           6  0.105627380763601     
           5           6   1.45926584790228     
           6           7  0.956635379725847     
           5           8  0.968170964690431     
           3           9  0.961494618237964     
           2          10   1.08971820211985     
          10          11   1.30478315866475     
          11          12   1.38779786496073     
          12          13   1.45463162707890     
          13          14   1.38902239971547     
          10          15   1.35643275706696     
          12          15  0.104643596568341     
          14          15   1.47513760651477     
          15          16  0.961416239515175     
          13          17  0.968564941899301     
          12          18  0.947507330644539     
           1          19  0.441730011758751     
          11          19  0.433272585544671     
          19          20  0.558155253897871     
          19          21  0.735519640787131     
          21          22   1.09298570932805     
          22          23  0.942473344600489     
          23          24  0.996425458595364     
          24          25  0.982703281271093     
          24          26  0.983563609504475     
          24          27  0.983134457730362     
          23          28  0.990193461387312     
          28          29  0.984034244966249     
          28          30  0.983965708960376     
          28          31  0.985159061875619     
          23          32  0.940784924221197     
          21          33   1.11278113053208     
          32          33  0.939151726270232     
          32          34  0.990864004816904     
          34          35  0.981100629075391     
          34          36  0.983524337954437     
          34          37  0.981925369459496     
          32          38  0.996905953644507     
          38          39  0.983064315021244     
          38          40  0.982859989314462     
          38          41  0.983732460853020     
          19          42  0.859884106355634     
          42          43   1.11778930367246     
          43          44  0.935315307741868     
          44          45  0.997071689278373     
          45          46  0.982358845294112     
          45          47  0.981998844400302     
          45          48  0.983094613553549     
          44          49  0.990826041496534     
          49          50  0.983340787164460     
          49          51  0.981824787958512     
          49          52  0.979689806054555     
          44          53  0.939092585428308     
          42          54   1.11272112852496     
          53          54  0.934098033354166     
          53          55  0.996158580327898     
          55          56  0.982322570309283     
          55          57  0.982712898426539     
          55          58  0.983113376498234     
          53          59  0.991686623636447     
          59          60  0.982700616005566     
          59          61  0.983103371740049     
          59          62  0.982872000171174     
          19          63  0.859793103026202     
          63          64   1.11107423464002     
          64          65  0.936413419994156     
          65          66  0.991276064270529     
          66          67  0.979213913534631     
          66          68  0.982499800121679     
          66          69  0.982975823971268     
          65          70  0.996687214558128     
          70          71  0.981935388384684     
          70          72  0.983320598739138     
          70          73  0.982214011461621     
          65          74  0.938107343886913     
          63          75   1.12141795394921     
          74          75  0.935185543722219     
          74          76  0.996117710588655     
          76          77  0.982898824559211     
          76          78  0.982081964084104     
          76          79  0.980892222390992     
          74          80  0.991100144210197     
          80          81  0.984119203445647     
          80          82  0.983105592174464     
          80          83  0.983204408943896     
           4          84  0.968526565342914     
          14          85  0.968634667211994     
          19          86  0.589749244377707     
          20          86  0.330254697692039     
          86          87   1.26618301691158     
          86          88   1.43942487449866     
          86          89  0.151134619326629     
          87          89   1.18573054969223     
          87          90  0.937033805692021     
          88          91   1.38058159675740     
          89          91   1.49533396880175     
          88          92  0.971404995263550     
          91          93  0.969825158832363     
