   -0.11852122
    0.08025475
   -0.04051177
   -0.01914912
   -0.03981112
    0.05074922
    0.05517538
    0.06258073
    0.05444319
    0.07648788
   -0.11982148
    0.04425717
   -0.04144260
   -0.02060301
   -0.04383489
    0.05592878
    0.05910455
    0.07966930
   -0.14719422
    0.09219788
    0.40403854
   -0.40242482
    0.12928742
   -0.12343538
    0.05511337
    0.04724850
    0.05353606
   -0.11237106
    0.05058180
    0.04488269
    0.02884380
    0.13057735
   -0.40173246
   -0.12285534
    0.05268162
    0.04834307
    0.05023525
   -0.12151777
    0.04817895
    0.05403874
    0.04773455
    0.40546707
   -0.37758107
    0.12878562
   -0.12697061
    0.06297752
    0.05440054
    0.05012975
   -0.12146698
    0.05107668
    0.04949408
    0.05169495
    0.12716816
   -0.38441675
   -0.12445444
    0.05305720
    0.05453170
    0.05033685
   -0.12173448
    0.04409706
    0.05213452
    0.05025879
    0.40471414
   -0.38444414
    0.12610834
   -0.12946556
    0.05813081
    0.05730141
    0.05085134
   -0.12874856
    0.05984963
    0.05211162
    0.05253902
    0.12668251
   -0.37664531
   -0.12543954
    0.05254493
    0.05533302
    0.05652151
   -0.12360924
    0.04067718
    0.05260511
    0.05641165
    0.06054730
    0.05904825
   -0.02150134
   -0.04224447
   -0.01807169
   -0.03500475
   -0.04314201
    0.11445129
    0.04855258
    0.03488599
   -0.30148146
