           1           2   1.32295007388937     
           2           3   1.35900361257242     
           3           4   1.47260706228413     
           4           5   1.39642400702309     
           1           6   1.39461424594488     
           3           6  0.105360321269304     
           5           6   1.45094121928359     
           6           7  0.956946847030420     
           5           8  0.967630963792803     
           3           9  0.961555687991108     
           2          10   1.07866573331389     
          10          11   1.31748758051125     
          11          12   1.39325869744991     
          12          13   1.44808346243941     
          13          14   1.39885945983137     
          10          15   1.36226239822447     
          12          15  0.104971722750725     
          14          15   1.46952052967595     
          15          16  0.961295790848805     
          13          17  0.968009716116725     
          12          18  0.946189500802683     
           1          19  0.422197915849210     
          11          19  0.427411767343845     
          19          20  0.557349225478028     
          19          21  0.749329170190200     
          21          22   1.10223548856064     
          22          23  0.939103862786258     
          23          24  0.996863132645511     
          24          25  0.982421165199304     
          24          26  0.983308922309398     
          24          27  0.982891167404985     
          23          28  0.990409123408343     
          28          29  0.983718912504066     
          28          30  0.983714905397304     
          28          31  0.985382095936872     
          23          32  0.941198578345526     
          21          33   1.11586901568629     
          32          33  0.935666726386844     
          32          34  0.991226122233982     
          34          35  0.981227989857427     
          34          36  0.983288062544036     
          34          37  0.981693079435952     
          32          38  0.997341507281522     
          38          39  0.983014236301261     
          38          40  0.982561045907366     
          38          41  0.983415160389123     
          19          42  0.844496933362687     
          42          43   1.14238581630362     
          43          44  0.932002694754992     
          44          45  0.995787707856685     
          45          46  0.977572570087235     
          45          47  0.981404094397208     
          45          48  0.982482418069065     
          44          49  0.991639390087243     
          49          50  0.982887934382271     
          49          51  0.982633125290712     
          49          52  0.980244035644027     
          44          53  0.936901421974568     
          42          54   1.10653594126322     
          53          54  0.931713522032519     
          53          55  0.995048544140789     
          55          56  0.982442864624344     
          55          57  0.982698904119090     
          55          58  0.982711697396376     
          53          59  0.993188975440041     
          59          60  0.980381710263357     
          59          61  0.982469024012529     
          59          62  0.982944618411909     
          19          63  0.837520692313294     
          63          64   1.11254046076162     
          64          65  0.932801770995265     
          65          66  0.991949124695781     
          66          67  0.977594259412819     
          66          68  0.980885818975250     
          66          69  0.982994207954730     
          65          70  0.996528557229126     
          70          71  0.982162038002255     
          70          72  0.983230352934499     
          70          73  0.982338330689698     
          65          74  0.938470401565909     
          63          75   1.12717093745006     
          74          75  0.931915519822175     
          74          76  0.996458037574974     
          76          77  0.982736445972164     
          76          78  0.982189935393325     
          76          79  0.981727402323738     
          74          80  0.991576357926577     
          80          81  0.984052073917256     
          80          82  0.982955830797154     
          80          83  0.982986629053221     
           4          84  0.967859908610059     
          14          85  0.967881928770281     
          19          86  0.599000333780221     
          20          86  0.337360845415354     
          86          87   1.18333386890329     
          86          88   1.43966018927007     
          87          89   1.15126325020031     
          88          90   1.18939149620137     
          89          90   1.65658824517340     
          88          91   1.12541818637901     
          89          92  0.968732597943498     
          90          93  0.964339390712601     
          91          94   2.73870625335362     
