   -0.12690789
    0.07972399
   -0.04178265
   -0.02264648
   -0.04442673
    0.04843751
    0.04870747
    0.05261316
    0.04369287
    0.07311231
   -0.12114399
    0.04396621
   -0.04584401
   -0.02592369
   -0.04594416
    0.04400649
    0.04904400
    0.06992994
   -0.15570437
    0.08414192
    0.40179351
   -0.41001800
    0.13064337
   -0.12037653
    0.05284934
    0.04457570
    0.04985088
   -0.10958172
    0.04709628
    0.04162205
    0.02928904
    0.13135801
   -0.40548614
   -0.11955305
    0.05094790
    0.04541165
    0.04756898
   -0.11871733
    0.04675322
    0.05167988
    0.04469814
    0.40620723
   -0.38235337
    0.12830734
   -0.12564031
    0.05363427
    0.05655020
    0.04884489
   -0.12098242
    0.04737642
    0.04410475
    0.05316212
    0.12754079
   -0.38374963
   -0.12311906
    0.05256450
    0.05318278
    0.04773334
   -0.12331780
    0.04530800
    0.05174717
    0.05051266
    0.40014340
   -0.37724092
    0.12536999
   -0.12779676
    0.05577170
    0.05410247
    0.04810012
   -0.12911614
    0.06041824
    0.04927994
    0.05229096
    0.12738002
   -0.38767864
   -0.12314754
    0.04982076
    0.05227220
    0.05348720
   -0.12179615
    0.03943559
    0.04979693
    0.05365058
    0.04962856
    0.04737614
   -0.02703291
    0.01447966
   -0.04008499
   -0.04840374
   -0.10767803
   -0.04019882
    0.04426608
   -0.04431069
    0.02574680
    0.04232075
    0.04868120
    0.03225487
    0.02488597
    0.02645424
