           1           2   1.30418591574945     
           2           3   1.35050243831962     
           3           4   1.48207218228519     
           4           5   1.38179770605196     
           1           6   1.38876916212719     
           3           6  0.105181154411172     
           5           6   1.45962145542937     
           6           7  0.957356739263324     
           5           8  0.968867427607448     
           3           9  0.962072730682833     
           2          10   1.09282016687384     
          10          11   1.29808184671585     
          11          12   1.38501243540609     
          12          13   1.45818813602156     
          13          14   1.38306994392893     
          10          15   1.35464392407747     
          12          15  0.104443488971845     
          14          15   1.47765633050352     
          15          16  0.961921596142396     
          13          17  0.969177553326044     
          12          18  0.951286434615690     
           1          19  0.426716699308995     
          11          19  0.451247812549622     
          19          20  0.519882488809194     
          19          21  0.717325327265415     
          21          22   1.08921233304505     
          22          23  0.943068119013142     
          23          24  0.996361245228389     
          24          25  0.982727445304137     
          24          26  0.983680607955412     
          24          27  0.983363035478611     
          23          28  0.989870027149438     
          28          29  0.984085489133759     
          28          30  0.983954982777822     
          28          31  0.985451169910152     
          23          32  0.941096130772258     
          21          33   1.10845495402045     
          32          33  0.939876442861149     
          32          34  0.990703856054727     
          34          35  0.981453949188429     
          34          36  0.983720478808984     
          34          37  0.982320218900121     
          32          38  0.996624294971138     
          38          39  0.983190052715792     
          38          40  0.982575577332286     
          38          41  0.983744159989075     
          19          42  0.852736542065787     
          42          43   1.11507909069167     
          43          44  0.937897499135703     
          44          45  0.995996632133110     
          45          46  0.982178445018156     
          45          47  0.981643643741101     
          45          48  0.983330320393307     
          44          49  0.991017721209374     
          49          50  0.983350094328137     
          49          51  0.982810460566484     
          49          52  0.978517620215928     
          44          53  0.937018479495896     
          42          54   1.10867696564958     
          53          54  0.936791345942038     
          53          55  0.995723209276374     
          55          56  0.982271804945926     
          55          57  0.982828098776909     
          55          58  0.983189111885605     
          53          59  0.991767048310387     
          59          60  0.982067686197489     
          59          61  0.983101680430613     
          59          62  0.982983515570986     
          19          63  0.868644605461866     
          63          64   1.11031032176400     
          64          65  0.940833700142705     
          65          66  0.990825386899319     
          66          67  0.979037341570009     
          66          68  0.982542580806851     
          66          69  0.983335527939483     
          65          70  0.995884969341799     
          70          71  0.982006115708965     
          70          72  0.983672663100807     
          70          73  0.982265536988223     
          65          74  0.937874449417591     
          63          75   1.10836006377284     
          74          75  0.936883151266119     
          74          76  0.996216639214364     
          76          77  0.982910673512089     
          76          78  0.982305507940426     
          76          79  0.982369491393178     
          74          80  0.991187537961212     
          80          81  0.983476324066088     
          80          82  0.983292936805210     
          80          83  0.983321183673903     
           4          84  0.969150039216016     
          14          85  0.969246078194408     
          19          86  0.583866334419211     
          20          86  0.357287174386315     
          86          87   1.37603847944007     
          86          88   1.37570552931482     
          87          89   1.39703304941931     
          88          89  0.106229331477021     
          87          90   1.01953006424897     
          87          91  0.102305835888696     
          88          91   1.45038440675692     
          88          92  0.956711292120871     
          89          93   1.45118712059599     
          91          93   1.41731174762431     
          89          94  0.968039947831815     
          90          95  0.978258148152641     
          90          96  0.971938776817376     
          90          97  0.970553510035818     
          91          98  0.969429225654455     
          93          99  0.970629861997234     
