   -0.12346901
    0.07342957
   -0.04354657
   -0.02461296
   -0.04543718
    0.04765598
    0.04906606
    0.05056310
    0.04198246
    0.06873689
   -0.12527931
    0.04124733
   -0.04739960
   -0.02722940
   -0.04639493
    0.04061911
    0.04753019
    0.07601601
   -0.17142063
    0.09661622
    0.40250404
   -0.41274680
    0.13068801
   -0.11932837
    0.05152783
    0.04319502
    0.04938101
   -0.10743661
    0.04560048
    0.04025486
    0.02726798
    0.13114637
   -0.40678318
   -0.11857381
    0.04938498
    0.04393871
    0.04782927
   -0.11860246
    0.04635800
    0.05181681
    0.04342596
    0.40598697
   -0.38531792
    0.12865240
   -0.12505459
    0.05485668
    0.05465168
    0.04825562
   -0.12009133
    0.04707594
    0.04402775
    0.05078750
    0.12747500
   -0.38126704
   -0.12351092
    0.05237764
    0.05392604
    0.04652539
   -0.12419215
    0.04697590
    0.05037692
    0.05054630
    0.40183884
   -0.38037260
    0.12533665
   -0.12984902
    0.05823567
    0.05375205
    0.04852617
   -0.12804497
    0.06030672
    0.04895376
    0.05128123
    0.12754094
   -0.38535897
   -0.12271775
    0.04926857
    0.05164305
    0.05411942
   -0.11988927
    0.03920756
    0.04697847
    0.05298353
    0.04764354
    0.04440816
   -0.05016103
   -0.02559489
   -0.07416988
   -0.00919896
    0.01393398
   -0.03028428
    0.02123311
   -0.01507010
    0.02969350
    0.00668927
    0.07178125
    0.06065949
   -0.03707703
   -0.04302575
   -0.03322267
    0.04159718
   -0.03418508
    0.03424340
   -0.03654207
    0.03772405
    0.03679448
    0.03580506
