           1           2   1.29885046425084     
           2           3   1.34265573302913     
           3           4   1.48992513746430     
           4           5   1.37132605336657     
           1           6   1.38093919866880     
           3           6  0.105992926423849     
           5           6   1.46821715935422     
           6           7  0.957037220046573     
           5           8  0.969052158221928     
           3           9  0.962074543249655     
           2          10   1.10188031872873     
          10          11   1.29329985394255     
          11          12   1.37910378306129     
          12          13   1.46473141802516     
          13          14   1.37441764068207     
          10          15   1.34725645245333     
          12          15  0.105122045501171     
          14          15   1.48478053781038     
          15          16  0.962069174669799     
          13          17  0.969335150324398     
          12          18  0.948096306926504     
           1          19  0.463623364363940     
          11          19  0.458138906655134     
          19          20  0.544016175175851     
          19          21  0.714930684732004     
          21          22   1.08642384386214     
          22          23  0.944858950397318     
          23          24  0.996197078121156     
          24          25  0.982922368729003     
          24          26  0.983834741546314     
          24          27  0.983455492691102     
          23          28  0.989730194865606     
          28          29  0.984294648066948     
          28          30  0.984203359054475     
          28          31  0.985384008816623     
          23          32  0.940990553580836     
          21          33   1.10468429308998     
          32          33  0.941756097558621     
          32          34  0.990501217003029     
          34          35  0.981872372685965     
          34          36  0.983912894417023     
          34          37  0.982282541929121     
          32          38  0.996500508042687     
          38          39  0.983271549920044     
          38          40  0.983029330353252     
          38          41  0.983985349617249     
          19          42  0.868693578132536     
          42          43   1.10965203292384     
          43          44  0.938308034588200     
          44          45  0.996580125900462     
          45          46  0.982355586095179     
          45          47  0.982316148034807     
          45          48  0.983394764771148     
          44          49  0.990601882111543     
          49          50  0.983676102767388     
          49          51  0.982781837970839     
          49          52  0.979960435618497     
          44          53  0.938992138633817     
          42          54   1.10425041354402     
          53          54  0.937878361592410     
          53          55  0.995955545895871     
          55          56  0.982664583205929     
          55          57  0.982875377943395     
          55          58  0.983517033483318     
          53          59  0.990925186729999     
          59          60  0.981584789338659     
          59          61  0.983459961313345     
          59          62  0.983094059777247     
          19          63  0.879073612053339     
          63          64   1.10531735368313     
          64          65  0.940045379351344     
          65          66  0.990713799630993     
          66          67  0.978898307992860     
          66          68  0.982623014691898     
          66          69  0.983349556025703     
          65          70  0.996470572116438     
          70          71  0.982078626940793     
          70          72  0.983650664075317     
          70          73  0.982437032399071     
          65          74  0.938055090531306     
          63          75   1.11160931784403     
          74          75  0.937891296684405     
          74          76  0.995690275472083     
          76          77  0.983192292299867     
          76          78  0.982489675582170     
          76          79  0.981762050752724     
          74          80  0.990887242637006     
          80          81  0.984140662976897     
          80          82  0.983495581107027     
          80          83  0.983539489939157     
           4          84  0.969366087328881     
          14          85  0.969510129430802     
          19          86  0.594980782219851     
          20          86  0.341023883418615     
          86          87   1.50075871859439     
          86          88   1.28445486954056     
          87          89   1.20340504360483     
          87          90  0.967958615919661     
          87          91  0.130689327497704     
          88          91   1.55049559918103     
          89          91   1.21338674967221     
          88          92  0.968928867784897     
          89          93  0.996471212862253     
          91          94  0.968463254892808     
          93          95  0.990964273186974     
          93          96  0.953281934240580     
          93          97  0.962101680498882     
          95          98   1.41762403381709     
          95          99   1.41194195946766     
          98         100   1.44237603358920     
          99         100  0.111742997504027     
          98         101  0.967132788345456     
          98         102  0.111382037867146     
          99         102   1.44658889197851     
          99         103  0.969061751924872     
          95         104  0.109660967365666     
         100         104   1.44086662910622     
         102         104   1.43676016888200     
         100         105  0.970659596020967     
         102         106  0.970635073538609     
         104         107  0.971070338782878     
