   -0.12261208
    0.07552882
   -0.04400859
   -0.02311083
   -0.04493734
    0.04806230
    0.05084811
    0.05335011
    0.04495705
    0.07149261
   -0.12758475
    0.04152056
   -0.04568324
   -0.02589253
   -0.04549063
    0.04292621
    0.04900101
    0.07563260
   -0.15679709
    0.08549680
    0.40230839
   -0.40919999
    0.13018984
   -0.12071925
    0.05278079
    0.04401046
    0.05057959
   -0.10853556
    0.04663273
    0.04110812
    0.02760417
    0.13095693
   -0.40570310
   -0.12006417
    0.05055873
    0.04503521
    0.04885397
   -0.11941549
    0.04655456
    0.05263011
    0.04447904
    0.40225133
   -0.38568162
    0.12874684
   -0.12532335
    0.05484933
    0.05505710
    0.04877418
   -0.12100434
    0.04759742
    0.04466338
    0.05222216
    0.12758602
   -0.38278851
   -0.12401998
    0.05333896
    0.05411843
    0.04747072
   -0.12338232
    0.04483510
    0.05159285
    0.05068236
    0.40211743
   -0.37915095
    0.12518493
   -0.12996399
    0.05865463
    0.05365387
    0.04928593
   -0.12872223
    0.06030253
    0.04989402
    0.05161467
    0.12717870
   -0.38174727
   -0.12354805
    0.05015403
    0.05286077
    0.05442022
   -0.12147482
    0.04007994
    0.04880076
    0.05386144
    0.05045559
    0.04670108
   -0.01797823
   -0.04038060
   -0.04162626
    0.00963474
    0.02137006
   -0.03663931
    0.03605040
   -0.05267606
   -0.11534797
    0.02838376
    0.02800034
    0.05083972
    0.03851431
    0.04631162
