           1           2   1.30728422439872     
           2           3   1.34487201926626     
           3           4   1.48703427412736     
           4           5   1.37754979742299     
           1           6   1.38726307587967     
           3           6  0.106181448698783     
           5           6   1.46302705116746     
           6           7  0.957236661955839     
           5           8  0.968761119662905     
           3           9  0.962039278518728     
           2          10   1.09595486170967     
          10          11   1.29822524537432     
          11          12   1.38202145993246     
          12          13   1.46147068972498     
          13          14   1.37996139032609     
          10          15   1.35091444326449     
          12          15  0.105124631583356     
          14          15   1.48073827637312     
          15          16  0.962047102468526     
          13          17  0.969173996028982     
          12          18  0.948012665024454     
           1          19  0.446926166072757     
          11          19  0.435944339951210     
          19          20  0.527278579749713     
          19          21  0.717729374158333     
          21          22   1.09001759454055     
          22          23  0.943386470930892     
          23          24  0.996341804237731     
          24          25  0.982787989786043     
          24          26  0.983709299189376     
          24          27  0.983311195250989     
          23          28  0.989942136036557     
          28          29  0.984125246929685     
          28          30  0.984069757473225     
          28          31  0.985130525967556     
          23          32  0.941071134957900     
          21          33   1.10699732339284     
          32          33  0.940167769645523     
          32          34  0.990691033293443     
          34          35  0.981679713860110     
          34          36  0.983785086463753     
          34          37  0.982242387227416     
          32          38  0.996759886030672     
          38          39  0.983187065755732     
          38          40  0.982875139383240     
          38          41  0.983825423700891     
          19          42  0.862388659545687     
          42          43   1.11134386927728     
          43          44  0.937268382395244     
          44          45  0.996647706639733     
          45          46  0.982299993133518     
          45          47  0.981948434497774     
          45          48  0.983245910275027     
          44          49  0.990722932093415     
          49          50  0.983565807880210     
          49          51  0.982697194892771     
          49          52  0.979524688233017     
          44          53  0.939118932701262     
          42          54   1.10659258747442     
          53          54  0.935843912635020     
          53          55  0.996129682399229     
          55          56  0.982561696746455     
          55          57  0.982833700206147     
          55          58  0.983319781957864     
          53          59  0.991296997500670     
          59          60  0.982199689930653     
          59          61  0.983215840347695     
          59          62  0.983028232948862     
          19          63  0.873269640740945     
          63          64   1.10915618614467     
          64          65  0.938950991710946     
          65          66  0.991090565339585     
          66          67  0.978635533604910     
          66          68  0.982593205315787     
          66          69  0.983182220393390     
          65          70  0.996349062322512     
          70          71  0.982028706789817     
          70          72  0.983513897529233     
          70          73  0.982349624557915     
          65          74  0.937668787643901     
          63          75   1.11570244311653     
          74          75  0.936821425138456     
          74          76  0.995826010271763     
          76          77  0.983015327000562     
          76          78  0.982321637388477     
          76          79  0.981704041260673     
          74          80  0.991107574863331     
          80          81  0.984025005041593     
          80          82  0.983283954322122     
          80          83  0.983362845235222     
           4          84  0.969039637739238     
          14          85  0.969264535197330     
          19          86  0.586191669985122     
          20          86  0.352373715658685     
          86          87   1.39578991119908     
          86          88   1.37929944579306     
          87          89   1.40672103332182     
          88          89  0.104828450189799     
          87          90  0.961523099754387     
          87          91  0.103392861749439     
          88          91   1.44453258669685     
          88          92  0.961219037851336     
          89          93   1.40951599594285     
          91          93   1.43193449721986     
          89          94   1.02177480601069     
          91          95  0.969285612616425     
          93          96  0.969442265141725     
          94          97  0.968798659671491     
          94          98  0.983763036994532     
          94          99  0.980916138344878     
