           1           2   1.45259527591495     
           2           3  0.961694108512643     
           2           4   1.34966517898470     
           4           5   1.46589661251304     
           5           6   1.34341523929263     
           6           7   1.21684988268551     
           7           8   1.20554461770827     
           8           9   1.60740687785196     
           1          10   1.34920934099238     
           6          10   1.19409408443624     
           9          10   1.23415486981485     
           1          11  0.964893587250878     
           4          12  0.961941141428613     
           7          13  0.919664186124977     
           8          14  0.966998926060800     
           9          15  0.971586982783187     
