   -0.12436714
    0.07483337
   -0.04444604
   -0.02254077
   -0.04476913
    0.04762396
    0.05332313
    0.05556316
    0.04581473
    0.07181931
   -0.13747985
    0.04146483
   -0.04588430
   -0.02547728
   -0.04556766
    0.04348065
    0.04825723
    0.07387396
   -0.14893529
    0.08985798
    0.40587289
   -0.40594308
    0.12986965
   -0.12154778
    0.05373917
    0.04486919
    0.05171962
   -0.10875909
    0.04734178
    0.04164234
    0.02667210
    0.13087650
   -0.40552120
   -0.12201532
    0.05302257
    0.04610442
    0.05008188
   -0.11965693
    0.04551962
    0.05353743
    0.04549402
    0.40231513
   -0.38622363
    0.12875686
   -0.12782387
    0.05797510
    0.05674341
    0.04971958
   -0.12152918
    0.04822710
    0.04746307
    0.05135487
    0.12789890
   -0.38442292
   -0.12363633
    0.05265027
    0.05306885
    0.04871336
   -0.12444722
    0.04977915
    0.05289636
    0.04886453
    0.40260522
   -0.37443121
    0.12467895
   -0.13274439
    0.05814607
    0.05752066
    0.05200785
   -0.12997588
    0.06138160
    0.05124259
    0.05295297
    0.12709871
   -0.37781261
   -0.12534431
    0.05170256
    0.05339077
    0.05680058
   -0.12241752
    0.04051974
    0.04907406
    0.05522390
    0.05203990
    0.04702904
   -0.04320348
   -0.01520020
    0.09856646
   -0.05599472
    0.02376370
   -0.25895122
   -0.14531036
    0.04277953
    0.02373038
    0.06801636
    0.07601717
    0.06982217
    0.02756694
