           1           2   1.31009627068974     
           2           3   1.34419454552998     
           3           4   1.48734959057573     
           4           5   1.37823180060275     
           1           6   1.38721281553122     
           3           6  0.106336846836195     
           5           6   1.46291511322422     
           6           7  0.956695987747499     
           5           8  0.968499161306837     
           3           9  0.962231417224043     
           2          10   1.09525526926837     
          10          11   1.30046265664334     
          11          12   1.38287920234178     
          12          13   1.46165576566324     
          13          14   1.38016798231542     
          10          15   1.35030484028044     
          12          15  0.105340715581673     
          14          15   1.48077262942468     
          15          16  0.962273710135539     
          13          17  0.969248544489057     
          12          18  0.947745862085722     
           1          19  0.443548054106931     
          11          19  0.408073584644490     
          19          20  0.530346787235197     
          19          21  0.713505888075659     
          21          22   1.09637227222317     
          22          23  0.941801864405936     
          23          24  0.996459314833974     
          24          25  0.982567266557276     
          24          26  0.983625417485712     
          24          27  0.983129810216054     
          23          28  0.990208053256568     
          28          29  0.983981513422563     
          28          30  0.984024979675800     
          28          31  0.984753745947392     
          23          32  0.940818278011632     
          21          33   1.10822421233236     
          32          33  0.938474500805240     
          32          34  0.990999806849215     
          34          35  0.981048528669024     
          34          36  0.983609601013737     
          34          37  0.981996033681323     
          32          38  0.997011663228266     
          38          39  0.983174348349572     
          38          40  0.982674248571357     
          38          41  0.983695730387282     
          19          42  0.858157687344627     
          42          43   1.10802723626155     
          43          44  0.935502886080058     
          44          45  0.996775824230670     
          45          46  0.981297803474445     
          45          47  0.981768928454104     
          45          48  0.983061892560785     
          44          49  0.991029389371012     
          49          50  0.983419707356709     
          49          51  0.982865163175792     
          49          52  0.979929449627507     
          44          53  0.939120611964680     
          42          54   1.10983094538545     
          53          54  0.932757213884728     
          53          55  0.996273548154162     
          55          56  0.982579768300038     
          55          57  0.982884768811620     
          55          58  0.983105453932872     
          53          59  0.991894057361033     
          59          60  0.981922375906803     
          59          61  0.982800290364289     
          59          62  0.982952371673063     
          19          63  0.876527446468051     
          63          64   1.11431817780130     
          64          65  0.936122850220904     
          65          66  0.991343602902451     
          66          67  0.979099615512569     
          66          68  0.981833006161416     
          66          69  0.982826909814913     
          65          70  0.996942380778985     
          70          71  0.981892018847045     
          70          72  0.983177638592516     
          70          73  0.982280130590182     
          65          74  0.938626217533253     
          63          75   1.11984407563596     
          74          75  0.934338041726451     
          74          76  0.996273720207515     
          76          77  0.982751369691043     
          76          78  0.982203431455569     
          76          79  0.981909451695211     
          74          80  0.991114450942437     
          80          81  0.983981527517403     
          80          82  0.983230673171495     
          80          83  0.983169605221301     
           4          84  0.968828285907202     
          14          85  0.969193226828240     
          19          86  0.579131180850831     
          20          86  0.351616832226790     
          86          87   1.40995916922989     
          86          88   1.32155756479021     
          87          89   1.41351437026216     
          88          89  0.102319458590119     
          87          90  0.960614518573303     
          88          91   1.42060687297821     
          88          92   1.02584638747798     
          86          93  0.103842614312809     
          89          93   1.43729783831218     
          91          93   1.41370024140088     
          89          94  0.969335686201530     
          92          95  0.982752819951389     
          92          96  0.951976971506341     
          92          97  0.959813369332966     
          93          98  0.963265305013053     
