   -0.12265126
    0.07379206
   -0.04369669
   -0.02411600
   -0.04499130
    0.04801636
    0.04985863
    0.05224006
    0.04337837
    0.06945375
   -0.12616414
    0.04066749
   -0.04690266
   -0.02675828
   -0.04625503
    0.04178471
    0.04829586
    0.07688363
   -0.16741764
    0.09901688
    0.40366825
   -0.41044608
    0.13051317
   -0.12005636
    0.05240414
    0.04345269
    0.05007753
   -0.10759021
    0.04595513
    0.04061115
    0.02692596
    0.13123562
   -0.40758115
   -0.11904537
    0.04958142
    0.04464142
    0.04822672
   -0.11886017
    0.04612678
    0.05216347
    0.04400077
    0.40497220
   -0.38255874
    0.12847320
   -0.12459232
    0.05547151
    0.05453990
    0.04794083
   -0.11990897
    0.04746550
    0.04472283
    0.05035392
    0.12735306
   -0.38209313
   -0.12345337
    0.05225522
    0.05375242
    0.04706032
   -0.12258166
    0.04484597
    0.04989819
    0.04937066
    0.40278503
   -0.37785570
    0.12572235
   -0.12720097
    0.05754874
    0.05226678
    0.04819239
   -0.12849921
    0.06048289
    0.04936468
    0.05154386
    0.12724061
   -0.38440919
   -0.12290864
    0.04964837
    0.05162453
    0.05414018
   -0.12107948
    0.03961698
    0.04869808
    0.05336523
    0.04906453
    0.04550158
   -0.06318950
   -0.01089947
   -0.02113325
   -0.03115736
    0.02047617
   -0.04353764
    0.03050093
   -0.06014387
   -0.04846316
    0.04391046
   -0.05878152
    0.06253609
    0.06434239
    0.06616299
   -0.04640576
    0.01896629
    0.02550555
    0.02272988
