           1           2   1.30133710533708     
           2           3   1.34386706541630     
           3           4   1.48862463369252     
           4           5   1.37355692435409     
           1           6   1.38267124328061     
           3           6  0.105990044599367     
           5           6   1.46660931308053     
           6           7  0.956850556441781     
           5           8  0.968874226567867     
           3           9  0.961990161885124     
           2          10   1.10000771221569     
          10          11   1.29562223955962     
          11          12   1.37941616559178     
          12          13   1.46381717477414     
          13          14   1.37609446338972     
          10          15   1.34780532119824     
          12          15  0.105129151772392     
          14          15   1.48378073282568     
          15          16  0.962000979976238     
          13          17  0.969248658641367     
          12          18  0.947404891384701     
           1          19  0.460465687882214     
          11          19  0.449759953108836     
          19          20  0.546418827207372     
          19          21  0.716917309559683     
          21          22   1.08923736470751     
          22          23  0.944265136077693     
          23          24  0.996296700831368     
          24          25  0.982831014963844     
          24          26  0.983789446234160     
          24          27  0.983373744302069     
          23          28  0.989763061228654     
          28          29  0.984256721549297     
          28          30  0.984141953031515     
          28          31  0.985225473201899     
          23          32  0.941095237957325     
          21          33   1.10479231079356     
          32          33  0.940841283504233     
          32          34  0.990675581965355     
          34          35  0.982051146306806     
          34          36  0.983850834482234     
          34          37  0.982344262755723     
          32          38  0.996688659501435     
          38          39  0.983236504496415     
          38          40  0.982951328311423     
          38          41  0.983895016003661     
          19          42  0.863600969349189     
          42          43   1.11444923744348     
          43          44  0.938513325625611     
          44          45  0.996252443012351     
          45          46  0.981682206413515     
          45          47  0.981828818036599     
          45          48  0.983324628673072     
          44          49  0.990607780202041     
          49          50  0.983595475997678     
          49          51  0.983126067695015     
          49          52  0.980348172159217     
          44          53  0.938477010132010     
          42          54   1.10449827320847     
          53          54  0.936825057257649     
          53          55  0.995799900369562     
          55          56  0.982682022238033     
          55          57  0.982862853272363     
          55          58  0.983394277860868     
          53          59  0.991481365306604     
          59          60  0.979597470698535     
          59          61  0.983205692392019     
          59          62  0.983078191921944     
          19          63  0.872144457334393     
          63          64   1.10884020640149     
          64          65  0.939813695195326     
          65          66  0.990953655775712     
          66          67  0.978626959561151     
          66          68  0.982260592682828     
          66          69  0.983160967198354     
          65          70  0.996233762920887     
          70          71  0.982005602844758     
          70          72  0.983599104400945     
          70          73  0.982318263807577     
          65          74  0.937684555804973     
          63          75   1.11114852539214     
          74          75  0.937679707763351     
          74          76  0.995741757467200     
          76          77  0.983059733757193     
          76          78  0.982442559312454     
          76          79  0.982175714363545     
          74          80  0.990994410713294     
          80          81  0.983836452483242     
          80          82  0.983361275722082     
          80          83  0.983458814646982     
           4          84  0.969221369094359     
          14          85  0.969403305339906     
          19          86  0.593313054268149     
          20          86  0.337694678330531     
          86          87   1.54731828560336     
          86          88   1.19687107853780     
          87          89   1.17039851673100     
          87          90  0.965178618514433     
          88          91   1.33152065613579     
          88          92   1.23379777364564     
          89          92   1.17219208975925     
          89          93   1.00506832914299     
          91          94   1.50081020633566     
          91          95  0.961961134697747     
          91          96  0.110385179154731     
          92          96   1.33384139532723     
          93          97  0.973664814980101     
          93          98  0.974302421047346     
          93          99  0.980452119781141     
          94         100   1.36749328530325     
          96         100   1.49295373981553     
          94         101  0.971749437050342     
          96         102  0.967693928726423     
         100         103  0.972375562656569     
