   -0.12331234
    0.07565765
   -0.04355561
   -0.02251016
   -0.04411380
    0.04848393
    0.05382690
    0.05548320
    0.04426265
    0.07242380
   -0.13287687
    0.04234758
   -0.04568554
   -0.02499737
   -0.04589958
    0.04301597
    0.04817139
    0.07605142
   -0.14675775
    0.08790674
    0.40508677
   -0.40944872
    0.13057953
   -0.12107854
    0.05381250
    0.04422114
    0.05076895
   -0.10722200
    0.04644627
    0.04023219
    0.02560809
    0.13125673
   -0.40647796
   -0.12011559
    0.04865815
    0.04622465
    0.05069923
   -0.11884695
    0.04492713
    0.05312048
    0.04474855
    0.40467501
   -0.38598496
    0.12873775
   -0.12770250
    0.05700791
    0.05643779
    0.04988784
   -0.12168086
    0.04761896
    0.04701015
    0.05217546
    0.12747414
   -0.38193135
   -0.12336528
    0.05155632
    0.05314850
    0.04830483
   -0.12633061
    0.05067488
    0.05263351
    0.05071227
    0.39988835
   -0.37317956
    0.12466438
   -0.13267654
    0.05876169
    0.05675097
    0.05153222
   -0.12994513
    0.06126988
    0.05092147
    0.05333757
    0.12654299
   -0.37839209
   -0.12490777
    0.05094125
    0.05184683
    0.05681948
   -0.12278050
    0.04011984
    0.04998901
    0.05443443
    0.05140579
    0.04679945
   -0.02809849
   -0.04134197
    0.02182711
   -0.01618048
    0.02171974
   -0.13938081
   -0.06205737
    0.07749452
   -0.02694853
    0.07372841
    0.07292409
    0.05265611
    0.05035711
   -0.27850144
   -0.06143742
    0.01998139
    0.09912671
    0.02871284
   -0.12893201
    0.06590554
    0.05692043
    0.05519794
