           1           2   1.31031920177580     
           2           3   1.34576627677097     
           3           4   1.48602698234425     
           4           5   1.37957692413034     
           1           6   1.38780023238485     
           3           6  0.106132703065812     
           5           6   1.46194523409955     
           6           7  0.956255490371747     
           5           8  0.968511427077520     
           3           9  0.961811470525780     
           2          10   1.09492395109185     
          10          11   1.30286484659265     
          11          12   1.38572914998644     
          12          13   1.45941257830374     
          13          14   1.38159768279535     
          10          15   1.34959654660563     
          12          15  0.105513382539823     
          14          15   1.48121420024726     
          15          16  0.961782020352466     
          13          17  0.969261909272700     
          12          18  0.946961363497459     
           1          19  0.439180757624081     
          11          19  0.407997789946267     
          19          20  0.531090795893366     
          19          21  0.706289616051494     
          21          22   1.09222519572373     
          22          23  0.943033379729064     
          23          24  0.996492761520701     
          24          25  0.982661329829045     
          24          26  0.983604537602524     
          24          27  0.983283400426085     
          23          28  0.989888142686497     
          28          29  0.984085243510099     
          28          30  0.984065553379838     
          28          31  0.984679510675873     
          23          32  0.941203289753965     
          21          33   1.10534706488647     
          32          33  0.939843091795239     
          32          34  0.990828802492390     
          34          35  0.983021896460780     
          34          36  0.983654349027898     
          34          37  0.981745364498327     
          32          38  0.996737631873845     
          38          39  0.983277100350293     
          38          40  0.982595608640565     
          38          41  0.983740896161817     
          19          42  0.853789918532502     
          42          43   1.10860368440265     
          43          44  0.936389715837606     
          44          45  0.996411788507014     
          45          46  0.981419454024048     
          45          47  0.981889454126228     
          45          48  0.983091425467875     
          44          49  0.991245648727650     
          49          50  0.983385882039182     
          49          51  0.982948463513394     
          49          52  0.978985987143122     
          44          53  0.938456532655580     
          42          54   1.10929652450505     
          53          54  0.933825118397544     
          53          55  0.996086171307412     
          55          56  0.982636871065916     
          55          57  0.982842729193798     
          55          58  0.983140564515450     
          53          59  0.991757225459014     
          59          60  0.980912456578467     
          59          61  0.982940215679480     
          59          62  0.982816501680108     
          19          63  0.882897662434894     
          63          64   1.11761298505359     
          64          65  0.936101702503529     
          65          66  0.991453908311420     
          66          67  0.979065657421355     
          66          68  0.982077969787974     
          66          69  0.982945429839795     
          65          70  0.997203241780971     
          70          71  0.981914206374049     
          70          72  0.983148476188699     
          70          73  0.982195706958715     
          65          74  0.938575621035429     
          63          75   1.11470708965250     
          74          75  0.936251003619150     
          74          76  0.995865766412228     
          76          77  0.983034561716354     
          76          78  0.982616182570998     
          76          79  0.982090724123875     
          74          80  0.990817009374606     
          80          81  0.983749847769206     
          80          82  0.983256013642614     
          80          83  0.983330483209555     
           4          84  0.968922152774118     
          14          85  0.969226793940923     
          19          86  0.596099606362238     
          20          86  0.346954241643596     
          86          87   1.49684610305401     
          86          88   1.24213140465670     
          87          89   1.27159893138723     
          87          90  0.957536717757818     
          88          91   1.02959192016573     
          88          92   1.52799967718945     
          89          93   1.22879696715457     
          92          93   1.26953390296361     
          89          94   1.28118807471259     
          91          95  0.950918158448984     
          91          96  0.957163590031946     
          91          97  0.983037710484466     
          92          98  0.962881431600343     
          93          99   1.28409845277662     
          94         100   1.55989966102994     
          94         101  0.967614933026907     
          99         102   1.51034814056477     
         100         102   1.27795187620173     
         100         103  0.969516146700795     
         102         104   1.02235738418025     
         104         105  0.983936995331811     
         104         106  0.968035947730493     
         104         107  0.970669269619228     
