           1           2   1.03336280693747     
           1           3   1.26526677318507     
           1           4  0.110112440670363     
           3           4   1.16173849790988     
           4           5   1.14887964468335     
           5           6   2.73877487988151     
           4           7   1.40733018820946     
           1           8   1.45696935034060     
           7           8   1.39451799560763     
           2           9  0.982034135054899     
           2          10  0.967102796225635     
           2          11  0.967206820183188     
           3          12  0.930375051584160     
           7          13  0.974922715734491     
           8          14  0.973286516811113     
