           1           2   1.44727098478112     
           2           3   1.35705189337586     
           3           4   1.07200460054309     
           4           5   2.82231087958674     
           3           6   1.36240377210686     
           2           7  0.103384068894306     
           6           7   1.47150670578755     
           1           8   1.40875760300835     
           7           8   1.36909405368829     
           8           9  0.997060598052649     
           1          10  0.961195154642662     
           2          11  0.963407026962420     
           7          12  0.956134342378122     
