   -0.12001987
    0.07649091
   -0.04341573
   -0.02234809
   -0.04381584
    0.04833667
    0.05337037
    0.05669166
    0.04763143
    0.07292016
   -0.12445918
    0.04093152
   -0.04499829
   -0.02477664
   -0.04524347
    0.04648230
    0.05106415
    0.07710314
   -0.15171998
    0.08975464
    0.40274622
   -0.40588298
    0.12987322
   -0.12245114
    0.05482748
    0.04488289
    0.05172378
   -0.10915829
    0.04754654
    0.04168021
    0.02715057
    0.13082677
   -0.40552659
   -0.12092355
    0.04979240
    0.04700901
    0.04977492
   -0.12019478
    0.04643656
    0.05343128
    0.04558582
    0.40196045
   -0.37858587
    0.12778037
   -0.12539118
    0.05469228
    0.05708085
    0.04771839
   -0.12209234
    0.04914504
    0.04755337
    0.05298535
    0.12719295
   -0.38322304
   -0.12427024
    0.05341332
    0.05387068
    0.04859711
   -0.12044852
    0.03789851
    0.04899673
    0.04996832
    0.40127533
   -0.37842796
    0.12611863
   -0.12842563
    0.05892013
    0.05405900
    0.04796714
   -0.12827477
    0.05755556
    0.05093149
    0.05311590
    0.12652157
   -0.38022321
   -0.12517124
    0.05101648
    0.05346439
    0.05575091
   -0.12393594
    0.04016124
    0.05233329
    0.05459007
    0.05340325
    0.05006879
   -0.02734266
   -0.04190534
   -0.01874874
   -0.04325061
    0.02670640
    0.12339848
   -0.06966817
   -0.06856495
    0.03774796
   -0.24320179
    0.01728646
    0.07156583
    0.04394959
    0.43289704
   -0.37898079
   -0.38535858
    0.12750780
    0.12862722
   -0.12686406
   -0.12939505
   -0.13047469
   -0.12598755
    0.05876140
    0.04491338
    0.05880247
    0.06184507
    0.05568471
    0.05558972
    0.05590698
    0.05685587
    0.06472890
    0.05879594
    0.05891896
    0.04248569
