           1           2   1.31178238518361     
           2           3   1.34817003315606     
           3           4   1.48370233065726     
           4           5   1.38228201955177     
           1           6   1.38942315223675     
           3           6  0.106072754063387     
           5           6   1.45999086859773     
           6           7  0.956578562232897     
           5           8  0.968371124754702     
           3           9  0.961628717543008     
           2          10   1.09170593420516     
          10          11   1.30315549181113     
          11          12   1.38520982395099     
          12          13   1.45799350436610     
          13          14   1.38431628142755     
          10          15   1.35264182050692     
          12          15  0.105212788733441     
          14          15   1.47867555558481     
          15          16  0.961578581286001     
          13          17  0.968933547969202     
          12          18  0.946738787143711     
           1          19  0.443086352673481     
          11          19  0.431454490518504     
          19          20  0.529143040536476     
          19          21  0.727393390615988     
          21          22   1.09427308791407     
          22          23  0.942232839440941     
          23          24  0.996623738369135     
          24          25  0.982578826329699     
          24          26  0.983588982114871     
          24          27  0.983207779662425     
          23          28  0.989886617602215     
          28          29  0.984047661405688     
          28          30  0.984003950941922     
          28          31  0.985058006289472     
          23          32  0.941442694886100     
          21          33   1.10760202811912     
          32          33  0.939051568416945     
          32          34  0.990831420832087     
          34          35  0.982754245482713     
          34          36  0.983687828000095     
          34          37  0.982349226210469     
          32          38  0.996935451160085     
          38          39  0.983214170046725     
          38          40  0.982634922053019     
          38          41  0.983661312360134     
          19          42  0.853718782917188     
          42          43   1.12452175804539     
          43          44  0.938060561403408     
          44          45  0.995600342460171     
          45          46  0.980832406725931     
          45          47  0.981210259462687     
          45          48  0.983164481799337     
          44          49  0.990891130594218     
          49          50  0.983325633424510     
          49          51  0.982996177853144     
          49          52  0.979847006869904     
          44          53  0.937310171515461     
          42          54   1.10364026395434     
          53          54  0.936512570257088     
          53          55  0.995102154889498     
          55          56  0.982533565435819     
          55          57  0.982846669045244     
          55          58  0.983178845433510     
          53          59  0.991983040486506     
          59          60  0.979545768753952     
          59          61  0.983140141285519     
          59          62  0.983020219759444     
          19          63  0.866579178240898     
          63          64   1.10936408185557     
          64          65  0.937657961611317     
          65          66  0.991066665063683     
          66          67  0.977260221242924     
          66          68  0.980264294926468     
          66          69  0.983276930628966     
          65          70  0.996350964935516     
          70          71  0.982364460633359     
          70          72  0.983472970414611     
          70          73  0.982219189900567     
          65          74  0.938038486388629     
          63          75   1.11562492654030     
          74          75  0.935896185387839     
          74          76  0.996190290651010     
          76          77  0.982985972306962     
          76          78  0.982579180324298     
          76          79  0.982123533969874     
          74          80  0.991066572849915     
          80          81  0.983794147732036     
          80          82  0.983052291502207     
          80          83  0.983313076614040     
           4          84  0.968725877233741     
          14          85  0.968921592413828     
          19          86  0.590309524247480     
          20          86  0.347460743777209     
          86          87   1.44070805466762     
          86          88   1.27921838809303     
          87          89   1.37842401160886     
          87          90  0.964341817619388     
          88          91   1.27034893768604     
          88          92   1.21838387249883     
          86          93  0.101130556666198     
          89          93   1.47393025898288     
          91          93   1.34090427064818     
          89          94  0.969533978409325     
          91          95   1.08818618263474     
          92          96   1.60899751739316     
          95          96   1.05679590362129     
          92          97  0.957485602167755     
          93          98  0.967107524519798     
          96          99   1.00012275331897     
          99         100   1.14901755774418     
          99         101   1.13404684599280     
         100         102  0.937162412285614     
         101         103  0.939609674832279     
         102         103  0.936995287724508     
         102         104  0.992284976056558     
         102         105  0.997064610189610     
         103         106  0.997096565746621     
         103         107  0.991514683298561     
         104         108  0.981876075666222     
         104         109  0.983644571934218     
         104         110  0.982499524421273     
         105         111  0.981605023150917     
         105         112  0.982636210626035     
         105         113  0.981873779101443     
         106         114  0.982766750850424     
         106         115  0.981646737726892     
         106         116  0.981132845401257     
         107         117  0.982501504640873     
         107         118  0.981382586489248     
         107         119  0.983993024094451     
