           1           2   1.03036765028420     
           2           3   1.77875115065483     
           2           4   1.00555564332462     
           1           5   1.32928553200884     
           5           6   1.08411798354607     
           6           7  0.974731917463298     
           5           8   1.33349824757370     
           8           9   1.48806093416629     
           9          10   1.39099947713269     
           1          11   1.35440003792876     
           8          11  0.109501198415369     
          10          11   1.47973114650115     
           4          12  0.980403733366834     
           4          13  0.945824530250599     
           4          14  0.970819440953624     
           7          15  0.976946050891504     
           7          16  0.974135735210849     
           7          17  0.966133961721495     
           8          18  0.965330375433007     
           9          19  0.968520923147498     
          10          20  0.968179078715457     
          11          21  0.966569449277796     
