   -0.12686739
    0.07323023
   -0.04514174
   -0.02238458
   -0.04394527
    0.04254315
    0.07751239
    0.05468130
    0.04432004
    0.06960931
   -0.13901824
    0.04331330
   -0.04440131
   -0.02563165
   -0.04721430
    0.04327056
    0.04903193
    0.07776281
   -0.14469029
    0.09240737
    0.40119618
   -0.41032645
    0.13015672
   -0.12286881
    0.05459791
    0.04539387
    0.05248169
   -0.10965547
    0.04729469
    0.04240796
    0.02652411
    0.13064800
   -0.40645889
   -0.12163645
    0.04800644
    0.04814489
    0.05144143
   -0.11965221
    0.04406236
    0.05404096
    0.04601453
    0.40052186
   -0.36655708
    0.12640420
   -0.12651512
    0.05016964
    0.06102236
    0.04987220
   -0.12338902
    0.04958718
    0.05390256
    0.04919166
    0.12701925
   -0.38323653
   -0.12412901
    0.05343835
    0.05348180
    0.04846326
   -0.11830064
    0.03749390
    0.05036370
    0.04629584
    0.40198240
   -0.38147146
    0.12482279
   -0.13091821
    0.05055981
    0.05710887
    0.05475614
   -0.12790781
    0.05830120
    0.05170052
    0.05078657
    0.12680333
   -0.36782393
   -0.12780204
    0.05329945
    0.05871124
    0.05568651
   -0.12104568
    0.04367537
    0.04868530
    0.05480042
    0.04993955
    0.04619913
   -0.02614082
   -0.03587579
   -0.01707469
   -0.03985179
    0.03772137
    0.05298380
   -0.01087107
   -0.05738516
    0.03417645
   -0.08229883
   -0.04088228
    0.05196722
    0.05214821
    0.40617346
   -0.03605393
    0.06335808
   -0.05244505
   -0.49451427
   -0.29437190
   -0.04022144
    0.04038103
    0.05542025
    0.12281661
    0.04862952
   -0.13043125
   -0.12558251
    0.04515644
    0.06590757
    0.06003278
    0.06597357
    0.06097638
    0.06315303
    0.05087410
