           1           2   1.31654294687392     
           2           3   1.34822392452640     
           3           4   1.48244513299841     
           4           5   1.38626160314431     
           1           6   1.39326980450391     
           3           6  0.106550007412208     
           5           6   1.45572666274774     
           6           7  0.948967985045894     
           5           8  0.968610227758751     
           3           9  0.961978489175297     
           2          10   1.09187943360700     
          10          11   1.30644519539237     
          11          12   1.38595995124359     
          12          13   1.45799253552568     
          13          14   1.38517763856533     
          10          15   1.35246471032758     
          12          15  0.105191623718359     
          14          15   1.47699794122195     
          15          16  0.961895713716002     
          13          17  0.969167308165190     
          12          18  0.946016944233539     
           1          19  0.424950331691670     
          11          19  0.396707408561095     
          19          20  0.532521990147838     
          19          21  0.726795445651406     
          21          22   1.09113416728157     
          22          23  0.941532242098036     
          23          24  0.996610811340013     
          24          25  0.981137740779074     
          24          26  0.983536665156448     
          24          27  0.983028881952608     
          23          28  0.990233075751471     
          28          29  0.983991773917095     
          28          30  0.984051203075209     
          28          31  0.982954746208514     
          23          32  0.941040659861012     
          21          33   1.10696818908899     
          32          33  0.939642160912095     
          32          34  0.990961971139624     
          34          35  0.982339348196687     
          34          36  0.983400684806903     
          34          37  0.981225122916092     
          32          38  0.996742138247988     
          38          39  0.983285512815496     
          38          40  0.982768100675215     
          38          41  0.983720761321717     
          19          42  0.867823732751364     
          42          43   1.14243054412274     
          43          44  0.938635818889318     
          44          45  0.996201960058080     
          45          46  0.980968721109590     
          45          47  0.981986849184676     
          45          48  0.983450818067127     
          44          49  0.990497480728010     
          49          50  0.983430400364261     
          49          51  0.982284409762601     
          49          52  0.981237919281162     
          44          53  0.937912702743538     
          42          54   1.09570736502002     
          53          54  0.937394201774515     
          53          55  0.995849425298003     
          55          56  0.982470990891314     
          55          57  0.982902160435786     
          55          58  0.983254725017686     
          53          59  0.991265656795504     
          59          60  0.979592436108398     
          59          61  0.983403788847379     
          59          62  0.983362770982174     
          19          63  0.877628577557484     
          63          64   1.09217479819974     
          64          65  0.937837263791485     
          65          66  0.992198761033870     
          66          67  0.979860815663072     
          66          68  0.982057403668780     
          66          69  0.982576208794644     
          65          70  0.995193911725557     
          70          71  0.982090902411581     
          70          72  0.982765753942756     
          70          73  0.982451993255924     
          65          74  0.935570200563733     
          63          75   1.13568598428484     
          74          75  0.936820119199459     
          74          76  0.995404596644800     
          76          77  0.982809708419339     
          76          78  0.982025060515114     
          76          79  0.980319440546070     
          74          80  0.990900138821867     
          80          81  0.982729988998497     
          80          82  0.981535984083196     
          80          83  0.982519020903282     
           4          84  0.968922979421062     
          14          85  0.969224559948948     
          19          86  0.586834617871533     
          20          86  0.351109170725658     
          86          87   1.38583368591413     
          86          88   1.32889324322611     
          87          89   1.42899433916891     
          87          90  0.958199433756105     
          88          91   1.28770517890452     
          88          92   1.11675904136046     
          89          93   1.42758184691422     
          91          93   1.39206005599487     
          89          94  0.969311666726501     
          91          95   1.04993523911490     
          92          96   1.37070803919591     
          92          97   1.28764593406580     
          95          97   1.05823625664678     
          93          98  0.962300310116594     
          95          99   1.13499112711002     
          96         100   1.45828250078886     
          96         101  0.945549344893787     
          96         102  0.105159952434513     
          97         102   1.39044219677732     
          95         103  0.115613704246526     
          99         103   1.61200859941244     
          99         104   1.10693708197645     
         103         104  0.142256691073408     
         100         105   1.41558727466652     
         102         105   1.44345501485647     
         100         106  0.967962713031795     
         102         107  0.962290426134640     
         104         108  0.903337431811910     
         105         109  0.969969030065430     
         108         110   1.00681001196047     
         108         111   1.00390146147335     
         108         112  0.961861584725809     
         110         113  0.983339062075096     
         110         114  0.984164459683246     
         110         115  0.981490804056827     
         111         116  0.984280062804372     
         111         117  0.981796295375940     
         111         118  0.984922891725429     
