   -0.11936555
    0.07633846
   -0.04275610
   -0.02201346
   -0.04298425
    0.04776267
    0.05429085
    0.05790306
    0.04882516
    0.07301112
   -0.12662910
    0.04158519
   -0.04464625
   -0.02412103
   -0.04507081
    0.04788304
    0.05195821
    0.07626096
   -0.15243300
    0.08772641
    0.40316707
   -0.40637879
    0.12983582
   -0.12238265
    0.05440521
    0.04546643
    0.05199661
   -0.10962543
    0.04815288
    0.04225071
    0.02743755
    0.13047791
   -0.40279231
   -0.12123057
    0.05008184
    0.04716387
    0.05039883
   -0.12046117
    0.04694094
    0.05372987
    0.04587702
    0.40204716
   -0.38188278
    0.12842197
   -0.12724182
    0.05685784
    0.05749813
    0.05023652
   -0.12224175
    0.04964039
    0.04739482
    0.05221793
    0.12775668
   -0.38480373
   -0.12459425
    0.05483418
    0.05377697
    0.04921988
   -0.12207611
    0.04469329
    0.05334771
    0.04660150
    0.40020388
   -0.37866918
    0.12493021
   -0.13156145
    0.05957336
    0.05446284
    0.05132029
   -0.12966090
    0.06076536
    0.05152151
    0.05220484
    0.12636201
   -0.37736854
   -0.12510590
    0.05165870
    0.05385159
    0.05575322
   -0.12333559
    0.04077166
    0.05127209
    0.05521832
    0.05488719
    0.05133133
   -0.04246914
   -0.02273938
    0.04992554
   -0.02256757
    0.03324739
   -0.25725097
    0.05008476
    0.12535269
   -0.06738002
   -0.07344422
    0.00349337
    0.05520214
    0.41601560
    0.06878059
   -0.48116548
   -0.27390882
    0.15581911
   -0.12832260
   -0.13458181
   -0.12896050
    0.05087380
    0.05818312
    0.06333670
    0.06513270
    0.06692057
    0.06506434
    0.05914247
    0.05281978
    0.06326725
