           1           2   1.31078131207297     
           2           3   1.34842183214610     
           3           4   1.48357460006520     
           4           5   1.38203115568278     
           1           6   1.38653746941210     
           3           6  0.105952970088534     
           5           6   1.46118591008752     
           6           7  0.956419407755993     
           5           8  0.968196965230506     
           3           9  0.961460103126048     
           2          10   1.09182754155380     
          10          11   1.30309385931909     
          11          12   1.38577910730483     
          12          13   1.45765766953038     
          13          14   1.38493913696007     
          10          15   1.35307609126927     
          12          15  0.105176952646015     
          14          15   1.47863371743193     
          15          16  0.961402574134160     
          13          17  0.968844648350136     
          12          18  0.947097685557338     
           1          19  0.449620382685903     
          11          19  0.432375421986544     
          19          20  0.543418975428271     
          19          21  0.726560263267625     
          21          22   1.09481465538568     
          22          23  0.941680772695270     
          23          24  0.996643851968969     
          24          25  0.982588625108927     
          24          26  0.983502666604188     
          24          27  0.983149221677072     
          23          28  0.990121897727635     
          28          29  0.983972486367414     
          28          30  0.983976055060934     
          28          31  0.985118540045877     
          23          32  0.941208140000602     
          21          33   1.11142898176581     
          32          33  0.938528917486282     
          32          34  0.990869410126116     
          34          35  0.982423848183544     
          34          36  0.983602841350634     
          34          37  0.982190406676143     
          32          38  0.996935698592796     
          38          39  0.983110899025835     
          38          40  0.982713636749094     
          38          41  0.983649177991444     
          19          42  0.851617427726153     
          42          43   1.12270389430188     
          43          44  0.934338579266452     
          44          45  0.997071839054353     
          45          46  0.982097953585551     
          45          47  0.981634250901313     
          45          48  0.982918977891289     
          44          49  0.990947766943565     
          49          50  0.983349270558998     
          49          51  0.982823290016064     
          49          52  0.980086624223145     
          44          53  0.939536995620971     
          42          54   1.10576077743044     
          53          54  0.933462729364860     
          53          55  0.996442938853137     
          55          56  0.982396412644427     
          55          57  0.982840289783327     
          55          58  0.983061586309917     
          53          59  0.991557695077789     
          59          60  0.982119142204771     
          59          61  0.982839161608456     
          59          62  0.983264534602278     
          19          63  0.863325320212263     
          63          64   1.11404372469817     
          64          65  0.936449342398978     
          65          66  0.991421818639593     
          66          67  0.978392799055192     
          66          68  0.982428294514650     
          66          69  0.982887907532557     
          65          70  0.996570549606929     
          70          71  0.981938860520448     
          70          72  0.983273757832351     
          70          73  0.982213807552735     
          65          74  0.937698831962202     
          63          75   1.12305384873183     
          74          75  0.934778602975549     
          74          76  0.995918370927551     
          76          77  0.982824415303121     
          76          78  0.982313701218681     
          76          79  0.981917146262259     
          74          80  0.991421136665411     
          80          81  0.983811739087733     
          80          82  0.983043997755054     
          80          83  0.983174664597552     
           4          84  0.968578717767733     
          14          85  0.968788743655356     
          19          86  0.590342652638850     
          20          86  0.337922814557965     
          86          87   1.41955345477025     
          86          88   1.33108322758968     
          87          89   1.34841591640054     
          87          90  0.961617949867574     
          88          91   1.45341421138351     
          88          92  0.955764473118742     
          89          93   1.25326673921650     
          91          93   1.36673102061338     
          89          94   1.17577410669826     
          93          95   1.09363009108550     
          94          96   1.67906760536877     
          95          96   1.11370624897482     
          94          97  0.969994691589295     
          95          98   1.07055785090096     
          96          99  0.965112489701439     
          95         100  0.101650053028450     
          98         100   1.62595995790936     
          98         101   1.16486753551454     
         100         101  0.159167419087922     
         101         102  0.871507604571012     
         102         103  0.995818754725900     
         102         104  0.995922482640381     
         102         105  0.996057492234577     
         103         106  0.984558129778454     
         103         107  0.981579291421822     
         103         108  0.981370704139881     
         104         109  0.982791727286962     
         104         110  0.981593650016207     
         104         111  0.982911040405873     
         105         112  0.981491848667713     
         105         113  0.984270399007474     
         105         114  0.981394170656636     
