           1           2   1.37004193680619     
           2           3   1.26762420929047     
           3           4   1.19278332331549     
           4           5   1.56842783171387     
           2           6   1.06346219682749     
           5           6   1.07204085263444     
           5           7   1.08717033679013     
           7           8   1.36152317049808     
           8           9   1.46742650604492     
           9          10   1.39809913908516     
          10          11   1.03183489886055     
           8          12  0.101594187606854     
          10          12   1.39109363466995     
           7          13   1.36030999971834     
          12          13   1.47383433776490     
           1          14  0.113603887985773     
           3          14   1.33635804363340     
          14          15   1.48768227292104     
           1          16   1.46525724808679     
          15          16   1.39559693787102     
           1          17  0.966539468190483     
           8          18  0.966637544580918     
           9          19  0.966770231580406     
          11          20  0.984572461963696     
          11          21  0.967022040858279     
          11          22  0.967857863157998     
          12          23  0.968295524161817     
          13          24  0.968172536434877     
          14          25  0.967167541202290     
          15          26  0.969347736591354     
          16          27  0.969577588297223     
