   -0.12314631
    0.07616929
   -0.04458086
   -0.02140217
   -0.04265161
    0.04309769
    0.07619656
    0.05625246
    0.04823205
    0.07367692
   -0.13039576
    0.04107235
   -0.04450394
   -0.02389605
   -0.04626335
    0.04823571
    0.05491690
    0.08386709
   -0.14796549
    0.08995213
    0.39931234
   -0.41295528
    0.13041576
   -0.12244195
    0.05213876
    0.04568024
    0.05273002
   -0.10985788
    0.04775632
    0.04223441
    0.02768383
    0.13042251
   -0.40213611
   -0.11972979
    0.04263553
    0.04901597
    0.05086338
   -0.11958796
    0.04581108
    0.05338500
    0.04623071
    0.39636472
   -0.37506195
    0.12837742
   -0.12762699
    0.05540576
    0.05692733
    0.04896607
   -0.12537698
    0.04750640
    0.05138498
    0.05455322
    0.12633644
   -0.38289695
   -0.12478002
    0.05437782
    0.05476950
    0.04810242
   -0.12617760
    0.04408267
    0.05244643
    0.05342314
    0.40249741
   -0.38148573
    0.12454694
   -0.12892195
    0.04902126
    0.05576968
    0.05337903
   -0.12824476
    0.05903013
    0.05124293
    0.05186447
    0.12619255
   -0.36581335
   -0.12722074
    0.05208595
    0.05680491
    0.05664617
   -0.12022533
    0.04109437
    0.04698695
    0.05528050
    0.05303943
    0.05217227
   -0.02992099
   -0.03009557
   -0.04833521
   -0.06255878
    0.03870710
    0.48079233
   -0.03360301
    0.22079977
   -0.04489680
   -0.20453461
   -0.22707024
   -0.23879318
    0.03747391
   -0.11682771
   -0.08259460
    0.04579359
   -0.03268543
    0.01822578
   -0.07070748
    0.05711867
   -0.01004906
    0.02799312
    0.07080081
    0.06018585
    0.06279690
   -0.05947783
   -0.03890499
   -0.03623480
    0.04518526
   -0.04397231
    0.03435980
    0.03556608
    0.03214617
