           1           2   1.32208708462837     
           2           3   1.35243140453774     
           3           4   1.47783744109645     
           4           5   1.39317659518732     
           1           6   1.39927782428878     
           3           6  0.106276707311467     
           5           6   1.44997473499941     
           6           7  0.949065424545586     
           5           8  0.968447361482039     
           3           9  0.961202989311644     
           2          10   1.08499752844892     
          10          11   1.31398006461082     
          11          12   1.39197023649463     
          12          13   1.45193635082601     
          13          14   1.39170195285394     
          10          15   1.35464372070464     
          12          15  0.105598605703334     
          14          15   1.47483118054253     
          15          16  0.961132043178257     
          13          17  0.968508384012483     
          12          18  0.942892858692573     
           1          19  0.416780312486108     
          11          19  0.404858261792086     
          19          20  0.530372187668998     
          19          21  0.739836857863391     
          21          22   1.08467812314264     
          22          23  0.943072597333919     
          23          24  0.996496176863256     
          24          25  0.982428630643574     
          24          26  0.983454383021091     
          24          27  0.982939634649250     
          23          28  0.990068675688688     
          28          29  0.983892128471618     
          28          30  0.983945137313514     
          28          31  0.983166986963472     
          23          32  0.940088058663715     
          21          33   1.11201626807012     
          32          33  0.940625195537264     
          32          34  0.991171078440757     
          34          35  0.982417211804489     
          34          36  0.983040447133243     
          34          37  0.980682413127762     
          32          38  0.995963339089520     
          38          39  0.982964439600627     
          38          40  0.982690803398836     
          38          41  0.983738828465803     
          19          42  0.864813281665677     
          42          43   1.14111650054934     
          43          44  0.937200051782014     
          44          45  0.996573221526939     
          45          46  0.981646812352139     
          45          47  0.982396394495628     
          45          48  0.983432423906165     
          44          49  0.989915157788921     
          49          50  0.983717054907076     
          49          51  0.982935455698869     
          49          52  0.977382913007668     
          44          53  0.937430696171089     
          42          54   1.10023816916848     
          53          54  0.934583675108226     
          53          55  0.995093084157619     
          55          56  0.982121003241172     
          55          57  0.982797728679882     
          55          58  0.983196387407705     
          53          59  0.992506255145836     
          59          60  0.982846614622712     
          59          61  0.982933750470494     
          59          62  0.982723916642543     
          19          63  0.865023437775229     
          63          64   1.09228614347239     
          64          65  0.938831346570920     
          65          66  0.992126021288046     
          66          67  0.982979155813267     
          66          68  0.982330055497480     
          66          69  0.982930857194064     
          65          70  0.995271988327364     
          70          71  0.982238494104340     
          70          72  0.983079462118167     
          70          73  0.982363004430153     
          65          74  0.936906454159784     
          63          75   1.13828087137812     
          74          75  0.939528977748340     
          74          76  0.996089369545865     
          76          77  0.983204863674496     
          76          78  0.982322123927179     
          76          79  0.981843324682643     
          74          80  0.989194545546254     
          80          81  0.984072014856979     
          80          82  0.981574748496335     
          80          83  0.982884573177861     
           4          84  0.968594720907397     
          14          85  0.968603583443440     
          19          86  0.590696928888674     
          20          86  0.354505254638472     
          86          87   1.36977511116849     
          86          88   1.35532602989711     
          87          89   1.42250086997727     
          87          90  0.959410298926938     
          88          91  0.949722220672783     
          87          92  0.101951770834220     
          88          92   1.38368755448924     
          89          93  0.972521073881661     
          89          94   1.36878157767355     
          92          94   1.46308453983317     
          91          95  0.954479965495368     
          91          96  0.926402678733970     
          91          97  0.912590346926032     
          92          98  0.966562744111700     
          93          99   1.10945110691146     
          93         100   1.23622662181947     
          94         101  0.967672472372077     
          99         102   1.70317062539349     
          99         103  0.973102855725809     
         100         104   1.00452204289875     
         100         105   1.18019259905505     
         102         106   1.19201199747362     
         105         106   1.27078211520905     
         102         107  0.964536490034998     
         104         108  0.975805909657678     
         104         109  0.972741836164037     
         104         110  0.973169457414954     
         105         111   1.32498334059468     
         106         112   1.33282699953723     
         111         112  0.108906702958209     
         111         113   1.49629357212768     
         111         114  0.963970295075795     
         112         115   1.50053337689026     
         113         115   1.37384533520459     
         112         116  0.968106328238583     
         113         117  0.970985953628694     
         115         118  0.970809396059825     
