           1           2   1.42048493824632     
           2           3   1.42050054866249     
           3           4   1.44211270614371     
           2           5  0.110329513287727     
           4           5   1.37549410617603     
           5           6   1.04613275961670     
           6           7   2.84393527580761     
           1           8   1.44212958617607     
           5           8   1.37546471032780     
           1           9  0.958369991407488     
           2          10  0.964981530465620     
           3          11  0.958370671578874     
