   -0.12471916
    0.07663674
   -0.04288044
   -0.02078632
   -0.04278587
    0.04829004
    0.05699375
    0.06015304
    0.05082015
    0.07263007
   -0.13425757
    0.04217453
   -0.04347725
   -0.02391601
   -0.04438189
    0.05039479
    0.05435691
    0.07492929
   -0.15019171
    0.09261161
    0.40572044
   -0.40241949
    0.12925018
   -0.12328251
    0.05533106
    0.04673846
    0.05309640
   -0.11090102
    0.04963686
    0.04331902
    0.02750096
    0.13016032
   -0.40031700
   -0.12358929
    0.05315898
    0.04809826
    0.05192606
   -0.12160945
    0.04694814
    0.05528465
    0.04726688
    0.40687959
   -0.37306975
    0.12775145
   -0.12801031
    0.05866468
    0.05745638
    0.05127368
   -0.12402681
    0.05049537
    0.04987384
    0.05280249
    0.12783639
   -0.38385243
   -0.12528256
    0.05523203
    0.05390796
    0.05040327
   -0.12513160
    0.05230404
    0.05456205
    0.04508307
    0.40419149
   -0.37369394
    0.12434911
   -0.13390403
    0.06177300
    0.05656415
    0.05282942
   -0.13002724
    0.06122880
    0.05254030
    0.05205499
    0.12622137
   -0.37233980
   -0.12623477
    0.05249577
    0.05485293
    0.05802040
   -0.12361641
    0.04182276
    0.05052220
    0.05624328
    0.05721033
    0.05374269
    0.03639408
    0.04911652
   -0.22426012
   -0.24895771
    0.04025934
    0.08834798
    0.14342511
   -0.13228012
   -0.18988015
    0.07699848
    0.07924166
    0.07568268
