           1           2   1.31689160927445     
           2           3   1.34951979537944     
           3           4   1.48188019493701     
           4           5   1.38634315580137     
           1           6   1.39239735794825     
           3           6  0.106082810207010     
           5           6   1.45689789785713     
           6           7  0.956681350970008     
           5           8  0.967948442422220     
           3           9  0.961469274648817     
           2          10   1.08930938717270     
          10          11   1.30367158725240     
          11          12   1.38413456718113     
          12          13   1.45775593658878     
          13          14   1.38659789351155     
          10          15   1.35642368484172     
          12          15  0.104665862263746     
          14          15   1.47551116310336     
          15          16  0.961314316417968     
          13          17  0.968556760869376     
          12          18  0.947394778841397     
           1          19  0.429196932123569     
          11          19  0.423764420762395     
          19          20  0.528365115218001     
          19          21  0.734239371210333     
          21          22   1.10026241461579     
          22          23  0.939592656980165     
          23          24  0.996679286012395     
          24          25  0.982410380360394     
          24          26  0.983353228255001     
          24          27  0.982970021730320     
          23          28  0.990425463744932     
          28          29  0.983820399103411     
          28          30  0.983888523575060     
          28          31  0.984844537679989     
          23          32  0.940988811585823     
          21          33   1.11607311002933     
          32          33  0.936070792064565     
          32          34  0.991164298492733     
          34          35  0.981235177167168     
          34          36  0.983318582047247     
          34          37  0.981727520099324     
          32          38  0.997282517980115     
          38          39  0.983004413083935     
          38          40  0.982530870512721     
          38          41  0.983507881685526     
          19          42  0.848100188152236     
          42          43   1.13559571242511     
          43          44  0.932389800155433     
          44          45  0.997040893532466     
          45          46  0.981828606049204     
          45          47  0.981835962646933     
          45          48  0.982831246729112     
          44          49  0.990966695091901     
          49          50  0.983241939872294     
          49          51  0.982085179261473     
          49          52  0.979821037573108     
          44          53  0.939982559818257     
          42          54   1.10875565343744     
          53          54  0.930020616267561     
          53          55  0.997008653200450     
          55          56  0.982358060186945     
          55          57  0.982862432893321     
          55          58  0.982849087263910     
          53          59  0.991955452027243     
          59          60  0.980968849886474     
          59          61  0.982773935888599     
          59          62  0.983501771002608     
          19          63  0.854629966456247     
          63          64   1.12141448788046     
          64          65  0.934260955531367     
          65          66  0.991575968519984     
          66          67  0.978712436618820     
          66          68  0.982202713080150     
          66          69  0.982640399664945     
          65          70  0.996727050466425     
          70          71  0.981830539993483     
          70          72  0.983134005760599     
          70          73  0.982252012795945     
          65          74  0.937287883318840     
          63          75   1.12720277162742     
          74          75  0.933598630999503     
          74          76  0.995722966828863     
          76          77  0.982708306301363     
          76          78  0.982020503139717     
          76          79  0.981142437597385     
          74          80  0.991595879935929     
          80          81  0.984038478685161     
          80          82  0.982926321373177     
          80          83  0.983014335949314     
           4          84  0.968271133677133     
          14          85  0.968553682495297     
          19          86  0.596727667106486     
          20          86  0.342965427458748     
          86          87   1.32698736401281     
          86          88   1.38236428586352     
          87          89   1.43345640571932     
          87          90  0.957236119341937     
          87          91  0.112680816204301     
          88          91   1.41888327728204     
          89          92   1.41851529873880     
          91          92   1.31949600657393     
          91          93   1.02812564653049     
          92          94  0.946780352330714     
          93          95  0.960341132418674     
          93          96  0.979947209206300     
          93          97  0.963453449404842     
