   -0.12294051
    0.07369700
   -0.04430197
   -0.02436539
   -0.04601590
    0.04636466
    0.05085035
    0.05215378
    0.04404227
    0.07040700
   -0.12930074
    0.04094115
   -0.04675639
   -0.02684110
   -0.04546333
    0.04158620
    0.04653751
    0.07352734
   -0.15591318
    0.08720454
    0.40307625
   -0.40966980
    0.13019647
   -0.12105243
    0.05279541
    0.04418588
    0.05113109
   -0.10880428
    0.04665048
    0.04135471
    0.02784992
    0.13081049
   -0.40506596
   -0.12044750
    0.05149804
    0.04491085
    0.04873178
   -0.11940534
    0.04654546
    0.05243103
    0.04456487
    0.40333857
   -0.38555473
    0.12861625
   -0.12581461
    0.05514808
    0.05544898
    0.04884727
   -0.12073555
    0.04788583
    0.04493730
    0.05148748
    0.12768054
   -0.38304409
   -0.12413125
    0.05345394
    0.05405227
    0.04767805
   -0.12391910
    0.04497941
    0.05182425
    0.04999081
    0.40298633
   -0.37876123
    0.12505427
   -0.13006731
    0.05827076
    0.05392512
    0.04948149
   -0.12933520
    0.06075088
    0.05011388
    0.05188232
    0.12731377
   -0.38146008
   -0.12381519
    0.05044960
    0.05331147
    0.05436222
   -0.12177019
    0.04032146
    0.04831986
    0.05430227
    0.04910429
    0.04485263
   -0.02673502
   -0.03714802
   -0.04461533
   -0.03280813
    0.02551974
   -0.05115346
    0.04073147
    0.01462673
   -0.03428941
    0.03039577
    0.09681113
   -0.04390152
   -0.10835615
   -0.33781941
    0.04349504
    0.04361120
    0.04597200
    0.04283781
    0.55514254
   -0.21780405
   -0.21493488
   -0.21664164
    0.04375758
    0.04643421
    0.04332423
    0.03855579
    0.04632513
    0.04567700
    0.04951093
    0.04770506
    0.03630976
