           1           2   1.30094353325489     
           2           3   1.34251019921763     
           3           4   1.49012284893194     
           4           5   1.37200017217073     
           1           6   1.38192060971084     
           3           6  0.106221888595162     
           5           6   1.46779550270977     
           6           7  0.957209999459098     
           5           8  0.968891598172884     
           3           9  0.962311886682012     
           2          10   1.10079888341096     
          10          11   1.29378178460214     
          11          12   1.37848839048245     
          12          13   1.46520764722927     
          13          14   1.37519314253660     
          10          15   1.34784224629201     
          12          15  0.105281047594773     
          14          15   1.48371979335654     
          15          16  0.962371916197952     
          13          17  0.969428396702298     
          12          18  0.948734564458084     
           1          19  0.463122793946658     
          11          19  0.437644256324753     
          19          20  0.533845646555837     
          19          21  0.710591543980051     
          21          22   1.09136441715058     
          22          23  0.942798766743627     
          23          24  0.996453968709788     
          24          25  0.982774398883845     
          24          26  0.983691357102405     
          24          27  0.983271642853850     
          23          28  0.990055306830190     
          28          29  0.984126936677458     
          28          30  0.984008033981750     
          28          31  0.984916380408093     
          23          32  0.940998848018106     
          21          33   1.10730625271907     
          32          33  0.940103963894409     
          32          34  0.990629637617543     
          34          35  0.981094337410471     
          34          36  0.983822733475035     
          34          37  0.982230275175423     
          32          38  0.996670423553796     
          38          39  0.983172191232305     
          38          40  0.982883221812386     
          38          41  0.983848390390490     
          19          42  0.855750296603236     
          42          43   1.10923325050086     
          43          44  0.937395752108592     
          44          45  0.996576590999890     
          45          46  0.982274566190086     
          45          47  0.981821847006693     
          45          48  0.983259080817227     
          44          49  0.990709136255869     
          49          50  0.983567673969748     
          49          51  0.982421947770282     
          49          52  0.980052241829148     
          44          53  0.939146154268292     
          42          54   1.10876933784572     
          53          54  0.935557675934913     
          53          55  0.996227517424386     
          55          56  0.982574344963884     
          55          57  0.982858000430116     
          55          58  0.983294696989140     
          53          59  0.991340218956991     
          59          60  0.981570576042520     
          59          61  0.983156154853180     
          59          62  0.983057955883893     
          19          63  0.870437483116168     
          63          64   1.10844260087731     
          64          65  0.938828083572106     
          65          66  0.991062822075237     
          66          67  0.978812802418402     
          66          68  0.982588892424540     
          66          69  0.983174053416802     
          65          70  0.996302936715495     
          70          71  0.981984922195675     
          70          72  0.983522045481729     
          70          73  0.982334082749933     
          65          74  0.937828686095713     
          63          75   1.11574423337726     
          74          75  0.936540258488984     
          74          76  0.995924862366521     
          76          77  0.982971463609278     
          76          78  0.982220371817108     
          76          79  0.981493715394999     
          74          80  0.990979734685026     
          80          81  0.984072065423052     
          80          82  0.983275576385496     
          80          83  0.983322855414277     
           4          84  0.969190721216868     
          14          85  0.969448425526631     
          19          86  0.583295470414798     
          20          86  0.346714854079848     
          86          87   1.45630170004172     
          86          88   1.31450487112276     
          87          89   1.31363323741441     
          87          90  0.960035130163335     
          87          91  0.106581066911308     
          88          91   1.50489873546845     
          88          92  0.961794472010078     
          89          93   1.23582155866985     
          91          93   1.32175923398516     
          89          94   1.20737794683247     
          91          95  0.966286729863767     
          93          96   1.16507889249712     
          94          97   1.55999379332514     
          96          97   1.17746988240705     
          94          98   1.02790753254097     
          96          99  0.987121078716676     
          97         100  0.968594388033685     
          98         101  0.985453097250545     
          98         102  0.974649846822374     
          98         103  0.974138290733919     
          99         104  0.985738548791464     
         104         105  0.899122395123741     
         104         106  0.901365037662597     
         104         107  0.887633116919263     
         105         108  0.983063750658251     
         105         109  0.982720233582347     
         105         110  0.989494556257307     
         106         111  0.984304337169327     
         106         112  0.989440801325207     
         106         113  0.982779884409617     
         107         114  0.984714595024142     
         107         115  0.985370552347158     
         107         116  0.995232425134287     
