           1           2   1.43753279954770     
           2           3   1.41302000905072     
           3           4   1.02885691734884     
           1           5  0.109439909245970     
           3           5   1.40085569749110     
           2           6  0.107043166795747     
           5           6   1.45098600297762     
           1           7   1.41258052169809     
           6           7   1.40209794397851     
           7           8  0.942840420362367     
           1           9  0.967165075350979     
           2          10  0.966325924736161     
           4          11  0.984803210224477     
           4          12  0.969071289833900     
           4          13  0.969705500624627     
           5          14  0.967191204882181     
           6          15  0.967099012293768     
