   -0.13096119
    0.07613858
   -0.04358961
   -0.02151077
   -0.04386996
    0.05114916
    0.05051770
    0.05590838
    0.04478461
    0.07218516
   -0.14219962
    0.04323591
   -0.04537333
   -0.02510153
   -0.04533941
    0.04365984
    0.04876760
    0.07096359
   -0.14403123
    0.07747097
    0.41001824
   -0.40956027
    0.13107063
   -0.12066167
    0.05414425
    0.04507490
    0.05100443
   -0.10734304
    0.04767873
    0.04110595
    0.02510091
    0.13234929
   -0.41149367
   -0.12124626
    0.05225915
    0.04663701
    0.05003719
   -0.11858021
    0.04403708
    0.05374696
    0.04590120
    0.41014269
   -0.37892243
    0.13007735
   -0.13029542
    0.06372801
    0.05767660
    0.05178912
   -0.12047283
    0.04783762
    0.04757924
    0.04997138
    0.12972794
   -0.39254914
   -0.12084031
    0.04732415
    0.05057281
    0.04882451
   -0.12320790
    0.05310741
    0.05294245
    0.04853713
    0.40825267
   -0.36197633
    0.12621098
   -0.13312172
    0.05617140
    0.06473971
    0.05426481
   -0.13145374
    0.06706861
    0.05259238
    0.05253844
    0.12807560
   -0.38570715
   -0.12461883
    0.05297244
    0.05162554
    0.05666892
   -0.12161752
    0.03852092
    0.04989718
    0.05609368
    0.05239592
    0.04795314
   -0.02991456
   -0.02852468
    0.04370553
   -0.03995914
    0.02876749
   -0.03975345
   -0.13485732
   -0.04180529
    0.02977535
    0.05694973
    0.04043325
