           1           2   1.31153304085746     
           2           3   1.34557656238752     
           3           4   1.48592313188622     
           4           5   1.38087783018240     
           1           6   1.38982918996021     
           3           6  0.106082513740818     
           5           6   1.46049270002785     
           6           7  0.956805621406146     
           5           8  0.968495123711449     
           3           9  0.961846208071965     
           2          10   1.09602485716207     
          10          11   1.30089339235490     
          11          12   1.38085867620903     
          12          13   1.46276031869705     
          13          14   1.37999187054430     
          10          15   1.35090522986524     
          12          15  0.105123424456002     
          14          15   1.48056231954938     
          15          16  0.961772088924717     
          13          17  0.969182698417877     
          12          18  0.948082912770925     
           1          19  0.427440086645795     
          11          19  0.403228487207980     
          19          20  0.544762018432663     
          19          21  0.707844794349489     
          21          22   1.09770711840565     
          22          23  0.940834017442133     
          23          24  0.996544701884761     
          24          25  0.982499358745400     
          24          26  0.983486706803223     
          24          27  0.983225890365833     
          23          28  0.990376362062975     
          28          29  0.983930371284481     
          28          30  0.984068191267241     
          28          31  0.984761752624228     
          23          32  0.941231940076137     
          21          33   1.10291322901091     
          32          33  0.936995734897180     
          32          34  0.991284161741674     
          34          35  0.981047145435061     
          34          36  0.983472992682937     
          34          37  0.981395953275450     
          32          38  0.997221081736123     
          38          39  0.983349451942765     
          38          40  0.982288817299486     
          38          41  0.983523067443066     
          19          42  0.858348846473620     
          42          43   1.13095654696144     
          43          44  0.934549353440037     
          44          45  0.996242421825833     
          45          46  0.977010073714005     
          45          47  0.981352427067922     
          45          48  0.982514852470093     
          44          49  0.991325696647374     
          49          50  0.983117135746315     
          49          51  0.982690950364168     
          49          52  0.978796617845538     
          44          53  0.936852808001652     
          42          54   1.10082390648304     
          53          54  0.932156094757218     
          53          55  0.994741119642074     
          55          56  0.982889845020242     
          55          57  0.983034493635078     
          55          58  0.982893184028167     
          53          59  0.993362423745118     
          59          60  0.976985744159875     
          59          61  0.982380528976068     
          59          62  0.982915854967948     
          19          63  0.867856470575084     
          63          64   1.12230373539472     
          64          65  0.931287159703704     
          65          66  0.992086562513394     
          66          67  0.980310571051175     
          66          68  0.977176534582025     
          66          69  0.982048086632702     
          65          70  0.997081239447054     
          70          71  0.980943331055937     
          70          72  0.982991366992296     
          70          73  0.982124694167224     
          65          74  0.938731656638149     
          63          75   1.11117734965931     
          74          75  0.932438019676771     
          74          76  0.996646574765315     
          76          77  0.982373056567515     
          76          78  0.982385351153588     
          76          79  0.982036573043751     
          74          80  0.991377045813928     
          80          81  0.983491651656860     
          80          82  0.983228850427716     
          80          83  0.983046604307608     
           4          84  0.968783047039590     
          14          85  0.969139199174534     
          19          86  0.596119986742471     
          20          86  0.344574420079573     
          86          87   1.36190623129923     
          86          88   1.38990825047549     
          87          89   1.44793341363751     
          87          90  0.958405372760284     
          87          91  0.106179682367960     
          88          91   1.42195861191847     
          88          92  0.941165175328744     
          89          93   1.42279215312648     
          91          93   1.43449122270669     
          89          94  0.969301758981568     
          91          95  0.965711409945053     
          93          96  0.968301886622067     
