           1           2  0.970574129831047     
           1           3   1.40264951532856     
           3           4   1.43886534357766     
           4           5   1.43255045443857     
           3           6  0.108025709139180     
           5           6   1.43887429784225     
           1           7   1.37103596585712     
           6           7   1.40263564215734     
           7           8  0.970584054474814     
           3           9  0.962713383852345     
           4          10  0.964951822371706     
           5          11  0.964952730031829     
           6          12  0.962707381935733     
