   -0.12952823
    0.07477700
   -0.04560050
   -0.02096934
   -0.04335459
    0.04335193
    0.07756195
    0.05610629
    0.04645062
    0.07318160
   -0.13852323
    0.04332480
   -0.04323422
   -0.02327825
   -0.04630025
    0.04546502
    0.05071417
    0.08081931
   -0.14367368
    0.11270385
    0.39860800
   -0.40747602
    0.13002164
   -0.12284062
    0.05338199
    0.04564481
    0.05306938
   -0.10950144
    0.04705161
    0.04301480
    0.02592244
    0.13031992
   -0.40448894
   -0.12138131
    0.04601036
    0.04902921
    0.05130247
   -0.11952909
    0.04394678
    0.05422371
    0.04616755
    0.40235877
   -0.36726051
    0.12761049
   -0.12805357
    0.05425422
    0.06159764
    0.04924523
   -0.12591430
    0.04822331
    0.05408195
    0.05125299
    0.12788981
   -0.38500821
   -0.12431298
    0.05447962
    0.05252238
    0.04872244
   -0.11804161
    0.03541656
    0.05264485
    0.04877969
    0.40405600
   -0.37872647
    0.12484846
   -0.12968664
    0.05106049
    0.05539540
    0.05384899
   -0.12804655
    0.05752772
    0.05098895
    0.05230520
    0.12627298
   -0.36142550
   -0.12965551
    0.05296366
    0.05835779
    0.05981172
   -0.12090322
    0.04171336
    0.04831072
    0.05500428
    0.05176692
    0.04897049
   -0.05567659
   -0.03597705
    0.13564631
    0.05889562
    0.04073791
   -0.28076568
   -0.07447176
   -0.05071039
   -0.21661190
    0.08729228
    0.04409625
    0.05070828
   -0.12806636
    0.03489927
    0.02697910
    0.05384692
    0.06182418
    0.07961408
