           1           2   1.32754280596559     
           2           3   1.35200154435610     
           3           4   1.47774170071601     
           4           5   1.39296705089395     
           1           6   1.39819709687752     
           3           6  0.107034860400389     
           5           6   1.45154407866343     
           6           7  0.949290350912843     
           5           8  0.968450999600482     
           3           9  0.963312758110953     
           2          10   1.08084797243224     
          10          11   1.31752008557394     
          11          12   1.39122611474076     
          12          13   1.45298595588368     
          13          14   1.39285642411537     
          10          15   1.35708216840539     
          12          15  0.105819861706229     
          14          15   1.47203929857089     
          15          16  0.963280877626565     
          13          17  0.968992594627599     
          12          18  0.944062170229465     
           1          19  0.404054336380151     
          11          19  0.388338437518370     
          19          20  0.530167006274459     
          19          21  0.749319008852172     
          21          22   1.08919265273873     
          22          23  0.942895659113427     
          23          24  0.996416653705230     
          24          25  0.981358329836005     
          24          26  0.983572818328404     
          24          27  0.982890470536082     
          23          28  0.989992656400876     
          28          29  0.983977984811610     
          28          30  0.984029265110825     
          28          31  0.983441832260189     
          23          32  0.940225603097919     
          21          33   1.10781874069633     
          32          33  0.940175431599034     
          32          34  0.991122035593360     
          34          35  0.981724354821785     
          34          36  0.983183262633397     
          34          37  0.981411733664038     
          32          38  0.996537915511748     
          38          39  0.983162267104139     
          38          40  0.982735099163133     
          38          41  0.983714436027013     
          19          42  0.878658599094051     
          42          43   1.13780769866469     
          43          44  0.938469756278889     
          44          45  0.996855016699721     
          45          46  0.980716113244048     
          45          47  0.981739876803713     
          45          48  0.983193217208028     
          44          49  0.989891977594846     
          49          50  0.983751675446687     
          49          51  0.982573995848560     
          49          52  0.979562474960245     
          44          53  0.938683129848918     
          42          54   1.09576501513628     
          53          54  0.935048830013221     
          53          55  0.996034660748873     
          55          56  0.982296577536456     
          55          57  0.983044717082353     
          55          58  0.983100358170307     
          53          59  0.991361467289771     
          59          60  0.980080360187699     
          59          61  0.983161025473190     
          59          62  0.983171648106880     
          19          63  0.867723307382502     
          63          64   1.08994869125259     
          64          65  0.938467611936006     
          65          66  0.991553727627449     
          66          67  0.977897059971042     
          66          68  0.982406845771433     
          66          69  0.982923483135379     
          65          70  0.995434402927262     
          70          71  0.982232529575536     
          70          72  0.982963486356094     
          70          73  0.982536487479196     
          65          74  0.936711930025189     
          63          75   1.14646726160946     
          74          75  0.936801031743927     
          74          76  0.996116320527978     
          76          77  0.982911205062307     
          76          78  0.982151825278193     
          76          79  0.980975952090278     
          74          80  0.990266762904466     
          80          81  0.982906495445274     
          80          82  0.981141815671837     
          80          83  0.982532968736815     
           4          84  0.968646401104662     
          14          85  0.968853481783985     
          19          86  0.567455801687371     
          20          86  0.353548634979908     
          86          87   1.41793259999433     
          86          88   1.28371979079563     
          87          89   1.38139302845200     
          87          90  0.960535423666144     
          88          91   1.07027494031489     
          88          92   1.38629481467662     
          89          93   1.42716967386293     
          92          93   1.40634326440677     
          89          94  0.944054559100069     
          91          95  0.954955936375124     
          92          96  0.962421161399476     
          93          97  0.968539429330705     
          95          98   1.01354801468718     
          95          99  0.967483308945351     
          95         100  0.963572926321489     
          98         101  0.981955818298434     
          98         102  0.983340178853158     
          98         103  0.977699694494614     
