   -0.13084728
    0.07617127
   -0.04351144
   -0.02152023
   -0.04380274
    0.05121230
    0.05057389
    0.05593353
    0.04469402
    0.07231305
   -0.14214321
    0.04324485
   -0.04538638
   -0.02498429
   -0.04533560
    0.04367322
    0.04876987
    0.07089103
   -0.14433553
    0.07695006
    0.40993807
   -0.40988804
    0.13116676
   -0.12076351
    0.05437904
    0.04512682
    0.05093410
   -0.10717775
    0.04771880
    0.04092389
    0.02502863
    0.13243360
   -0.41157535
   -0.12114097
    0.05211017
    0.04663243
    0.04995955
   -0.11867854
    0.04423080
    0.05386585
    0.04585302
    0.41033159
   -0.37877064
    0.13010401
   -0.13042101
    0.06367670
    0.05776922
    0.05184765
   -0.12052298
    0.04782134
    0.04750881
    0.05010878
    0.12970094
   -0.39259937
   -0.12072316
    0.04716450
    0.05040894
    0.04884852
   -0.12328544
    0.05333762
    0.05292784
    0.04861395
    0.40808170
   -0.36106487
    0.12619012
   -0.13296606
    0.05602058
    0.06462907
    0.05415066
   -0.13159948
    0.06725584
    0.05261538
    0.05268673
    0.12817745
   -0.38649035
   -0.12467678
    0.05296369
    0.05167875
    0.05653876
   -0.12174113
    0.03841830
    0.05004545
    0.05613005
    0.05237726
    0.04807625
   -0.02985002
   -0.02862272
    0.04379621
   -0.04001014
    0.02861754
   -0.03975569
   -0.13438249
   -0.04177865
    0.02963134
    0.05696078
    0.04041091
