           1           2   1.31131947123377     
           2           3   1.34584100481865     
           3           4   1.48570318010631     
           4           5   1.38098979277853     
           1           6   1.38969712052473     
           3           6  0.106043947234378     
           5           6   1.46047304532119     
           6           7  0.956725937056053     
           5           8  0.968489242813088     
           3           9  0.961797847245594     
           2          10   1.09598564644830     
          10          11   1.30119031615274     
          11          12   1.38129307639825     
          12          13   1.46253286600191     
          13          14   1.38010691416663     
          10          15   1.35084912944281     
          12          15  0.105142695247136     
          14          15   1.48070918965935     
          15          16  0.961720000486505     
          13          17  0.969182912650921     
          12          18  0.948024804099978     
           1          19  0.427868491007310     
          11          19  0.403548549541871     
          19          20  0.544485360820255     
          19          21  0.708512526969371     
          21          22   1.09764392001341     
          22          23  0.940644102728976     
          23          24  0.996624774150045     
          24          25  0.982532761933988     
          24          26  0.983442861037029     
          24          27  0.983261883445559     
          23          28  0.990368466097700     
          28          29  0.983942928020504     
          28          30  0.984073269902183     
          28          31  0.984884749370932     
          23          32  0.941522389028243     
          21          33   1.10264772876620     
          32          33  0.936910573568080     
          32          34  0.991236152876261     
          34          35  0.981113199131320     
          34          36  0.983508272646146     
          34          37  0.981466503215851     
          32          38  0.997248930902857     
          38          39  0.983369883685557     
          38          40  0.982230094726680     
          38          41  0.983497490893343     
          19          42  0.858057325877985     
          42          43   1.13129429553952     
          43          44  0.934733121327573     
          44          45  0.996140820072743     
          45          46  0.976859977656196     
          45          47  0.981308590929680     
          45          48  0.982530314796026     
          44          49  0.991330162010968     
          49          50  0.983091421404070     
          49          51  0.982713001886694     
          49          52  0.978744697600295     
          44          53  0.936764257087839     
          42          54   1.10092075147784     
          53          54  0.932061867675587     
          53          55  0.994709146649488     
          55          56  0.982907217876185     
          55          57  0.983036219845819     
          55          58  0.982862774163435     
          53          59  0.993425190318840     
          59          60  0.976978257004015     
          59          61  0.982396212603997     
          59          62  0.982906869470900     
          19          63  0.867964387478348     
          63          64   1.12302468972268     
          64          65  0.931104455650286     
          65          66  0.992069876233598     
          66          67  0.980266266283622     
          66          68  0.977314571766101     
          66          69  0.982087583205695     
          65          70  0.997070412471413     
          70          71  0.980892335094467     
          70          72  0.983006730559838     
          70          73  0.982105839292576     
          65          74  0.938839903572483     
          63          75   1.10971210006292     
          74          75  0.932656062624098     
          74          76  0.996684835390449     
          76          77  0.982372486526802     
          76          78  0.982439870916230     
          76          79  0.982019795513817     
          74          80  0.991352996598216     
          80          81  0.983447479058114     
          80          82  0.983227298786532     
          80          83  0.983042288485975     
           4          84  0.968790650860730     
          14          85  0.969127788257867     
          19          86  0.596491139188530     
          20          86  0.344588994624956     
          86          87   1.36191472188048     
          86          88   1.38994441145419     
          87          89   1.44795336464732     
          87          90  0.958429554668481     
          87          91  0.106185286559047     
          88          91   1.42178046208530     
          88          92  0.941462682856639     
          89          93   1.42277996054137     
          91          93   1.43451680865841     
          89          94  0.969312695869799     
          91          95  0.965709960601585     
          93          96  0.968303228674627     
