   -0.12204924
    0.07726601
   -0.04297830
   -0.02305556
   -0.04419656
    0.04832728
    0.05723670
    0.05380379
    0.04350404
    0.07332293
   -0.12257422
    0.04147148
   -0.04556407
   -0.02463023
   -0.04597322
    0.04387939
    0.05017374
    0.07772917
   -0.15914702
    0.08683526
    0.40119875
   -0.41021452
    0.13080963
   -0.12098639
    0.05413234
    0.04442164
    0.04973317
   -0.10838350
    0.04680043
    0.04045668
    0.02740557
    0.13142192
   -0.40847086
   -0.11858125
    0.04736675
    0.04691893
    0.04734854
   -0.11994888
    0.04577757
    0.05435388
    0.04487442
    0.40594496
   -0.37142761
    0.12781683
   -0.12879854
    0.06082320
    0.05632824
    0.04788961
   -0.12223122
    0.04741489
    0.04616577
    0.05055644
    0.12790659
   -0.38594408
   -0.12354056
    0.04966854
    0.05294850
    0.04779651
   -0.12607193
    0.05570506
    0.04888334
    0.04809422
    0.40183316
   -0.36613081
    0.12627347
   -0.12578844
    0.04923551
    0.05587032
    0.05161270
   -0.13350627
    0.06484010
    0.05256371
    0.05558685
    0.12713035
   -0.39202703
   -0.12509335
    0.05097618
    0.05282397
    0.05352345
   -0.12406488
    0.03926622
    0.05104323
    0.05541540
    0.05013771
    0.04830995
   -0.03840184
   -0.07839099
    0.13288903
   -0.08266889
    0.00626368
   -0.05636943
   -0.33838862
    0.01789583
    0.03626228
    0.56634964
   -0.22144905
   -0.22247275
   -0.21742869
    0.03597054
    0.04696848
    0.05223034
    0.04164375
    0.04360896
    0.04543250
    0.03579655
    0.04490359
    0.06377865
