           1           2   1.31156019462668     
           2           3   1.34988647745588     
           3           4   1.48215133048902     
           4           5   1.38340497669705     
           1           6   1.39057010333461     
           3           6  0.106011070652984     
           5           6   1.45877808306358     
           6           7  0.955470652906583     
           5           8  0.968748913502210     
           3           9  0.961976467438388     
           2          10   1.09123341581786     
          10          11   1.30775616851762     
          11          12   1.38858601022492     
          12          13   1.45605609836144     
          13          14   1.38545303313091     
          10          15   1.35214027354833     
          12          15  0.105525552061347     
          14          15   1.47919539454173     
          15          16  0.961848338110317     
          13          17  0.969066671868093     
          12          18  0.946313147452496     
           1          19  0.434957085160428     
          11          19  0.435165086668485     
          19          20  0.544510916585540     
          19          21  0.730952608722764     
          21          22   1.08972041229310     
          22          23  0.944074684759167     
          23          24  0.996355153343898     
          24          25  0.982530158791999     
          24          26  0.983754883176303     
          24          27  0.983443317024084     
          23          28  0.989715007711391     
          28          29  0.984119633894836     
          28          30  0.984122715775117     
          28          31  0.985577557713112     
          23          32  0.941364718842986     
          21          33   1.10437086929966     
          32          33  0.940335749699582     
          32          34  0.990486935434559     
          34          35  0.982233565338120     
          34          36  0.983907146104662     
          34          37  0.983234413099537     
          32          38  0.996846214259662     
          38          39  0.983414272882175     
          38          40  0.982296110127442     
          38          41  0.983685535611244     
          19          42  0.860998624382509     
          42          43   1.13655960280514     
          43          44  0.939002967312792     
          44          45  0.995849225655808     
          45          46  0.978995967803371     
          45          47  0.981937990298172     
          45          48  0.983498662298152     
          44          49  0.990251949065848     
          49          50  0.983566793681640     
          49          51  0.983085473457393     
          49          52  0.980129450064397     
          44          53  0.938116463857297     
          42          54   1.09991882270868     
          53          54  0.934857526301466     
          53          55  0.996032352134052     
          55          56  0.982997704727174     
          55          57  0.982943542288109     
          55          58  0.983289929417523     
          53          59  0.991621224706963     
          59          60  0.979109231671289     
          59          61  0.983391667631154     
          59          62  0.983231009740303     
          19          63  0.862724107975334     
          63          64   1.12562063281428     
          64          65  0.935658288812373     
          65          66  0.991012283157361     
          66          67  0.982518937019921     
          66          68  0.977154019405229     
          66          69  0.982732482246475     
          65          70  0.996983977079523     
          70          71  0.979703178816795     
          70          72  0.982893978781145     
          70          73  0.980771524169343     
          65          74  0.939772552616675     
          63          75   1.08744275054140     
          74          75  0.937829288661383     
          74          76  0.996692486510761     
          76          77  0.982900819329877     
          76          78  0.982868909377529     
          76          79  0.981418019605313     
          74          80  0.989970586256012     
          80          81  0.983304048812728     
          80          82  0.983053581686437     
          80          83  0.983174484724161     
           4          84  0.969037995856789     
          14          85  0.969069530020725     
          19          86  0.594568977355042     
          20          86  0.330457200235882     
          86          87   1.45410743314269     
          86          88   1.21697240576570     
          87          89   1.34242076924004     
          87          90  0.971023784127580     
          86          91  0.115149484072904     
          88          91   1.21213151013117     
          89          91   1.51251754536675     
          88          92  0.991492480504601     
          89          93  0.973472721629747     
          91          94  0.969635847729239     
          92          95  0.965131645893379     
          95          96  0.895427768642679     
          95          97  0.895893237648662     
          95          98  0.887617433954625     
          96          99  0.984297031402093     
          96         100  0.990086581947400     
          96         101  0.979243347870891     
          97         102  0.983261959708889     
          97         103  0.982963780545183     
          97         104  0.988709275525402     
          98         105  0.993430218967367     
          98         106  0.983946620685804     
          98         107  0.977284724964627     
