   -0.11299186
    0.07993551
   -0.04287387
   -0.02314242
   -0.04448557
    0.04523344
    0.05909392
    0.05385730
    0.04776866
    0.07861985
   -0.10775152
    0.04441226
   -0.04413883
   -0.02354215
   -0.04413258
    0.04593828
    0.04906131
    0.07067289
   -0.16564238
    0.05997818
    0.39944879
   -0.40930030
    0.13053654
   -0.12144306
    0.05300965
    0.04507260
    0.05085380
   -0.11061927
    0.04750332
    0.04130992
    0.03184123
    0.13062924
   -0.40495320
   -0.11798312
    0.04582300
    0.04784150
    0.04740342
   -0.11955348
    0.04659128
    0.05386451
    0.04548572
    0.39753771
   -0.37675225
    0.12717108
   -0.12676716
    0.05412289
    0.05761604
    0.04918364
   -0.12442536
    0.04878377
    0.05153868
    0.05049554
    0.12850788
   -0.39029523
   -0.12278591
    0.05153939
    0.05300409
    0.04880183
   -0.12024890
    0.04020009
    0.05223774
    0.04804722
    0.39970992
   -0.37931282
    0.12681123
   -0.12370611
    0.04708837
    0.05529005
    0.05156896
   -0.13052988
    0.06091514
    0.05112675
    0.05666425
    0.12789320
   -0.38656817
   -0.12554031
    0.05104564
    0.05473333
    0.05410936
   -0.12370510
    0.04146536
    0.05120133
    0.05473776
    0.05179907
    0.04899784
    0.04852632
   -0.25809906
    0.02347149
    0.03365474
   -0.09571708
   -0.00841022
   -0.06444288
    0.01427023
    0.00442512
    0.21409231
   -0.08596086
    0.02392352
    0.04760570
    0.03012018
