           1           2   1.31326899417056     
           2           3   1.34980411504430     
           3           4   1.48273392916962     
           4           5   1.38306161618732     
           1           6   1.38811259162598     
           3           6  0.106407861041882     
           5           6   1.46014185686821     
           6           7  0.954410436324071     
           5           8  0.968674066039291     
           3           9  0.961290488615673     
           2          10   1.08919410559604     
          10          11   1.31140133210112     
          11          12   1.39401521924927     
          12          13   1.45272955178312     
          13          14   1.38916403159331     
          10          15   1.35284812782899     
          12          15  0.105824621864468     
          14          15   1.47827228562240     
          15          16  0.961428266114304     
          13          17  0.969211470024708     
          12          18  0.948075683912707     
           1          19  0.454904147791762     
          11          19  0.441179627078641     
          19          20  0.525003315740595     
          19          21  0.719964132404652     
          21          22   1.09138629689757     
          22          23  0.943027346664036     
          23          24  0.996483659055163     
          24          25  0.982701689792891     
          24          26  0.983619100469184     
          24          27  0.983281944199698     
          23          28  0.989990869946131     
          28          29  0.983960326452798     
          28          30  0.983969918451043     
          28          31  0.985183792089957     
          23          32  0.940935425528073     
          21          33   1.10933700727324     
          32          33  0.940482793558320     
          32          34  0.990562410841413     
          34          35  0.983634404462068     
          34          36  0.983708502823544     
          34          37  0.983164017441550     
          32          38  0.996545810994643     
          38          39  0.983114860603141     
          38          40  0.982507792164962     
          38          41  0.983653620713750     
          19          42  0.859387154785197     
          42          43   1.11979922294677     
          43          44  0.938699033717084     
          44          45  0.996278843498461     
          45          46  0.980681089152556     
          45          47  0.981923109059669     
          45          48  0.983475392646624     
          44          49  0.990640514247457     
          49          50  0.983244324524732     
          49          51  0.981778484464281     
          49          52  0.981020932688583     
          44          53  0.938970277688150     
          42          54   1.09965701479367     
          53          54  0.935813860454266     
          53          55  0.996457005507581     
          55          56  0.982666215941796     
          55          57  0.982903440388808     
          55          58  0.983142587138348     
          53          59  0.991231893262624     
          59          60  0.982946367567876     
          59          61  0.983158303086638     
          59          62  0.983194980519726     
          19          63  0.876088318536636     
          63          64   1.09786396448248     
          64          65  0.934816514380647     
          65          66  0.991477814743545     
          66          67  0.982380529563920     
          66          68  0.981698465628098     
          66          69  0.983318033146538     
          65          70  0.997042844716377     
          70          71  0.982025597692628     
          70          72  0.983034044011665     
          70          73  0.982046948489691     
          65          74  0.940248311592372     
          63          75   1.10950971141191     
          74          75  0.934993485610634     
          74          76  0.996929311151767     
          76          77  0.982950708718954     
          76          78  0.982712612857461     
          76          79  0.981619430192938     
          74          80  0.990857496989551     
          80          81  0.983551870098019     
          80          82  0.982908982578465     
          80          83  0.982888661849925     
           4          84  0.968829221562442     
          14          85  0.968928706511398     
          19          86  0.596346461244541     
          20          86  0.325637673455952     
          86          87   1.45645762395141     
          86          88   1.27126862735458     
          87          89   1.32900772149856     
          88          90   1.19775874978948     
          88          91   1.23668469620865     
          89          92   1.51708608935434     
          91          92   1.29537091032298     
          89          93  0.964142094495496     
          90          94   1.24498047438983     
          90          95  0.902621275595184     
          91          96   1.25267893945275     
          94          96   1.56698653636809     
          92          97  0.968169362926741     
          94          98  0.968274911441185     
          96          99  0.973622635477612     
