   -0.12151600
    0.07748474
   -0.04210100
   -0.01997276
   -0.04121004
    0.04859068
    0.05765940
    0.06222328
    0.05277276
    0.07384599
   -0.13214250
    0.04193248
   -0.04288396
   -0.02279753
   -0.04482800
    0.05281648
    0.05592814
    0.07634287
   -0.14212939
    0.09895826
    0.40598522
   -0.40139342
    0.12918968
   -0.12384594
    0.05570611
    0.04712747
    0.05404717
   -0.11172211
    0.05034508
    0.04461819
    0.02764288
    0.13071271
   -0.40307681
   -0.12381030
    0.05416807
    0.04824789
    0.05089725
   -0.12121132
    0.04684446
    0.05431952
    0.04782405
    0.40621587
   -0.37828360
    0.12904194
   -0.12594150
    0.05550296
    0.05548297
    0.05171585
   -0.12204032
    0.05036410
    0.05022622
    0.05193362
    0.12809910
   -0.38939100
   -0.12379129
    0.05197567
    0.05283617
    0.05030000
   -0.12385765
    0.04996720
    0.05237234
    0.04913835
    0.40375547
   -0.37885607
    0.12589203
   -0.12953150
    0.05679272
    0.05374632
    0.05225107
   -0.13002719
    0.06131173
    0.05229222
    0.05367105
    0.12663960
   -0.37468912
   -0.12610150
    0.05257252
    0.05531729
    0.05725011
   -0.12433996
    0.04207227
    0.05218727
    0.05668866
    0.05924828
    0.05593614
   -0.06178850
   -0.01649591
    0.16776535
   -0.07637465
    0.06044797
   -0.25517459
   -0.12524297
    0.24239806
    0.07373597
   -0.23680689
