           1           2   1.31933163773146     
           2           3   1.35384372188050     
           3           4   1.47765767115619     
           4           5   1.39104335985401     
           1           6   1.39262857181251     
           3           6  0.105600174256901     
           5           6   1.45431263797940     
           6           7  0.956401481055589     
           5           8  0.967665850437516     
           3           9  0.961097486186887     
           2          10   1.08498192306315     
          10          11   1.31062616109451     
          11          12   1.39000637108719     
          12          13   1.45255328621759     
          13          14   1.39289635971677     
          10          15   1.35869812179989     
          12          15  0.104725728791043     
          14          15   1.47272892522231     
          15          16  0.960950244879076     
          13          17  0.968390030427807     
          12          18  0.946993185143557     
           1          19  0.428429550063812     
          11          19  0.411303246173791     
          19          20  0.544861958253382     
          19          21  0.743152637122618     
          21          22   1.10398959096363     
          22          23  0.938582730929693     
          23          24  0.996903558047936     
          24          25  0.982343881182910     
          24          26  0.983241878448896     
          24          27  0.982856932636224     
          23          28  0.990576328851370     
          28          29  0.983735403314687     
          28          30  0.983786579639606     
          28          31  0.984866682860453     
          23          32  0.941236540414179     
          21          33   1.11353922792214     
          32          33  0.935460978885642     
          32          34  0.991290498792066     
          34          35  0.980833360826564     
          34          36  0.983268905734750     
          34          37  0.981464370953841     
          32          38  0.997465543622029     
          38          39  0.983025771144077     
          38          40  0.982445456325701     
          38          41  0.983390585210709     
          19          42  0.841385365664827     
          42          43   1.13732398128136     
          43          44  0.934084760515108     
          44          45  0.996073391794165     
          45          46  0.981331255398993     
          45          47  0.981541684368931     
          45          48  0.982554636608138     
          44          49  0.991725042662688     
          49          50  0.982905943419004     
          49          51  0.982514406991422     
          49          52  0.979997274686170     
          44          53  0.936751281548819     
          42          54   1.10309066951857     
          53          54  0.931331458927218     
          53          55  0.995204294413498     
          55          56  0.982510640040893     
          55          57  0.982770185454496     
          55          58  0.982706808888426     
          53          59  0.993341243370382     
          59          60  0.979828474626273     
          59          61  0.982439915334079     
          59          62  0.982798302217358     
          19          63  0.849061760747177     
          63          64   1.11534636367505     
          64          65  0.934164795117057     
          65          66  0.991668903472301     
          66          67  0.978872831748650     
          66          68  0.982075347964003     
          66          69  0.982743029583282     
          65          70  0.996863165359015     
          70          71  0.981856477165445     
          70          72  0.983136049525059     
          70          73  0.982104969980938     
          65          74  0.938215494926117     
          63          75   1.12753161556811     
          74          75  0.932384946179616     
          74          76  0.996321504138943     
          76          77  0.982598241002683     
          76          78  0.982052215721174     
          76          79  0.981841855340821     
          74          80  0.991649846543569     
          80          81  0.983951551244689     
          80          82  0.982901205055649     
          80          83  0.982954297781769     
           4          84  0.968037808989331     
          14          85  0.968279749807683     
          19          86  0.580086535025911     
          20          86  0.342514787464199     
          86          87   1.37575053340355     
          86          88   1.33100836640212     
          87          89   1.43325119697430     
          87          90  0.960542598177702     
          88          91   1.40156071501034     
          88          92  0.985735351547903     
          89          93   1.37998396704668     
          91          93   1.39175763566920     
          89          94  0.963442413713631     
          93          95  0.941629886453150     
