   -0.13133345
    0.07783792
   -0.04195024
   -0.02020848
   -0.04168320
    0.05147513
    0.05430949
    0.05982253
    0.04674399
    0.07417016
   -0.13978855
    0.04433125
   -0.04439224
   -0.02314355
   -0.04556963
    0.04821575
    0.05152269
    0.07073136
   -0.13712763
    0.08451385
    0.40772195
   -0.40911031
    0.13082764
   -0.12232630
    0.05589309
    0.04630598
    0.05167138
   -0.10746626
    0.04875245
    0.04103532
    0.02405262
    0.13195005
   -0.40805675
   -0.12119651
    0.04947864
    0.04826818
    0.05211565
   -0.11916891
    0.04454452
    0.05421617
    0.04671564
    0.41354468
   -0.37464008
    0.12916662
   -0.13361400
    0.06456345
    0.05862049
    0.05528444
   -0.12155502
    0.04999592
    0.05094354
    0.04987761
    0.12927583
   -0.39345074
   -0.12062509
    0.04623852
    0.04913862
    0.05036784
   -0.12673987
    0.05913070
    0.05341537
    0.04913288
    0.40458574
   -0.36878011
    0.12559436
   -0.13655148
    0.05814005
    0.06510094
    0.05520072
   -0.13200438
    0.06664924
    0.05296000
    0.05253627
    0.12669763
   -0.38212616
   -0.12628910
    0.05342654
    0.05272783
    0.05791855
   -0.12344431
    0.03899351
    0.05177418
    0.05643892
    0.05585705
    0.05244028
   -0.04176520
   -0.05750700
    0.06407798
    0.10332469
    0.04074064
   -0.05741061
   -0.14884820
    0.05143493
   -0.26066465
    0.08143132
   -0.30888332
    0.22921562
   -0.14724962
    0.08978443
    0.08818389
    0.09351577
