           1           2   1.31839967393922     
           2           3   1.35162175035897     
           3           4   1.47942365292299     
           4           5   1.38861883863598     
           1           6   1.39238434899583     
           3           6  0.105752362255777     
           5           6   1.45555891207536     
           6           7  0.956810390723432     
           5           8  0.968012939363642     
           3           9  0.961990461906215     
           2          10   1.08763478652804     
          10          11   1.30912057702592     
          11          12   1.38805917006633     
          12          13   1.45660455161220     
          13          14   1.38718185578076     
          10          15   1.35493989082818     
          12          15  0.105310532815202     
          14          15   1.47697354239473     
          15          16  0.961782971748777     
          13          17  0.968900563029625     
          12          18  0.948220941827115     
           1          19  0.411483050192586     
          11          19  0.400139176602542     
          19          20  0.543168260234129     
          19          21  0.727693723843664     
          21          22   1.09696137372072     
          22          23  0.940083600678299     
          23          24  0.996932966236239     
          24          25  0.982329938672864     
          24          26  0.983367289425013     
          24          27  0.983178682210436     
          23          28  0.990090329723587     
          28          29  0.983886665520590     
          28          30  0.983933657405042     
          28          31  0.985087807273852     
          23          32  0.941834578018074     
          21          33   1.10713284232303     
          32          33  0.936901493310791     
          32          34  0.991157162920544     
          34          35  0.982796526099172     
          34          36  0.983503570384705     
          34          37  0.981212866047386     
          32          38  0.997231284310472     
          38          39  0.983388708886187     
          38          40  0.982177184118767     
          38          41  0.983440856390728     
          19          42  0.847371365704568     
          42          43   1.14481427020736     
          43          44  0.932825142015342     
          44          45  0.995237443307513     
          45          46  0.978171503325682     
          45          47  0.980983532184018     
          45          48  0.981976754011033     
          44          49  0.992549235056210     
          49          50  0.982756613390676     
          49          51  0.982456567010215     
          49          52  0.979490684251872     
          44          53  0.935670505579868     
          42          54   1.09775699624425     
          53          54  0.931043546784438     
          53          55  0.994234219676662     
          55          56  0.982915843337546     
          55          57  0.983093787531623     
          55          58  0.982587260454668     
          53          59  0.994304055896931     
          59          60  0.977934807392290     
          59          61  0.982154377788993     
          59          62  0.982844670996345     
          19          63  0.862020314446982     
          63          64   1.12677593506352     
          64          65  0.930899764570693     
          65          66  0.992077517817381     
          66          67  0.978936284238427     
          66          68  0.979315507794406     
          66          69  0.982336699968316     
          65          70  0.997304519485836     
          70          71  0.981145163287105     
          70          72  0.982946617149525     
          70          73  0.982211591017654     
          65          74  0.938741177652231     
          63          75   1.11558032654550     
          74          75  0.932456859240744     
          74          76  0.996426018453405     
          76          77  0.982628100230100     
          76          78  0.982709873242987     
          76          79  0.981855410989626     
          74          80  0.991407995657489     
          80          81  0.983791204249390     
          80          82  0.983104027220590     
          80          83  0.983057004860334     
           4          84  0.968394690684045     
          14          85  0.968677780335669     
          19          86  0.593457318934591     
          20          86  0.345268555897408     
          86          87   1.38853710756759     
          86          88   1.33437540121527     
          87          89   1.37725290347377     
          87          90  0.958470683195131     
          87          91  0.104936882298016     
          88          91   1.45885735958915     
          88          92  0.959526559150526     
          89          93   1.27050934467255     
          91          93   1.33772852046837     
          89          94   1.05043058900858     
          91          95  0.961036620006338     
          93          96   1.16849977245005     
          94          96  0.103894142343360     
          94          97   1.07450679969397     
          96          97   1.63081996622905     
          97          98   1.03604195979079     
          98          99  0.957645058025673     
          98         100  0.959870877251672     
          98         101  0.977090454648790     
