   -0.11873257
    0.07990893
   -0.04077429
   -0.01990150
   -0.04061245
    0.05027060
    0.05300184
    0.06034979
    0.05264022
    0.07561933
   -0.11824129
    0.04403605
   -0.04178558
   -0.02117214
   -0.04406155
    0.05366367
    0.05815080
    0.08015939
   -0.15392701
    0.09810943
    0.40441648
   -0.40539084
    0.12974295
   -0.12222910
    0.05367236
    0.04644209
    0.05286020
   -0.11144317
    0.04976802
    0.04424387
    0.02854229
    0.13092520
   -0.40373074
   -0.12171887
    0.05208061
    0.04712350
    0.04921379
   -0.12086297
    0.04787028
    0.05346531
    0.04694015
    0.41110867
   -0.38617215
    0.13071108
   -0.12161942
    0.05313504
    0.05237256
    0.04955433
   -0.12062509
    0.04934649
    0.04633470
    0.05173735
    0.12854701
   -0.38376555
   -0.12444596
    0.05284990
    0.05537274
    0.04864812
   -0.12262397
    0.04782630
    0.05008868
    0.05157102
    0.40756173
   -0.38322799
    0.12729819
   -0.12303017
    0.05432759
    0.04969069
    0.04883967
   -0.12780943
    0.05934038
    0.05092459
    0.05253391
    0.12745853
   -0.38106885
   -0.12369150
    0.05122804
    0.05463342
    0.05437668
   -0.12242687
    0.04077364
    0.05095718
    0.05566146
    0.05861673
    0.05729406
   -0.04391979
   -0.05705362
    0.06574836
   -0.03693555
   -0.06134714
   -0.20150646
    0.05831725
    0.05785032
