           1           2   1.32090340011873     
           2           3   1.35678349884420     
           3           4   1.47502143460858     
           4           5   1.39307913792426     
           1           6   1.39241645614972     
           3           6  0.105564585880034     
           5           6   1.45359221122390     
           6           7  0.957176960887267     
           5           8  0.967907788851997     
           3           9  0.961510640245666     
           2          10   1.08165743491461     
          10          11   1.31584866346506     
          11          12   1.39224331119288     
          12          13   1.44904546938265     
          13          14   1.39717318517149     
          10          15   1.36065090095523     
          12          15  0.105002552356636     
          14          15   1.47086731289171     
          15          16  0.961315520424539     
          13          17  0.968126000043291     
          12          18  0.945947970912727     
           1          19  0.427173919176673     
          11          19  0.430125806813619     
          19          20  0.567794507857556     
          19          21  0.746011436358893     
          21          22   1.09915242197346     
          22          23  0.940287489072042     
          23          24  0.996645876606804     
          24          25  0.982614983348051     
          24          26  0.983396191881866     
          24          27  0.982986537014937     
          23          28  0.990385493810601     
          28          29  0.983816900231367     
          28          30  0.983782921692672     
          28          31  0.985354401922462     
          23          32  0.941106191578023     
          21          33   1.11227990845738     
          32          33  0.936716371725881     
          32          34  0.991098419969243     
          34          35  0.980918767188579     
          34          36  0.983376111790908     
          34          37  0.981848042784332     
          32          38  0.997216381873750     
          38          39  0.983027027993411     
          38          40  0.982653282709996     
          38          41  0.983519953314026     
          19          42  0.854173411758414     
          42          43   1.12357894260630     
          43          44  0.934493970443934     
          44          45  0.996379092887681     
          45          46  0.981964925008605     
          45          47  0.981961878901843     
          45          48  0.982993045226946     
          44          49  0.991214144874911     
          49          50  0.983215931387882     
          49          51  0.982828041424274     
          49          52  0.979890144716095     
          44          53  0.938126392348914     
          42          54   1.10810337174800     
          53          54  0.932367009534666     
          53          55  0.995647556637058     
          55          56  0.982514818055295     
          55          57  0.982598943026966     
          55          58  0.983041454411317     
          53          59  0.992416428281291     
          59          60  0.980063127384734     
          59          61  0.982995774371352     
          59          62  0.982778160330472     
          19          63  0.847774640853007     
          63          64   1.10716993203233     
          64          65  0.936715745186635     
          65          66  0.991344756276732     
          66          67  0.979095840583200     
          66          68  0.982768374207402     
          66          69  0.983157056419206     
          65          70  0.996392042672192     
          70          71  0.982138002174178     
          70          72  0.983387611378165     
          70          73  0.982258281468103     
          65          74  0.938166042587218     
          63          75   1.11885463052758     
          74          75  0.934484910562527     
          74          76  0.996052225338711     
          76          77  0.982796225746861     
          76          78  0.982057773953705     
          76          79  0.982083983596176     
          74          80  0.991352048106235     
          80          81  0.983997158383840     
          80          82  0.983040528293638     
          80          83  0.983109650297446     
           4          84  0.968101647066097     
          14          85  0.968074182356317     
          19          86  0.587732228858047     
          20          86  0.324842363288948     
          86          87   1.14195537539196     
          86          88   1.52793004753149     
          86          89  0.105097182138450     
          87          89   1.16474567578867     
          88          90   1.24156353335931     
          89          90   1.62799702996856     
          88          91  0.940453656534355     
          89          92  0.968678387252095     
          90          93  0.961728579571844     
