   -0.12960039
    0.07571327
   -0.04352945
   -0.02169619
   -0.04373401
    0.05070887
    0.05023825
    0.05549848
    0.04535865
    0.07200235
   -0.13780991
    0.04336276
   -0.04530323
   -0.02524674
   -0.04537984
    0.04411180
    0.04939843
    0.07163151
   -0.14115150
    0.07853035
    0.40860460
   -0.41048628
    0.13099873
   -0.12088352
    0.05383758
    0.04478437
    0.05139662
   -0.10725470
    0.04742008
    0.04113066
    0.02511782
    0.13241448
   -0.41182901
   -0.12005059
    0.05027347
    0.04624416
    0.05001085
   -0.11835923
    0.04439782
    0.05305941
    0.04563798
    0.41265357
   -0.38099613
    0.13017901
   -0.13016312
    0.06361360
    0.05566510
    0.05225782
   -0.11955591
    0.04817680
    0.04777870
    0.04858518
    0.12948616
   -0.39195341
   -0.12095270
    0.04633782
    0.05102778
    0.04853670
   -0.12531817
    0.05661662
    0.05156290
    0.05027439
    0.40871873
   -0.37175899
    0.12659674
   -0.13268912
    0.05649703
    0.06345345
    0.05217060
   -0.13027215
    0.06545475
    0.05117107
    0.05164632
    0.12778057
   -0.38664802
   -0.12421052
    0.05193823
    0.05140439
    0.05642332
   -0.12133686
    0.03836474
    0.04961747
    0.05507999
    0.05245439
    0.04820421
   -0.03276027
   -0.03856395
    0.06549772
    0.00700996
    0.02961470
   -0.04425259
   -0.17621385
   -0.06735600
   -0.04909351
    0.06044483
   -0.00437437
    0.03397193
    0.04320882
    0.04301864
   -0.11085016
   -0.11195173
    0.02339981
    0.04030636
    0.03502760
    0.03757388
    0.04032312
    0.03981151
    0.03276578
