           1           2   1.31014319563654     
           2           3   1.34546219008554     
           3           4   1.48611911195402     
           4           5   1.38017609955207     
           1           6   1.38888313575695     
           3           6  0.106118562365897     
           5           6   1.46122051975453     
           6           7  0.957138238955743     
           5           8  0.968534304102391     
           3           9  0.961880195249178     
           2          10   1.09638185259145     
          10          11   1.29985129789817     
          11          12   1.37999067531561     
          12          13   1.46320607562470     
          13          14   1.37932994774220     
          10          15   1.35014287744791     
          12          15  0.105209698711790     
          14          15   1.48116267244127     
          15          16  0.961823336686815     
          13          17  0.969115965183825     
          12          18  0.948145278983722     
           1          19  0.432139592258815     
          11          19  0.411696912112704     
          19          20  0.546148512325439     
          19          21  0.705401164107100     
          21          22   1.09645865153665     
          22          23  0.940908952797273     
          23          24  0.996716340643126     
          24          25  0.982596669912571     
          24          26  0.983491961094212     
          24          27  0.983207138679153     
          23          28  0.990249749644225     
          28          29  0.984009607297535     
          28          30  0.984088450580519     
          28          31  0.984625706318237     
          23          32  0.941591284178743     
          21          33   1.10260201949183     
          32          33  0.937808579332447     
          32          34  0.991151009073992     
          34          35  0.982030995593133     
          34          36  0.983574741951553     
          34          37  0.981315522795795     
          32          38  0.997142027455359     
          38          39  0.983281366533275     
          38          40  0.982430766455905     
          38          41  0.983606914176825     
          19          42  0.849709766590198     
          42          43   1.13312878618272     
          43          44  0.934994036039685     
          44          45  0.995488875716882     
          45          46  0.978706329976812     
          45          47  0.981409624174416     
          45          48  0.982465431156406     
          44          49  0.991894295695963     
          49          50  0.983089181890516     
          49          51  0.982742059160328     
          49          52  0.979565516287038     
          44          53  0.936258291332948     
          42          54   1.09885043019818     
          53          54  0.933019694114654     
          53          55  0.994493168487428     
          55          56  0.982935822369209     
          55          57  0.982981518112434     
          55          58  0.982914057897701     
          53          59  0.993474296394544     
          59          60  0.978114504265204     
          59          61  0.982534033313371     
          59          62  0.982822209035009     
          19          63  0.863537860141556     
          63          64   1.12178979225518     
          64          65  0.932968879872288     
          65          66  0.991971900658603     
          66          67  0.979263083643260     
          66          68  0.979690870997205     
          66          69  0.982643394554768     
          65          70  0.997081143744754     
          70          71  0.981332487671934     
          70          72  0.983202602341292     
          70          73  0.982303321526661     
          65          74  0.938758327597064     
          63          75   1.11073436162772     
          74          75  0.933851913534095     
          74          76  0.996431886010081     
          76          77  0.982727900769266     
          76          78  0.982664653725006     
          76          79  0.982078976177120     
          74          80  0.991256521417418     
          80          81  0.983895087297136     
          80          82  0.983298516185813     
          80          83  0.983218894842134     
           4          84  0.968794733347821     
          14          85  0.969128112853885     
          19          86  0.599052647998509     
          20          86  0.339897329893589     
          86          87   1.37635425441694     
          86          88   1.37119350158636     
          87          89   1.41250776585388     
          87          90  0.956526527591979     
          87          91  0.104036048867749     
          88          91   1.41250076868486     
          88          92  0.949806508251854     
          89          93   1.01165393868202     
          89          94   1.39733792724313     
          91          94   1.43712461056970     
          91          95  0.965074002847785     
          93          96  0.977925721849803     
          93          97  0.968083679257946     
          93          98  0.973891148302144     
          94          99  0.966328290424576     
          96         100   1.01050748400868     
          96         101   1.00835316772936     
          96         102  0.968717948065747     
         100         103  0.986191864239692     
         100         104  0.985177867590785     
         100         105  0.986199506587816     
         101         106  0.986521886956995     
         101         107  0.985659788974983     
         101         108  0.986801901951014     
