   -0.13021379
    0.07515247
   -0.04545458
   -0.02166622
   -0.04468635
    0.04676926
    0.06168259
    0.05728946
    0.04766389
    0.07108712
   -0.13683833
    0.04248220
   -0.04472644
   -0.02563598
   -0.04612261
    0.04596306
    0.05057956
    0.07664777
   -0.14633226
    0.09330601
    0.40440916
   -0.40182894
    0.12926931
   -0.12283343
    0.05536549
    0.04500976
    0.05238410
   -0.10975451
    0.04723881
    0.04234940
    0.02631447
    0.13047146
   -0.40556894
   -0.12283123
    0.05187025
    0.04781008
    0.05070582
   -0.12045026
    0.04428429
    0.05497518
    0.04599620
    0.40547169
   -0.37325248
    0.12800974
   -0.12568614
    0.05070890
    0.06248463
    0.04895650
   -0.12520098
    0.04851712
    0.05179921
    0.05326231
    0.12859565
   -0.38438804
   -0.12490622
    0.05560660
    0.05335594
    0.04882900
   -0.11530546
    0.04373606
    0.04764964
    0.04027464
    0.40305261
   -0.37775747
    0.12490056
   -0.13403904
    0.06235277
    0.06023699
    0.05300373
   -0.12585434
    0.05365018
    0.05474028
    0.04127864
    0.12605418
   -0.36858404
   -0.13137204
    0.05592520
    0.05399905
    0.05715101
   -0.12491043
    0.05060762
    0.05439037
    0.05266740
    0.05345198
    0.04875483
    0.05523148
   -0.04513234
   -0.25138275
   -0.03037362
    0.03196807
    0.13338686
   -0.02661278
    0.04019365
   -0.07404682
   -0.06712741
    0.41677391
    0.00090147
    0.05651726
   -0.48006263
   -0.27497266
    0.06821019
    0.15663868
   -0.12978869
   -0.13214946
   -0.12741963
    0.05281808
    0.05618619
    0.06557025
    0.06753743
    0.06247261
    0.06712608
    0.06144517
    0.04724830
    0.06449150
