           1           2   1.31983739704658     
           2           3   1.34632612968819     
           3           4   1.48382135830129     
           4           5   1.38520817114070     
           1           6   1.39559261389014     
           3           6  0.106781893446227     
           5           6   1.45636734439218     
           6           7  0.954377917029132     
           5           8  0.968340616846632     
           3           9  0.962789024016293     
           2          10   1.08903030228331     
          10          11   1.30442424442059     
          11          12   1.38294679568387     
          12          13   1.46015607526303     
          13          14   1.38356616441168     
          10          15   1.35362737204478     
          12          15  0.105198938078470     
          14          15   1.47659544958351     
          15          16  0.962735713345450     
          13          17  0.968988351410513     
          12          18  0.946166939888502     
           1          19  0.411737093057014     
          11          19  0.404850078403955     
          19          20  0.516322086836962     
          19          21  0.730468340431563     
          21          22   1.09588577856551     
          22          23  0.941774904994220     
          23          24  0.996340699112035     
          24          25  0.982135642879119     
          24          26  0.983694221394680     
          24          27  0.983032252222938     
          23          28  0.989989116799473     
          28          29  0.984030913639381     
          28          30  0.984091745016556     
          28          31  0.983714034112510     
          23          32  0.940702772948955     
          21          33   1.10639719109114     
          32          33  0.938626413585338     
          32          34  0.991192098219319     
          34          35  0.982310770056261     
          34          36  0.983489690255318     
          34          37  0.981908926575236     
          32          38  0.997002231640640     
          38          39  0.983187761801567     
          38          40  0.982680697780431     
          38          41  0.983700588694692     
          19          42  0.864340762172675     
          42          43   1.13300203079824     
          43          44  0.935942594774613     
          44          45  0.997722362739622     
          45          46  0.973854940195534     
          45          47  0.981801636848957     
          45          48  0.983138655674626     
          44          49  0.989929087073551     
          49          50  0.983629755888201     
          49          51  0.982418521399338     
          49          52  0.979805124729069     
          44          53  0.941000292141055     
          42          54   1.09531965534158     
          53          54  0.934288839388743     
          53          55  0.996858431229198     
          55          56  0.982369626106777     
          55          57  0.983042974200054     
          55          58  0.983205101978569     
          53          59  0.990761760784382     
          59          60  0.981333649439530     
          59          61  0.983732079720372     
          59          62  0.983757252579311     
          19          63  0.879564580531216     
          63          64   1.11101710184703     
          64          65  0.935748079594465     
          65          66  0.997391187026683     
          66          67  0.978179408928552     
          66          68  0.982053771892573     
          66          69  0.982552470599055     
          65          70  0.990586631572816     
          70          71  0.982782975026782     
          70          72  0.982837589429680     
          70          73  0.982540152722302     
          65          74  0.939050598805314     
          63          75   1.13008026866552     
          74          75  0.934391937881389     
          74          76  0.990879632963325     
          76          77  0.982864175641245     
          76          78  0.982346879389439     
          76          79  0.980294923118054     
          74          80  0.995542146880272     
          80          81  0.982500017940147     
          80          82  0.982300113717777     
          80          83  0.983096655584208     
           4          84  0.968593742071426     
          14          85  0.968998054225783     
          19          86  0.586659006115762     
          20          86  0.354771644545676     
          86          87   1.31987228545529     
          86          88   1.39975955229604     
          87          89   1.49284359825805     
          87          90  0.963399405984219     
          88          91   1.38088042120732     
          89          92   1.34050723807927     
          91          92   1.24565572614739     
          89          93  0.965930731330331     
          91          94   1.09445539916072     
          92          95   1.18390484943951     
          94          96   1.06908966827643     
          94          97   1.11060399834840     
          95          97   1.67438470906747     
          95          98  0.969817575514627     
          94          99  0.101919810874956     
          96          99   1.62659550633140     
          96         100   1.16580199157377     
          99         100  0.159846890388583     
          97         101  0.965388661533641     
         100         102  0.870244185959164     
         102         103  0.994854012039668     
         102         104  0.994849848547989     
         102         105  0.995665643969359     
         103         106  0.984444473884004     
         103         107  0.982287112753590     
         103         108  0.981224467179590     
         104         109  0.978837512259078     
         104         110  0.981026178993926     
         104         111  0.975424676897715     
         105         112  0.980935905898122     
         105         113  0.979031697508452     
         105         114  0.981278863013097     
