   -0.12366483
    0.07578007
   -0.04324985
   -0.02265192
   -0.04449661
    0.04774625
    0.05241400
    0.05519439
    0.04556144
    0.07272655
   -0.13426684
    0.04294296
   -0.04500825
   -0.02456730
   -0.04504049
    0.04389624
    0.04911897
    0.07318199
   -0.15482027
    0.08861530
    0.40573582
   -0.40944413
    0.13052593
   -0.12124344
    0.05367553
    0.04466049
    0.05111155
   -0.10790094
    0.04708539
    0.04073594
    0.02632759
    0.13111872
   -0.40570266
   -0.12063175
    0.05029437
    0.04611933
    0.05025378
   -0.11941231
    0.04584376
    0.05333986
    0.04507402
    0.40410963
   -0.38742197
    0.12894342
   -0.12688665
    0.05601649
    0.05628941
    0.04951313
   -0.12168148
    0.04764162
    0.04653817
    0.05267168
    0.12796960
   -0.38456187
   -0.12358417
    0.05255007
    0.05341913
    0.04832116
   -0.12393104
    0.04712526
    0.05254298
    0.04959577
    0.40163522
   -0.37510038
    0.12474885
   -0.13179571
    0.05820484
    0.05593914
    0.05124869
   -0.12952537
    0.06051779
    0.05088624
    0.05283388
    0.12691526
   -0.37914423
   -0.12483802
    0.05105068
    0.05286004
    0.05623470
   -0.12247686
    0.04013746
    0.04945559
    0.05470065
    0.05196881
    0.04814314
   -0.04819938
    0.05718697
    0.02742211
   -0.28225153
    0.01693256
   -0.13579864
   -0.06902773
    0.08951659
    0.06841559
    0.04939882
    0.07315420
    0.03334317
   -0.12725150
    0.05503156
    0.05435183
    0.06101600
