           1           2   1.30935526055978     
           2           3   1.34548335266996     
           3           4   1.48660663637766     
           4           5   1.37830111278609     
           1           6   1.38581011503046     
           3           6  0.106181574023516     
           5           6   1.46340691742381     
           6           7  0.956562931020712     
           5           8  0.968529798497444     
           3           9  0.961694700428639     
           2          10   1.09539382174310     
          10          11   1.30166774975887     
          11          12   1.38461596055737     
          12          13   1.45980969080955     
          13          14   1.38181410430099     
          10          15   1.35087839659858     
          12          15  0.105225185557913     
          14          15   1.48039637634028     
          15          16  0.961699837809115     
          13          17  0.969157409686899     
          12          18  0.947854040832227     
           1          19  0.445922477468738     
          11          19  0.412556706636803     
          19          20  0.534559947090927     
          19          21  0.715219711213173     
          21          22   1.09290082514015     
          22          23  0.942201883263780     
          23          24  0.996607051285164     
          24          25  0.982691019360793     
          24          26  0.983587029026063     
          24          27  0.983259467651122     
          23          28  0.990042793991155     
          28          29  0.984017828144812     
          28          30  0.984042019119537     
          28          31  0.984956396037432     
          23          32  0.941486406191391     
          21          33   1.10668495254210     
          32          33  0.938902313276739     
          32          34  0.990862356662060     
          34          35  0.982200506525079     
          34          36  0.983687937439805     
          34          37  0.982048877161463     
          32          38  0.996897531730210     
          38          39  0.983265130285642     
          38          40  0.982641924650718     
          38          41  0.983680172232696     
          19          42  0.861003675808808     
          42          43   1.10487993160504     
          43          44  0.936398459406543     
          44          45  0.996459717362497     
          45          46  0.981603514861552     
          45          47  0.981848284844612     
          45          48  0.983172216373868     
          44          49  0.991105985384841     
          49          50  0.983419487826742     
          49          51  0.982934425697984     
          49          52  0.979136988609120     
          44          53  0.938998236823811     
          42          54   1.10823601776527     
          53          54  0.933990229908226     
          53          55  0.996276044591462     
          55          56  0.982598312276028     
          55          57  0.982838521376660     
          55          58  0.983143805184222     
          53          59  0.991481161183160     
          59          60  0.982055053583705     
          59          61  0.983069371834973     
          59          62  0.983087772354751     
          19          63  0.881362005954054     
          63          64   1.11233602197438     
          64          65  0.937238923171875     
          65          66  0.991263813400056     
          66          67  0.979081992582707     
          66          68  0.982156540957818     
          66          69  0.982967202737087     
          65          70  0.996878798893870     
          70          71  0.982022961625864     
          70          72  0.983241775067890     
          70          73  0.982250150990734     
          65          74  0.938484594645355     
          63          75   1.11620168060755     
          74          75  0.935882202617417     
          74          76  0.995950293275856     
          76          77  0.982931558271121     
          76          78  0.982403147131446     
          76          79  0.982039002392653     
          74          80  0.990928428328006     
          80          81  0.983860657710743     
          80          82  0.983263683465160     
          80          83  0.983293973614348     
           4          84  0.968871738815628     
          14          85  0.969112819463492     
          19          86  0.581781274064683     
          20          86  0.346438155773981     
          86          87   1.39300751473102     
          86          88   1.33853033288484     
          87          89   1.41334696412959     
          87          90  0.954645202476917     
          88          91   1.02951479821783     
          88          92   1.42685777719014     
          89          93   1.40352599374479     
          92          93   1.38794154067846     
          91          94  0.959426969824662     
          91          95  0.983769782618076     
          91          96  0.952569737870007     
          92          97  0.965279106178268     
          93          98   1.01987240123863     
          98          99  0.970505531200472     
          98         100  0.972019946544499     
          98         101  0.984719470809398     
