           1           2   1.48148398463349     
           2           3   1.38158717034949     
           3           4   1.45824203713501     
           4           5   1.34790597623728     
           5           6   1.20389529304171     
           6           7   1.20140416778633     
           7           8   1.61208225479651     
           1           9   1.35231922841729     
           5           9   1.20599551582748     
           8           9   1.22965106828180     
           1          10  0.968558121232694     
           2          11  0.970866664483531     
           3          12  0.965293620698238     
           6          13  0.924408635475495     
           7          14  0.968612898911944     
           8          15  0.972747190291645     
