   -0.12197370
    0.07817190
   -0.04242031
   -0.02036883
   -0.04185087
    0.04973301
    0.05607671
    0.06089961
    0.05173278
    0.07488001
   -0.13058068
    0.04207926
   -0.04351929
   -0.02349262
   -0.04436606
    0.05211203
    0.05389328
    0.07553407
   -0.14275811
    0.08627151
    0.40524805
   -0.40174910
    0.12933207
   -0.12379891
    0.05602997
    0.04657760
    0.05368629
   -0.11103308
    0.04975172
    0.04394231
    0.02710840
    0.13095152
   -0.40518115
   -0.12261228
    0.05184725
    0.04842714
    0.05087904
   -0.12066046
    0.04645374
    0.05399739
    0.04737759
    0.40317136
   -0.37471790
    0.12808184
   -0.12936803
    0.06367093
    0.05578382
    0.05146921
   -0.12149275
    0.05069746
    0.05075279
    0.05136503
    0.12674573
   -0.38860001
   -0.12338783
    0.05037414
    0.05245623
    0.05103931
   -0.12405749
    0.04675509
    0.05345754
    0.05045010
    0.40318190
   -0.38206512
    0.12609329
   -0.13223019
    0.05735705
    0.06325174
    0.05109201
   -0.12980989
    0.06154498
    0.05220481
    0.05276616
    0.12617977
   -0.37634120
   -0.12615611
    0.05269194
    0.05460569
    0.05751903
   -0.12443773
    0.04027365
    0.05334500
    0.05619041
    0.05798419
    0.05461367
   -0.01861959
   -0.01948768
    0.02140958
   -0.02544263
    0.05372448
    0.12267533
   -0.02304275
    0.34961714
   -0.03096362
   -0.26339371
    0.05603850
   -0.45911869
   -0.27411416
    0.06123640
    0.01717832
    0.08789829
    0.07019328
    0.07308109
