           1           2   1.31865008029577     
           2           3   1.35318845016604     
           3           4   1.47835339534887     
           4           5   1.39042509268684     
           1           6   1.39415018561150     
           3           6  0.105694016669781     
           5           6   1.45406087549243     
           6           7  0.956649027979208     
           5           8  0.967866473895481     
           3           9  0.961326158125898     
           2          10   1.08563490871480     
          10          11   1.30933771912578     
          11          12   1.38745950185817     
          12          13   1.45487302684781     
          13          14   1.39036375666990     
          10          15   1.35719375506685     
          12          15  0.104943478381185     
          14          15   1.47415626745430     
          15          16  0.961141592107004     
          13          17  0.968611954122533     
          12          18  0.947406344745702     
           1          19  0.425588024729966     
          11          19  0.414047594940294     
          19          20  0.527949247628460     
          19          21  0.737070397396356     
          21          22   1.10305174002588     
          22          23  0.939109713082228     
          23          24  0.996904459505807     
          24          25  0.982329767855454     
          24          26  0.983322668027174     
          24          27  0.982947498217018     
          23          28  0.990343529670034     
          28          29  0.983801880438851     
          28          30  0.983861983346353     
          28          31  0.984751202163018     
          23          32  0.941501279251740     
          21          33   1.11040329335124     
          32          33  0.936393249886320     
          32          34  0.991191512674437     
          34          35  0.982081145442749     
          34          36  0.983435964618295     
          34          37  0.981493272428697     
          32          38  0.997340416871936     
          38          39  0.983148888836502     
          38          40  0.982446079116342     
          38          41  0.983431534370721     
          19          42  0.839692885437664     
          42          43   1.14651327220489     
          43          44  0.933345937710648     
          44          45  0.995073906637767     
          45          46  0.976344528060525     
          45          47  0.981174583683088     
          45          48  0.982268347329244     
          44          49  0.992204752156757     
          49          50  0.982825806817760     
          49          51  0.982476954978979     
          49          52  0.980095905580345     
          44          53  0.935835393897584     
          42          54   1.09930674652528     
          53          54  0.932962286743548     
          53          55  0.994346226979390     
          55          56  0.982602807697903     
          55          57  0.982836512509718     
          55          58  0.982599947205733     
          53          59  0.993531863644438     
          59          60  0.980365169152603     
          59          61  0.982320528822169     
          59          62  0.982892925767231     
          19          63  0.849751958019102     
          63          64   1.11831707219358     
          64          65  0.931688931182021     
          65          66  0.992067502446073     
          66          67  0.978197643467551     
          66          68  0.979373631021690     
          66          69  0.982957712005270     
          65          70  0.996932458384534     
          70          71  0.981960277720632     
          70          72  0.983173165990582     
          70          73  0.982274539339326     
          65          74  0.938871083764894     
          63          75   1.12375579952092     
          74          75  0.932068043925319     
          74          76  0.996660521671555     
          76          77  0.982743955582026     
          76          78  0.982523605926346     
          76          79  0.981826380294922     
          74          80  0.991325821658306     
          80          81  0.983932524316864     
          80          82  0.982928901029785     
          80          83  0.983129330461223     
           4          84  0.968182657348899     
          14          85  0.968451387903202     
          19          86  0.592979334538935     
          20          86  0.357169461628493     
          86          87   1.39161105834276     
          86          88   1.30347528610194     
          87          89   1.39047557845365     
          87          90  0.957775072389202     
          88          91   1.10002222576110     
          88          92   1.33850227602847     
          89          93   1.01550267197746     
          89          94   1.34873206125283     
          92          94   1.47553318194435     
          91          95   2.76633394835212     
          92          96  0.966207965445451     
          93          97   1.68886646356271     
          93          98   1.12703851023001     
          97          98  0.164657331925518     
          94          99  0.964136314660395     
          98         100  0.948658991677660     
         100         101  0.978765642119600     
         100         102  0.975412396155235     
         100         103  0.976079185525554     
