   -0.10949393
    0.08190102
   -0.04179160
   -0.02294173
   -0.04381478
    0.04733107
    0.05174806
    0.05561945
    0.04779991
    0.07679675
   -0.11502423
    0.04168477
   -0.04507626
   -0.02616923
   -0.04582400
    0.04677628
    0.05119236
    0.07180823
   -0.15143260
    0.10592038
    0.40540078
   -0.40595119
    0.12965496
   -0.12175036
    0.05315539
    0.04610550
    0.05251099
   -0.11154976
    0.04930662
    0.04424502
    0.02871618
    0.13067125
   -0.40263036
   -0.12272686
    0.05517267
    0.04642854
    0.04853289
   -0.12043769
    0.04715512
    0.05303229
    0.04669750
    0.40125079
   -0.38659416
    0.12956370
   -0.12437392
    0.05544960
    0.05536245
    0.04948973
   -0.12058434
    0.04876742
    0.04541492
    0.05147434
    0.12801338
   -0.38408215
   -0.12420317
    0.05426422
    0.05431741
    0.04872707
   -0.11903456
    0.04164612
    0.05354598
    0.04852052
    0.40416945
   -0.38167802
    0.12566167
   -0.12832748
    0.05698864
    0.05343273
    0.04963950
   -0.12897566
    0.06017095
    0.05058334
    0.05208338
    0.12796647
   -0.38084913
   -0.12389397
    0.05136523
    0.05446370
    0.05427216
   -0.12159941
    0.04053466
    0.04860053
    0.05527391
    0.05394906
    0.05049722
   -0.05170965
    0.13874741
   -0.04720060
   -0.07556214
   -0.28277196
    0.06281434
    0.06022997
   -0.05173865
    0.04150611
    0.08662947
   -0.20311024
    0.05218992
   -0.11869591
    0.02793729
    0.03340993
    0.05544701
    0.04974040
    0.06212359
