           1           2   1.31122218616923     
           2           3   1.34987407426132     
           3           4   1.48189994362002     
           4           5   1.38403578694215     
           1           6   1.38946412986461     
           3           6  0.105864010725657     
           5           6   1.45865880148394     
           6           7  0.957370552582950     
           5           8  0.968502865903880     
           3           9  0.961455233597806     
           2          10   1.08948815707751     
          10          11   1.30018061014509     
          11          12   1.38421916701911     
          12          13   1.45658269087855     
          13          14   1.38644498037444     
          10          15   1.35619953728843     
          12          15  0.104165462715046     
          14          15   1.47445126662157     
          15          16  0.961319919251423     
          13          17  0.968930752854818     
          12          18  0.949436744494955     
           1          19  0.450800617018311     
          11          19  0.450573576653051     
          19          20  0.540894501885795     
          19          21  0.727824266194208     
          21          22   1.09560552284318     
          22          23  0.940811631115398     
          23          24  0.996351685466320     
          24          25  0.982595355282063     
          24          26  0.983453257241088     
          24          27  0.982988980368529     
          23          28  0.990494271231124     
          28          29  0.983833634822593     
          28          30  0.983767213597000     
          28          31  0.984863575347395     
          23          32  0.940442031046849     
          21          33   1.11555785996565     
          32          33  0.937023842953524     
          32          34  0.991172079284854     
          34          35  0.979220428403452     
          34          36  0.983313317395397     
          34          37  0.981663211586721     
          32          38  0.997001847674958     
          38          39  0.983008534055405     
          38          40  0.982778447676723     
          38          41  0.983582159611866     
          19          42  0.852144865760405     
          42          43   1.11240320266074     
          43          44  0.935179000735811     
          44          45  0.996995440665996     
          45          46  0.981892870897284     
          45          47  0.981516417241850     
          45          48  0.982980217186139     
          44          49  0.990864108772832     
          49          50  0.983360245291820     
          49          51  0.981731303039611     
          49          52  0.979700541591425     
          44          53  0.939105717454613     
          42          54   1.11418155562757     
          53          54  0.933081271741866     
          53          55  0.996178380463915     
          55          56  0.982357081599925     
          55          57  0.982810585894427     
          55          58  0.983038687873756     
          53          59  0.992089225833281     
          59          60  0.982058797510350     
          59          61  0.982755701741277     
          59          62  0.983149431270826     
          19          63  0.843313018975116     
          63          64   1.10426985644467     
          64          65  0.937477012366143     
          65          66  0.991200893808703     
          66          67  0.978794072961372     
          66          68  0.982544888612876     
          66          69  0.983083396706628     
          65          70  0.996269129330916     
          70          71  0.982033157978175     
          70          72  0.983444985398947     
          70          73  0.982337340930689     
          65          74  0.938668874619305     
          63          75   1.12168938925347     
          74          75  0.933773152018637     
          74          76  0.996609536204206     
          76          77  0.982650849920020     
          76          78  0.981873213512911     
          76          79  0.980949325609968     
          74          80  0.991190530345645     
          80          81  0.984085337328850     
          80          82  0.983100274868259     
          80          83  0.983139465001782     
           4          84  0.968681209344290     
          14          85  0.968911774848600     
          19          86  0.571333067329916     
          20          86  0.341551166213979     
          86          87   1.29992456125664     
          86          88   1.40171321879866     
          87          89   1.37907372713289     
          87          90   1.05151169564633     
          88          91   1.40426562048484     
          88          92  0.957833999901668     
          89          93   1.41868706260884     
          91          93   1.41327177005818     
          89          94  0.961584023205163     
          90          95  0.962764228085301     
          91          96  0.948753674032875     
          93          97  0.968523249171170     
          95          98   1.01514458116870     
          95          99  0.968001255619617     
          95         100  0.967794305576778     
          98         101  0.985468464037475     
          98         102  0.983417175677747     
          98         103  0.983182737822173     
