   -0.12827972
    0.07694816
   -0.04165620
   -0.02255574
   -0.04352383
    0.04793337
    0.05072483
    0.05352867
    0.04472224
    0.07058679
   -0.12279619
    0.04458890
   -0.04528220
   -0.02531279
   -0.04677279
    0.04604325
    0.05083157
    0.07419365
   -0.16659390
    0.09446024
    0.40040094
   -0.41095495
    0.13026471
   -0.11970316
    0.05174157
    0.04390056
    0.04971251
   -0.10945584
    0.04651531
    0.04175578
    0.02849265
    0.13115484
   -0.40531117
   -0.11955649
    0.05132745
    0.04429578
    0.04732058
   -0.11890509
    0.04679878
    0.05132682
    0.04415257
    0.40748167
   -0.38506367
    0.12886515
   -0.12446687
    0.05365872
    0.05493345
    0.04877403
   -0.12070910
    0.04742118
    0.04428965
    0.05309807
    0.12752344
   -0.37864708
   -0.12381608
    0.05368107
    0.05436816
    0.04724812
   -0.12255956
    0.04550823
    0.05060125
    0.05098721
    0.40152701
   -0.37972711
    0.12522409
   -0.12948969
    0.05679993
    0.05436648
    0.04883797
   -0.12893468
    0.06052660
    0.04945591
    0.05225206
    0.12776424
   -0.38433876
   -0.12290004
    0.04969664
    0.05291019
    0.05355331
   -0.12067223
    0.03991582
    0.04732114
    0.05384024
    0.05043119
    0.04874035
   -0.02274794
   -0.00131422
   -0.07854124
   -0.05453120
   -0.03943533
   -0.07538964
    0.01161428
    0.06833999
    0.04342901
    0.06263030
    0.01936780
    0.00923800
