           1           2   1.30201619398328     
           2           3   1.35205148328009     
           3           4   1.48061454773829     
           4           5   1.38118183031581     
           1           6   1.38478731645230     
           3           6  0.104746015857176     
           5           6   1.46111066738410     
           6           7  0.957396664451672     
           5           8  0.968747490188006     
           3           9  0.962268292625166     
           2          10   1.09216089739920     
          10          11   1.30073480329800     
          11          12   1.38734156024139     
          12          13   1.45618530537789     
          13          14   1.38515697770170     
          10          15   1.35462486664195     
          12          15  0.104648921954728     
          14          15   1.47709890583009     
          15          16  0.962185565100989     
          13          17  0.969014570814332     
          12          18  0.950387105266832     
           1          19  0.434622360354982     
          11          19  0.448218768224943     
          19          20  0.542283257874903     
          19          21  0.729546609712368     
          21          22   1.08608120511149     
          22          23  0.944582821784063     
          23          24  0.996118420909814     
          24          25  0.982867767055890     
          24          26  0.983795523856998     
          24          27  0.983333559471287     
          23          28  0.989763759804362     
          28          29  0.984232982088574     
          28          30  0.983816995076862     
          28          31  0.985358110115210     
          23          32  0.940809108875428     
          21          33   1.10921780629478     
          32          33  0.940901285478126     
          32          34  0.990665398030485     
          34          35  0.980886285020152     
          34          36  0.983671570090123     
          34          37  0.981914974212207     
          32          38  0.996605111761774     
          38          39  0.983159315598546     
          38          40  0.982952816148818     
          38          41  0.983913575251162     
          19          42  0.859237368366307     
          42          43   1.11263657727731     
          43          44  0.936702569399952     
          44          45  0.996669032157706     
          45          46  0.982348153729038     
          45          47  0.982042945072226     
          45          48  0.983268451591189     
          44          49  0.990807653312840     
          49          50  0.983457882600700     
          49          51  0.981844414599435     
          49          52  0.978759466792372     
          44          53  0.938142557867767     
          42          54   1.11313773090655     
          53          54  0.936571112899672     
          53          55  0.995769410928310     
          55          56  0.982333874571636     
          55          57  0.982786066523516     
          55          58  0.983314793350143     
          53          59  0.991493214759165     
          59          60  0.982061223536941     
          59          61  0.983275551634505     
          59          62  0.982945577405701     
          19          63  0.864857275537204     
          63          64   1.10652550311358     
          64          65  0.939387923776206     
          65          66  0.990899143234382     
          66          67  0.979234871355626     
          66          68  0.982507259160450     
          66          69  0.983273509883344     
          65          70  0.996245286677721     
          70          71  0.982036864610108     
          70          72  0.983621383213340     
          70          73  0.982347422216892     
          65          74  0.938171728563968     
          63          75   1.11264951741683     
          74          75  0.937108168312653     
          74          76  0.996149581016115     
          76          77  0.983044675051307     
          76          78  0.982253621101911     
          76          79  0.980983684622511     
          74          80  0.990812103487630     
          80          81  0.984125065103062     
          80          82  0.983364259550760     
          80          83  0.983423865034410     
           4          84  0.969102863994422     
          14          85  0.969095157117760     
          19          86  0.589757210515894     
          20          86  0.343573396230533     
          86          87   1.20950923323213     
          86          88   1.47500219790637     
          87          89   1.00796881031400     
          86          90  0.119192141441340     
          87          90   1.20893736925417     
          88          91   1.33421053032236     
          90          91   1.53413342630877     
          88          92  0.967084625867488     
          89          93  0.969219155766199     
          89          94  0.973929980147238     
          89          95  0.977347659488963     
          90          96  0.969714675886836     
          91          97  0.974366518263835     
