   -0.12179947
    0.07763134
   -0.04193793
   -0.02226628
   -0.04325544
    0.04863084
    0.05250949
    0.05517696
    0.04547599
    0.07320921
   -0.12360877
    0.04249406
   -0.04484162
   -0.02420461
   -0.04554390
    0.04588519
    0.05116167
    0.07652588
   -0.15425016
    0.08459193
    0.40133617
   -0.41113222
    0.13057997
   -0.12094214
    0.05334096
    0.04451882
    0.05016504
   -0.10837756
    0.04677077
    0.04061354
    0.02781473
    0.13084990
   -0.40307484
   -0.11914504
    0.04733588
    0.04626248
    0.04985690
   -0.11940830
    0.04712292
    0.05272186
    0.04462877
    0.40558624
   -0.38136972
    0.12832731
   -0.12655475
    0.05618259
    0.05628463
    0.04967065
   -0.12172323
    0.04851256
    0.04533415
    0.05278317
    0.12750983
   -0.38150060
   -0.12400582
    0.05320123
    0.05425203
    0.04827650
   -0.12452591
    0.04701015
    0.05269876
    0.05080459
    0.39924919
   -0.37657299
    0.12493615
   -0.13048829
    0.05949162
    0.05427739
    0.04931401
   -0.12900982
    0.06028083
    0.05019690
    0.05168813
    0.12640679
   -0.38168658
   -0.12375436
    0.05021950
    0.05238035
    0.05452964
   -0.12259018
    0.04012203
    0.05071219
    0.05384631
    0.05195426
    0.04958816
   -0.01821925
   -0.03163748
   -0.03606433
   -0.04082264
    0.02415257
   -0.03198091
    0.04468867
   -0.00820084
    0.02726488
    0.05059042
    0.09124733
   -0.25405473
   -0.04927528
    0.05535947
   -0.01800009
    0.03713467
   -0.04984406
    0.03628750
    0.03787294
    0.03823259
