           1           2   1.30933177715679     
           2           3   1.34949845502750     
           3           4   1.48256497090481     
           4           5   1.38206169426574     
           1           6   1.38671720084031     
           3           6  0.105743360710980     
           5           6   1.46084063779531     
           6           7  0.956739534311571     
           5           8  0.968550526134500     
           3           9  0.962164479948034     
           2          10   1.09107924805641     
          10          11   1.30395357965245     
          11          12   1.38560806194135     
          12          13   1.45809956245686     
          13          14   1.38410333278989     
          10          15   1.35275871039157     
          12          15  0.105441131543569     
          14          15   1.47930950537922     
          15          16  0.962029203105435     
          13          17  0.968934004443868     
          12          18  0.947763466080432     
           1          19  0.441784035136334     
          11          19  0.439893562544783     
          19          20  0.531418929529470     
          19          21  0.720271307862402     
          21          22   1.08734915560948     
          22          23  0.943474190715550     
          23          24  0.996602601524677     
          24          25  0.982674766720318     
          24          26  0.983703480297729     
          24          27  0.983327991421377     
          23          28  0.989720740550785     
          28          29  0.984098164748822     
          28          30  0.984054244643192     
          28          31  0.985351978222639     
          23          32  0.941265292374409     
          21          33   1.11090031759977     
          32          33  0.940039942205179     
          32          34  0.990738353946456     
          34          35  0.983214810132332     
          34          36  0.983780198230186     
          34          37  0.982336937973599     
          32          38  0.996630820523934     
          38          39  0.983188673364417     
          38          40  0.982735975648628     
          38          41  0.983776045018448     
          19          42  0.852244228798204     
          42          43   1.11992124569211     
          43          44  0.935307164882721     
          44          45  0.996778793026767     
          45          46  0.982008175567067     
          45          47  0.981618708969567     
          45          48  0.983073798861361     
          44          49  0.991039390182685     
          49          50  0.983392399222819     
          49          51  0.982912435740031     
          49          52  0.979410895668530     
          44          53  0.938714791310772     
          42          54   1.10963892766349     
          53          54  0.934228950157078     
          53          55  0.996203194393483     
          55          56  0.982502372475261     
          55          57  0.982766829271474     
          55          58  0.983179796423022     
          53          59  0.991768443476143     
          59          60  0.981480111143016     
          59          61  0.982900921571484     
          59          62  0.982828052067678     
          19          63  0.869505178008201     
          63          64   1.11514595512178     
          64          65  0.938741804106267     
          65          66  0.991291736417131     
          66          67  0.978207104289509     
          66          68  0.982486410543098     
          66          69  0.983086827308827     
          65          70  0.996283087062794     
          70          71  0.981990565715451     
          70          72  0.983437756576495     
          70          73  0.982255406333099     
          65          74  0.937162822103874     
          63          75   1.11501257868330     
          74          75  0.937133258297366     
          74          76  0.995554397907671     
          76          77  0.983030857957932     
          76          78  0.982538741957700     
          76          79  0.981982781972752     
          74          80  0.991319461887817     
          80          81  0.983687052189838     
          80          82  0.983158693577622     
          80          83  0.983314351045865     
           4          84  0.968885869559355     
          14          85  0.968978211554431     
          19          86  0.602231449462230     
          20          86  0.346256005902797     
          86          87   1.37690489511847     
          86          88   1.36285445351042     
          87          89   1.45435713024821     
          87          90  0.963768444140007     
          88          91   1.47515336916002     
          88          92  0.959385413765075     
          89          93   1.37653725911228     
          91          93   1.35758633426608     
          89          94  0.965466192501974     
          91          95  0.964859422926780     
          93          96   1.06470457561662     
          96          97   1.37381571852736     
          96          98   1.35934050079646     
          97          99   1.45296256517349     
          98          99  0.109569557673573     
          98         100   1.46573705289155     
          98         101  0.966305364167010     
          96         102  0.103272067705850     
          99         102   1.42105550181780     
         100         102   1.42483512490174     
          99         103  0.963035122318508     
         100         104  0.969496289754758     
         102         105  0.970438013515673     
