   -0.11947139
    0.07658274
   -0.04252771
   -0.02305896
   -0.04371197
    0.04907677
    0.05048594
    0.05357955
    0.04517060
    0.07157023
   -0.11560293
    0.04276142
   -0.04355884
   -0.02541253
   -0.04553951
    0.04599840
    0.05158473
    0.07654170
   -0.17082828
    0.09479531
    0.40135105
   -0.41418649
    0.13103733
   -0.11990935
    0.05205643
    0.04331147
    0.04947232
   -0.10749046
    0.04587227
    0.03989521
    0.02738393
    0.13165293
   -0.40678146
   -0.11740344
    0.04536652
    0.04482437
    0.04874027
   -0.11890665
    0.04702976
    0.05210386
    0.04370560
    0.40708461
   -0.38627944
    0.12954882
   -0.12255982
    0.05238244
    0.05211256
    0.04767655
   -0.12073962
    0.04605736
    0.04237270
    0.05480242
    0.12867370
   -0.38070617
   -0.12294824
    0.05211629
    0.05632868
    0.04573538
   -0.11724972
    0.03886076
    0.04685295
    0.05508638
    0.40104118
   -0.37897583
    0.12564106
   -0.12854049
    0.05865648
    0.05239971
    0.04745300
   -0.12775191
    0.05905041
    0.04913223
    0.05073706
    0.12671566
   -0.38382706
   -0.12170946
    0.04859568
    0.05125525
    0.05285097
   -0.12156466
    0.03960430
    0.04971195
    0.05265917
    0.05092238
    0.05037541
   -0.05638401
   -0.02470255
   -0.05634232
   -0.01815385
    0.02566770
   -0.01681233
    0.02447132
   -0.06087480
    0.25854563
    0.07068484
    0.06733674
    0.06469475
   -0.51785863
   -0.10108999
   -0.00586549
   -0.00945838
   -0.06483315
    0.04949661
    0.06648827
   -0.06937964
    0.04923176
    0.06441305
   -0.05257911
    0.04086939
    0.04292750
   -0.06129184
    0.04401076
    0.04954418
   -0.06029580
    0.03347898
    0.02508833
   -0.06039767
    0.03280715
    0.03737264
   -0.05569754
    0.02930181
    0.03110332
   -0.05396310
    0.03365266
    0.02945511
   -0.10570373
    0.03361411
    0.02907897
   -0.10396285
    0.02836914
    0.03077312
    0.03327745
    0.03476870
    0.03522488
    0.03627492
    0.03389300
    0.03252815
