           1           2   1.30569604898811     
           2           3   1.34894404162380     
           3           4   1.48304172518289     
           4           5   1.38056262339617     
           1           6   1.38729744928504     
           3           6  0.105610122037831     
           5           6   1.46101399234533     
           6           7  0.957405539773109     
           5           8  0.968742397817788     
           3           9  0.962204173290430     
           2          10   1.09252288398890     
          10          11   1.30031716120895     
          11          12   1.38130957490581     
          12          13   1.46061262806464     
          13          14   1.38126693025761     
          10          15   1.35155489737241     
          12          15  0.105249639864589     
          14          15   1.48045675059654     
          15          16  0.962057799355628     
          13          17  0.968427106954459     
          12          18  0.946717348370041     
           1          19  0.450235666510111     
          11          19  0.465871717603550     
          19          20  0.561649694301764     
          19          21  0.723669261001123     
          21          22   1.08148692694424     
          22          23  0.945134139262491     
          23          24  0.996421109220468     
          24          25  0.982927182944785     
          24          26  0.983816937552488     
          24          27  0.983438552285483     
          23          28  0.989319757665790     
          28          29  0.984278906024584     
          28          30  0.984124327413826     
          28          31  0.985370175369094     
          23          32  0.941714657470435     
          21          33   1.10551113370736     
          32          33  0.940919012338056     
          32          34  0.990631174811207     
          34          35  0.983592283583722     
          34          36  0.983865715019944     
          34          37  0.982243572658240     
          32          38  0.996608113307216     
          38          39  0.983234055366629     
          38          40  0.982834907942950     
          38          41  0.983872218839020     
          19          42  0.860206549104136     
          42          43   1.11361822520850     
          43          44  0.937914048668089     
          44          45  0.996125144794247     
          45          46  0.982384348207324     
          45          47  0.981930640905589     
          45          48  0.983248411460490     
          44          49  0.990343507392400     
          49          50  0.983623660549800     
          49          51  0.982769736194069     
          49          52  0.977576111380540     
          44          53  0.939083978718405     
          42          54   1.10591869485902     
          53          54  0.936450095561890     
          53          55  0.995751267148648     
          55          56  0.982719543509660     
          55          57  0.980707457421901     
          55          58  0.983320325868838     
          53          59  0.991557498160733     
          59          60  0.980963141200864     
          59          61  0.983527613108037     
          59          62  0.977223510700707     
          19          63  0.861123888354346     
          63          64   1.11145644594350     
          64          65  0.940785019408613     
          65          66  0.991218292432252     
          66          67  0.977752971212886     
          66          68  0.982667468784814     
          66          69  0.983385463827500     
          65          70  0.995732421095510     
          70          71  0.982211049469173     
          70          72  0.983712253995979     
          70          73  0.982402504412088     
          65          74  0.936562070506140     
          63          75   1.10909610006891     
          74          75  0.939923111311617     
          74          76  0.995243585492382     
          76          77  0.983377595415997     
          76          78  0.982772878627829     
          76          79  0.981691412841236     
          74          80  0.990964837227200     
          80          81  0.983885599889850     
          80          82  0.983333298485007     
          80          83  0.983568168145905     
           4          84  0.969012284745953     
          14          85  0.968937130461006     
          19          86  0.607644168467446     
          20          86  0.319231196260384     
          86          87   1.47709475476046     
          86          88   1.31057034711498     
          87          89   1.22075858641086     
          87          90  0.967498509735060     
          87          91  0.120487952809043     
          88          91   1.46727653460666     
          89          91   1.17014867733926     
          88          92  0.965012121441363     
          89          93  0.999351305441269     
          91          94   1.02661952866129     
          93          95  0.975780985967923     
          93          96  0.971389420661531     
          93          97  0.973610180428775     
          94          98   1.58328321729200     
          94          99   1.24158973996266     
          98          99  0.182539326121291     
          99         100  0.982768575268732     
          99         101  0.988156012732362     
         100         102  0.994452707556434     
         100         103  0.963098441261739     
         100         104  0.963115043063792     
         101         105  0.994978254025586     
         101         106  0.963554198303246     
         101         107  0.964202316093256     
         102         108   1.00886559451408     
         102         109  0.974489050733078     
         102         110  0.973529039039770     
         105         111   1.00900842881559     
         105         112  0.969786009638619     
         105         113  0.971730229962363     
         108         114   1.00661900304870     
         108         115  0.975459340653668     
         108         116  0.972424873406339     
         111         117   1.00654179110303     
         111         118  0.978075104668575     
         111         119  0.975536720025572     
         114         120   1.00744734396725     
         114         121  0.977269379387918     
         114         122  0.977192523144213     
         117         123   1.00804481897804     
         117         124  0.976186623344853     
         117         125  0.977517369064931     
         120         126   1.02009450358024     
         120         127  0.977091492614099     
         120         128  0.978436666691125     
         123         129   1.01901820950551     
         123         130  0.975288817716935     
         123         131  0.977780256929442     
         126         132  0.985480140502944     
         126         133  0.987367594056482     
         126         134  0.987618480252606     
         129         135  0.983616375305144     
         129         136  0.987056541686067     
         129         137  0.987638229223006     
