   -0.12210541
    0.07871951
   -0.04142440
   -0.01873016
   -0.04031725
    0.05011366
    0.05711398
    0.06393991
    0.05517025
    0.07557582
   -0.13332540
    0.04354556
   -0.04135439
   -0.02103033
   -0.04348753
    0.05541811
    0.05781516
    0.07443943
   -0.13853335
    0.08636866
    0.40687665
   -0.39936388
    0.12913009
   -0.12434279
    0.05634792
    0.04790015
    0.05467916
   -0.11210391
    0.05128495
    0.04523122
    0.02756710
    0.13078033
   -0.40347810
   -0.12401180
    0.05380894
    0.04942951
    0.05126570
   -0.12152779
    0.04715641
    0.05474787
    0.04869507
    0.40300964
   -0.37488155
    0.12806063
   -0.12944680
    0.06249246
    0.05748157
    0.05269029
   -0.12211490
    0.05218513
    0.05226241
    0.05145566
    0.12733908
   -0.39136590
   -0.12351899
    0.05167968
    0.05270998
    0.05218525
   -0.12260069
    0.04524396
    0.05477986
    0.04991010
    0.40401041
   -0.38396593
    0.12592157
   -0.13328021
    0.05769183
    0.06350305
    0.05314385
   -0.12999685
    0.06157074
    0.05352331
    0.05290975
    0.12648629
   -0.37378617
   -0.12676106
    0.05389729
    0.05568367
    0.05816717
   -0.12443224
    0.04076788
    0.05363393
    0.05735590
    0.06166184
    0.05892869
   -0.03797552
   -0.01655541
    0.09506550
    0.06440057
    0.05429239
   -0.22973944
    0.12187600
    0.04428804
   -0.18402049
   -0.23678202
    0.06097412
