           1           2   1.32191470887433     
           2           3   1.35565237728611     
           3           4   1.47566793079255     
           4           5   1.39418114171434     
           1           6   1.39470963376536     
           3           6  0.105445144951331     
           5           6   1.45206054549313     
           6           7  0.956450618360073     
           5           8  0.967435975891822     
           3           9  0.960892186497780     
           2          10   1.08233791328765     
          10          11   1.31218662681304     
          11          12   1.38952694669124     
          12          13   1.45217648529193     
          13          14   1.39462456862256     
          10          15   1.36035294689494     
          12          15  0.104503930479809     
          14          15   1.47135210020573     
          15          16  0.960698795892695     
          13          17  0.968143198030417     
          12          18  0.947427389735080     
           1          19  0.423433457519815     
          11          19  0.411591313853342     
          19          20  0.536782149565720     
          19          21  0.739103508000188     
          21          22   1.10822387616973     
          22          23  0.937057452906392     
          23          24  0.997057165239387     
          24          25  0.982208492772356     
          24          26  0.983128264676533     
          24          27  0.982779508361609     
          23          28  0.990724886130788     
          28          29  0.983610437295391     
          28          30  0.983734496758692     
          28          31  0.984907020213979     
          23          32  0.941362269730025     
          21          33   1.11539177444372     
          32          33  0.934090663044392     
          32          34  0.991500904540465     
          34          35  0.981132551605518     
          34          36  0.983173777769658     
          34          37  0.981324792048077     
          32          38  0.997623953283529     
          38          39  0.983007205827187     
          38          40  0.982418063258040     
          38          41  0.983248793865904     
          19          42  0.836103830582992     
          42          43   1.15054352075175     
          43          44  0.931048676457816     
          44          45  0.995628608561208     
          45          46  0.976564928927249     
          45          47  0.981034507460264     
          45          48  0.982036759616942     
          44          49  0.992207753242087     
          49          50  0.982612511223238     
          49          51  0.982326034318430     
          49          52  0.980231981723072     
          44          53  0.936234383562723     
          42          54   1.10015452364302     
          53          54  0.930319223020665     
          53          55  0.994700380629106     
          55          56  0.982454172164175     
          55          57  0.982765211555764     
          55          58  0.982398268938030     
          53          59  0.993959985826565     
          59          60  0.980608310568416     
          59          61  0.981973799489385     
          59          62  0.982792709770753     
          19          63  0.840076690744758     
          63          64   1.11898045387349     
          64          65  0.929434412754469     
          65          66  0.992369693448496     
          66          67  0.978210710874368     
          66          68  0.978907444247556     
          66          69  0.982497957353559     
          65          70  0.997089958327777     
          70          71  0.981906313964665     
          70          72  0.982926800193697     
          70          73  0.982219699266088     
          65          74  0.938875943894832     
          63          75   1.13220926345817     
          74          75  0.929707822435910     
          74          76  0.996710826751794     
          76          77  0.982429128987584     
          76          78  0.982183163026061     
          76          79  0.981678394132937     
          74          80  0.991772107639738     
          80          81  0.983971128511943     
          80          82  0.982792000213536     
          80          83  0.982879397191334     
           4          84  0.967732728754506     
          14          85  0.967949308076873     
          19          86  0.600600486240717     
          20          86  0.350559839224114     
          86          87   1.36069451634888     
          86          88   1.29302347703631     
          87          89   1.43467285861873     
          87          90  0.959392181567665     
          88          91   1.35625366135855     
          88          92   1.07632837426083     
          89          93   1.35617964991212     
          91          93   1.45888342003396     
          89          94  0.963320336246143     
          92          95   2.79012082876843     
          93          96  0.959085090847756     
