           1           2   1.42611601994461     
           2           3   1.43611343675948     
           3           4   1.43225147775691     
           2           5  0.110615354998880     
           4           5   1.41368042258335     
           5           6   1.02563269729407     
           1           7   1.46263859805294     
           3           7  0.116314049764544     
           5           7   1.38314570255161     
           1           8  0.969618885055044     
           2           9  0.970256481494670     
           3          10  0.963736821535870     
           6          11  0.983378896835079     
           6          12  0.967776430260490     
           6          13  0.967513219901901     
           7          14  0.969058494836336     
