   -0.10918195
    0.07993136
   -0.04304860
   -0.02243430
   -0.04350604
    0.04875517
    0.05353445
    0.05794094
    0.05134244
    0.07608856
   -0.11996770
    0.04145298
   -0.04435506
   -0.02421923
   -0.04491600
    0.05098982
    0.05063990
    0.07255363
   -0.15538779
    0.07869097
    0.40260323
   -0.40474986
    0.12979759
   -0.12262189
    0.05470164
    0.04508155
    0.05239640
   -0.11042949
    0.04805920
    0.04332478
    0.02805328
    0.13084199
   -0.40515541
   -0.12088808
    0.05036384
    0.04730236
    0.04887840
   -0.12030240
    0.04708261
    0.05308323
    0.04593481
    0.39860067
   -0.38136915
    0.12819516
   -0.12613784
    0.05348392
    0.05745552
    0.04961434
   -0.12224287
    0.04860587
    0.04570435
    0.05372067
    0.12782655
   -0.38695733
   -0.12416518
    0.05403223
    0.05363878
    0.04872925
   -0.12225509
    0.04185734
    0.05307443
    0.04917882
    0.40143796
   -0.37802808
    0.12544896
   -0.12889947
    0.05761359
    0.05302612
    0.04997109
   -0.12963096
    0.05974848
    0.05091591
    0.05325707
    0.12652793
   -0.38079874
   -0.12470095
    0.05099350
    0.05390479
    0.05456157
   -0.12373684
    0.04016175
    0.05284312
    0.05472175
    0.05574906
    0.05262682
    0.06114634
   -0.23617543
   -0.04111867
    0.05638813
   -0.01862780
    0.05061573
   -0.04307357
    0.24962406
    0.04372653
    0.05275816
   -0.51944664
   -0.08318286
   -0.01031141
   -0.00099337
   -0.11401023
    0.07567116
    0.05366802
   -0.11603419
    0.06766962
    0.05382741
    0.04873692
    0.04620052
    0.04837022
    0.04775164
    0.05542343
    0.04483004
