           1           2   1.31536130790187     
           2           3   1.34997830699346     
           3           4   1.48106947952397     
           4           5   1.38613713644283     
           1           6   1.39232413655114     
           3           6  0.106149313548002     
           5           6   1.45664399219621     
           6           7  0.956012118789777     
           5           8  0.968236339136685     
           3           9  0.961241676677610     
           2          10   1.08704652255247     
          10          11   1.30338601398634     
          11          12   1.38832031051858     
          12          13   1.45499131358367     
          13          14   1.38794194799225     
          10          15   1.35512968065699     
          12          15  0.104846118332698     
          14          15   1.47593395322895     
          15          16  0.961095436688553     
          13          17  0.969010335466243     
          12          18  0.947771198487860     
           1          19  0.445520773522111     
          11          19  0.433152272481841     
          19          20  0.522043038402822     
          19          21  0.726415864195590     
          21          22   1.09505282012638     
          22          23  0.941882707861349     
          23          24  0.996576425811454     
          24          25  0.982599034250100     
          24          26  0.983545466964614     
          24          27  0.983101504244848     
          23          28  0.990012744109759     
          28          29  0.983961309994063     
          28          30  0.983786407969691     
          28          31  0.985165291428749     
          23          32  0.941441740999198     
          21          33   1.10988506328377     
          32          33  0.937962390931618     
          32          34  0.990978330092383     
          34          35  0.982448520948747     
          34          36  0.983567835345500     
          34          37  0.982550577591632     
          32          38  0.997086471723114     
          38          39  0.983120486819087     
          38          40  0.982661382902032     
          38          41  0.983576195853821     
          19          42  0.853163423152194     
          42          43   1.12157168415749     
          43          44  0.936798655012509     
          44          45  0.996379510016353     
          45          46  0.982277050389522     
          45          47  0.981345836255039     
          45          48  0.983185832043509     
          44          49  0.990842624920451     
          49          50  0.983382207284851     
          49          51  0.983087019676542     
          49          52  0.979191727240251     
          44          53  0.938618760918932     
          42          54   1.10235271478252     
          53          54  0.934923065043988     
          53          55  0.996184088675402     
          55          56  0.982452456025297     
          55          57  0.982832868663144     
          55          58  0.983100633366985     
          53          59  0.991570216860084     
          59          60  0.982581673807792     
          59          61  0.983001031197647     
          59          62  0.983164901282034     
          19          63  0.862597290307252     
          63          64   1.11384861165291     
          64          65  0.937995042703304     
          65          66  0.991329340715718     
          66          67  0.978740315015105     
          66          68  0.982630298955530     
          66          69  0.983066609249849     
          65          70  0.996317217355809     
          70          71  0.982085228966079     
          70          72  0.983383131628848     
          70          73  0.982126198090825     
          65          74  0.938140431525680     
          63          75   1.11617583570314     
          74          75  0.935462279668997     
          74          76  0.996323746231480     
          76          77  0.982830246143250     
          76          78  0.982390687465680     
          76          79  0.982347798012108     
          74          80  0.991190547313995     
          80          81  0.983286534763409     
          80          82  0.982962891621991     
          80          83  0.983219217111238     
           4          84  0.968440853722105     
          14          85  0.968654339384701     
          19          86  0.594974989246472     
          20          86  0.342072173879495     
          86          87   1.41920434242942     
          86          88   1.32765443965568     
          87          89   1.36122688868104     
          88          89  0.108688862591295     
          88          90   1.47331092794300     
          88          91  0.961077919047671     
          89          92   1.40231535161386     
          90          92   1.41072913296003     
          89          93  0.986345655506771     
          90          94  0.966563810978855     
          92          95  0.964956811572573     
          93          96   1.57833413124864     
          93          97   1.28775085961623     
          96          97  0.195419446194690     
          97          98  0.983948430592274     
          97          99  0.978321195553185     
          98         100   1.00574110389501     
          98         101  0.951770835973680     
          98         102  0.969557646640295     
          99         103   1.00806300905656     
          99         104  0.966735189038638     
          99         105  0.970317885926532     
         100         106  0.985429588053304     
         100         107  0.983511233910067     
         100         108  0.985531991022089     
         103         109  0.987130271857178     
         103         110  0.983462201791773     
         103         111  0.985435596138981     
