   -0.11887201
    0.08118900
   -0.04054782
   -0.01977764
   -0.04083808
    0.05022428
    0.05369269
    0.05966896
    0.05033277
    0.07822752
   -0.11605111
    0.04490077
   -0.04078771
   -0.01965188
   -0.04255429
    0.05181066
    0.05290796
    0.07654559
   -0.15830125
    0.09348448
    0.40310071
   -0.40837529
    0.13044748
   -0.12209693
    0.05430849
    0.04564538
    0.05138685
   -0.10894949
    0.04824928
    0.04120573
    0.02738663
    0.13072536
   -0.40171114
   -0.12001925
    0.04710881
    0.04767978
    0.05070694
   -0.12069526
    0.04774622
    0.05426316
    0.04588310
    0.40498062
   -0.38178166
    0.12876977
   -0.12549611
    0.05430042
    0.05625804
    0.05033362
   -0.12266175
    0.04976533
    0.04634709
    0.05395320
    0.12807768
   -0.38267079
   -0.12478400
    0.05505121
    0.05503668
    0.04913152
   -0.11829425
    0.04222960
    0.05275821
    0.04540708
    0.40010712
   -0.37784255
    0.12509018
   -0.12985373
    0.05929376
    0.05238412
    0.05093604
   -0.12897907
    0.05951926
    0.05158050
    0.05210829
    0.12604933
   -0.37839473
   -0.12466382
    0.05131930
    0.05394503
    0.05491202
   -0.12367052
    0.04021638
    0.05268729
    0.05502655
    0.05721674
    0.05597733
   -0.01796668
   -0.08674342
   -0.05836214
   -0.00067850
   -0.05255272
    0.02552949
    0.08498702
    0.03182014
   -0.22114087
   -0.21868816
    0.04953415
   -0.00288161
    0.00193859
   -0.05982571
    0.04686309
    0.06470748
    0.04334834
    0.05782931
    0.05605384
    0.06495257
