           1           2   1.32163288868894     
           2           3   1.35695739768674     
           3           4   1.47468527122862     
           4           5   1.39340301626840     
           1           6   1.39357384813854     
           3           6  0.105665867463716     
           5           6   1.45319131914123     
           6           7  0.956989439156027     
           5           8  0.968006760089419     
           3           9  0.962152391020578     
           2          10   1.08001689254020     
          10          11   1.31785059971534     
          11          12   1.38964308992447     
          12          13   1.45170150433981     
          13          14   1.39459563627578     
          10          15   1.35873333295833     
          12          15  0.105370081878739     
          14          15   1.47281824037862     
          15          16  0.961921325817243     
          13          17  0.968607742544644     
          12          18  0.946149611804934     
           1          19  0.422741500753387     
          11          19  0.429622893594316     
          19          20  0.555042178716221     
          19          21  0.747106110816690     
          21          22   1.09102916019803     
          22          23  0.942132084734703     
          23          24  0.996832850505128     
          24          25  0.982611734945755     
          24          26  0.983521888102991     
          24          27  0.983198507972016     
          23          28  0.989755661519829     
          28          29  0.983980068179400     
          28          30  0.984001752383772     
          28          31  0.985351229918563     
          23          32  0.941727687556133     
          21          33   1.11252553260880     
          32          33  0.938136011403684     
          32          34  0.990966013243269     
          34          35  0.983411995356717     
          34          36  0.983633359391715     
          34          37  0.982526102071188     
          32          38  0.997025486721824     
          38          39  0.983124755022741     
          38          40  0.982622083791373     
          38          41  0.983567267415734     
          19          42  0.861468747287713     
          42          43   1.12456665980731     
          43          44  0.934330495385492     
          44          45  0.996813617173908     
          45          46  0.982405720274891     
          45          47  0.981676776401948     
          45          48  0.982908760685272     
          44          49  0.990887143074963     
          49          50  0.983310837358024     
          49          51  0.982976224204578     
          49          52  0.979504543366131     
          44          53  0.939840731473143     
          42          54   1.10389284462019     
          53          54  0.933528239031618     
          53          55  0.996738323170694     
          55          56  0.982367704320995     
          55          57  0.982718076847258     
          55          58  0.982988425253545     
          53          59  0.991337097667366     
          59          60  0.982762533708327     
          59          61  0.983049435732301     
          59          62  0.983370032918465     
          19          63  0.857117997506611     
          63          64   1.11552331765784     
          64          65  0.937172550398252     
          65          66  0.991549636957831     
          66          67  0.978451016879233     
          66          68  0.982722737671990     
          66          69  0.982908643320966     
          65          70  0.996313737832665     
          70          71  0.982069196446048     
          70          72  0.983286158587768     
          70          73  0.982152303518869     
          65          74  0.937231363489766     
          63          75   1.11773239863633     
          74          75  0.936221344764841     
          74          76  0.995619368646367     
          76          77  0.982955050345764     
          76          78  0.982440371618265     
          76          79  0.982184805003364     
          74          80  0.991344918384626     
          80          81  0.983597739401055     
          80          82  0.982934876913333     
          80          83  0.983174936555108     
           4          84  0.968253379457688     
          14          85  0.968250582040408     
          19          86  0.592364016659394     
          20          86  0.332543655037535     
          86          87   1.14721253829657     
          86          88   1.55602460763722     
          86          89  0.104445828229901     
          87          89   1.12207815878268     
          88          90   1.27539304341293     
          89          90   1.57173712705612     
          88          91  0.960161365260200     
          89          92   1.03282145785952     
          90          93  0.962099360250793     
          92          94  0.968592791350961     
          92          95  0.963019607764201     
          92          96  0.946389397941390     
          94          97  0.988916492550067     
          95          98  0.991050482579925     
          97          99   1.01498800236013     
          98          99   1.01414439193501     
          97         100  0.969409802511176     
          97         101  0.968485175747092     
          98         102  0.970482430779553     
          98         103  0.969502383834846     
          99         104  0.960794049845995     
          99         105  0.972761799825730     
