   -0.12452739
    0.07895061
   -0.04364277
   -0.02078429
   -0.04273181
    0.05036125
    0.05623730
    0.05707053
    0.04575161
    0.07544099
   -0.13151430
    0.04243167
   -0.04463996
   -0.02340563
   -0.04574348
    0.04613519
    0.05163789
    0.07758599
   -0.14943580
    0.07889355
    0.40217395
   -0.40858661
    0.13059414
   -0.12152733
    0.05480630
    0.04431647
    0.05004083
   -0.10697203
    0.04669743
    0.03966644
    0.02551971
    0.13151994
   -0.40677097
   -0.11875677
    0.04464018
    0.04677891
    0.05128567
   -0.11920497
    0.04535777
    0.05371032
    0.04491504
    0.40126677
   -0.38404721
    0.12894219
   -0.12285742
    0.05369521
    0.05196007
    0.04921175
   -0.12297637
    0.04724093
    0.04718335
    0.05401605
    0.12741395
   -0.38472116
   -0.12248288
    0.05026856
    0.05218464
    0.04784285
   -0.12299752
    0.05042307
    0.04969962
    0.05138591
    0.39749948
   -0.36676621
    0.12503970
   -0.12665441
    0.05776480
    0.05635826
    0.04878068
   -0.12579069
    0.05669061
    0.05359069
    0.04214893
    0.12616780
   -0.38368359
   -0.12646233
    0.05106328
    0.04564842
    0.05825193
   -0.12589862
    0.05133892
    0.05390195
    0.05144933
    0.05324084
    0.05051355
   -0.04423450
   -0.01652657
    0.09603615
   -0.05668018
    0.01856800
   -0.25197739
   -0.07901219
    0.04212311
    0.02158963
   -0.06760414
    0.06364388
    0.07136868
    0.02753348
    0.01594314
    0.05536301
    0.05209747
   -0.03919910
   -0.04211628
   -0.03532798
    0.03131528
   -0.03565633
    0.03032254
   -0.03933737
    0.02964646
    0.03134022
    0.02965976
