           1           2   1.32193267610229     
           2           3   1.35115939313704     
           3           4   1.47894171453628     
           4           5   1.39079813251369     
           1           6   1.39913158061343     
           3           6  0.105930306102831     
           5           6   1.45186555702560     
           6           7  0.957146461038413     
           5           8  0.968341503271726     
           3           9  0.961749587121850     
           2          10   1.08433088658039     
          10          11   1.31051400791124     
          11          12   1.39374443779298     
          12          13   1.45191454817081     
          13          14   1.39061672501646     
          10          15   1.35620993081056     
          12          15  0.105143613444201     
          14          15   1.47505536358482     
          15          16  0.961544959168550     
          13          17  0.968896351538334     
          12          18  0.946369636412190     
           1          19  0.404123574423152     
          11          19  0.404193240981689     
          19          20  0.523965452761901     
          19          21  0.728273625916065     
          21          22   1.08857596719379     
          22          23  0.944109291277444     
          23          24  0.996277061732336     
          24          25  0.982482865491160     
          24          26  0.983681033268703     
          24          27  0.983354175531138     
          23          28  0.989518183773449     
          28          29  0.984117655963051     
          28          30  0.984030343805767     
          28          31  0.985021509948205     
          23          32  0.941390878284747     
          21          33   1.10616364602653     
          32          33  0.939907619818858     
          32          34  0.990918037057627     
          34          35  0.982706534236711     
          34          36  0.983692522840879     
          34          37  0.981912351960909     
          32          38  0.996811995483553     
          38          39  0.983277091761484     
          38          40  0.982500422385077     
          38          41  0.983678242565529     
          19          42  0.865520771626688     
          42          43   1.11536323324251     
          43          44  0.938422328361596     
          44          45  0.995618098250523     
          45          46  0.978996312025504     
          45          47  0.981937049423784     
          45          48  0.983053921042174     
          44          49  0.991160307458431     
          49          50  0.983129550998529     
          49          51  0.982027531922330     
          49          52  0.977889576686180     
          44          53  0.936523528172561     
          42          54   1.10026910554089     
          53          54  0.935150100793876     
          53          55  0.995072929111847     
          55          56  0.982747304561826     
          55          57  0.982884064593765     
          55          58  0.983024622454171     
          53          59  0.992404421160743     
          59          60  0.977744444104471     
          59          61  0.982980089479362     
          59          62  0.982790205458622     
          19          63  0.876628363709437     
          63          64   1.12541199923575     
          64          65  0.938895272553972     
          65          66  0.995055975694429     
          66          67  0.980663209400712     
          66          68  0.978303486565060     
          66          69  0.983027353396493     
          65          70  0.991683911071663     
          70          71  0.982396160116380     
          70          72  0.983257240245555     
          70          73  0.983963759597975     
          65          74  0.935834742639246     
          63          75   1.10667872444389     
          74          75  0.936428902610317     
          74          76  0.991421723122874     
          76          77  0.982725180250096     
          76          78  0.982001512546902     
          76          79  0.978507043680610     
          74          80  0.996443403442860     
          80          81  0.982338281691486     
          80          82  0.982714270770114     
          80          83  0.983183937555064     
           4          84  0.968675204246750     
          14          85  0.968842171316913     
          19          86  0.587468666841477     
          20          86  0.350942165126070     
          86          87   1.41691915910612     
          86          88   1.31676884087188     
          87          89   1.41274221762466     
          88          89  0.102133830765535     
          87          90  0.961839054965224     
          88          91   1.42253246266281     
          88          92   1.01018647237241     
          86          93  0.104686581149215     
          89          93   1.43876713791841     
          91          93   1.41206228101619     
          89          94  0.969587245896419     
          92          95  0.988619278855598     
          92          96  0.937987102429468     
          92          97  0.947359625731935     
          93          98  0.963057850739878     
          95          99   1.01435827378577     
          95         100  0.965471988799050     
          95         101  0.971881947816725     
          99         102   1.40473982668555     
          99         103   1.41431669804565     
         102         104   1.45018159779740     
         103         104  0.109068022829702     
         102         105  0.969127651180084     
         102         106  0.111155068769525     
         103         106   1.44086375117308     
         103         107  0.966781917843187     
          99         108  0.109644639637715     
         104         108   1.43235490137986     
         106         108   1.44186788940414     
         104         109  0.970957933967289     
         106         110  0.971070059762462     
         108         111  0.971542486698821     
