   -0.12289742
    0.07736561
   -0.04320592
   -0.01992482
   -0.04207136
    0.04880367
    0.05736168
    0.06206506
    0.05405772
    0.07341855
   -0.13332481
    0.04162917
   -0.04292390
   -0.02350954
   -0.04411234
    0.05336316
    0.05704828
    0.07560352
   -0.14212585
    0.08573668
    0.40598346
   -0.39980883
    0.12888853
   -0.12383024
    0.05536613
    0.04746604
    0.05417924
   -0.11235010
    0.05077229
    0.04498952
    0.02841064
    0.13022765
   -0.40068858
   -0.12438994
    0.05425690
    0.04884062
    0.05172818
   -0.12213664
    0.04746875
    0.05551501
    0.04835462
    0.40775815
   -0.37428875
    0.12824514
   -0.12712065
    0.05647919
    0.05812942
    0.05206798
   -0.12410395
    0.05195686
    0.05096951
    0.05347561
    0.12846491
   -0.38524967
   -0.12593068
    0.05700289
    0.05479543
    0.05177226
   -0.11809606
    0.03928046
    0.05587522
    0.04416983
    0.40645082
   -0.37679262
    0.12506662
   -0.13242265
    0.06016915
    0.05474892
    0.05328656
   -0.12969286
    0.06053443
    0.05311498
    0.05290290
    0.12668925
   -0.37257508
   -0.12627832
    0.05304934
    0.05599824
    0.05752108
   -0.12370753
    0.04204418
    0.05157237
    0.05694649
    0.05986243
    0.05667027
    0.06968569
   -0.04392001
   -0.24865546
    0.06949290
    0.04326305
    0.18973545
   -0.27372804
    0.04872805
    0.12069351
   -0.21770762
