           1           2   1.31936994342715     
           2           3   1.35107823687732     
           3           4   1.48004305619326     
           4           5   1.38932023244808     
           1           6   1.39410659133845     
           3           6  0.106052392590641     
           5           6   1.45487590450982     
           6           7  0.956576476607909     
           5           8  0.967700536560255     
           3           9  0.961590995377908     
           2          10   1.08622822622810     
          10          11   1.30482195037673     
          11          12   1.38308699183564     
          12          13   1.45719109099787     
          13          14   1.38873602062194     
          10          15   1.35833142207188     
          12          15  0.104561680435858     
          14          15   1.47349151034754     
          15          16  0.961453990263203     
          13          17  0.968223641543217     
          12          18  0.947215470605928     
           1          19  0.428547115141642     
          11          19  0.425701575127716     
          19          20  0.518942811528811     
          19          21  0.728701847964363     
          21          22   1.10484246245131     
          22          23  0.937942471473119     
          23          24  0.996751676650780     
          24          25  0.982352472906938     
          24          26  0.983206345068411     
          24          27  0.982780047933958     
          23          28  0.990747071648731     
          28          29  0.983607601538646     
          28          30  0.983745986245230     
          28          31  0.984761867547814     
          23          32  0.940809280049537     
          21          33   1.11940396935520     
          32          33  0.934262447670984     
          32          34  0.991459557256866     
          34          35  0.980638476181950     
          34          36  0.983097994870730     
          34          37  0.981602779983432     
          32          38  0.997493266456875     
          38          39  0.982898071259782     
          38          40  0.982443630214597     
          38          41  0.983321752955433     
          19          42  0.836254792900686     
          42          43   1.13948859514121     
          43          44  0.931536712329277     
          44          45  0.997266074497817     
          45          46  0.981843837446494     
          45          47  0.981583037511223     
          45          48  0.982617463038612     
          44          49  0.990936837585828     
          49          50  0.983050056181256     
          49          51  0.982082982230332     
          49          52  0.979821503038309     
          44          53  0.939586708534542     
          42          54   1.10743626764715     
          53          54  0.929993812795428     
          53          55  0.996508812147082     
          55          56  0.982148255251898     
          55          57  0.982752616075444     
          55          58  0.982682474323944     
          53          59  0.992526950748884     
          59          60  0.981672948960360     
          59          61  0.982268128528602     
          59          62  0.983351972832625     
          19          63  0.844162076773540     
          63          64   1.12075794673629     
          64          65  0.932982015382054     
          65          66  0.991832922197242     
          66          67  0.978515725302958     
          66          68  0.982251853851093     
          66          69  0.982531494964224     
          65          70  0.996817700038693     
          70          71  0.981912729093759     
          70          72  0.983004031505079     
          70          73  0.982185854235718     
          65          74  0.937671306461333     
          63          75   1.13142655685314     
          74          75  0.931746360248184     
          74          76  0.996104952278918     
          76          77  0.982523553933536     
          76          78  0.981824162177270     
          76          79  0.981255613541218     
          74          80  0.991841904096773     
          80          81  0.984040905299785     
          80          82  0.982801824843402     
          80          83  0.982851749360825     
           4          84  0.967930357730623     
          14          85  0.968200094398695     
          19          86  0.619910498044058     
          20          86  0.349690528605250     
          86          87   1.31575013481940     
          86          88   1.37738828301777     
          87          89   1.46821218087102     
          87          90  0.964036476663123     
          88          91   1.38136169279805     
          89          92   1.39469283007305     
          91          92   1.36038649596614     
          89          93  0.959287416513777     
          91          94   1.04820107567454     
          94          95   2.82866919282630     
