   -0.12324524
    0.07352857
   -0.04419419
   -0.02463799
   -0.04584051
    0.04781861
    0.04867970
    0.05059561
    0.04239817
    0.06897676
   -0.12499595
    0.04086729
   -0.04721628
   -0.02724207
   -0.04625375
    0.04051914
    0.04725609
    0.07605275
   -0.17217560
    0.09692159
    0.40254294
   -0.41208803
    0.13058931
   -0.11935036
    0.05147426
    0.04300580
    0.04944918
   -0.10741689
    0.04545350
    0.04015342
    0.02731866
    0.13116234
   -0.40714796
   -0.11860070
    0.04971892
    0.04375499
    0.04771788
   -0.11870505
    0.04632737
    0.05190980
    0.04345250
    0.40430503
   -0.38567051
    0.12864510
   -0.12491471
    0.05490173
    0.05431067
    0.04805973
   -0.11998860
    0.04685555
    0.04356067
    0.05096418
    0.12744373
   -0.38177614
   -0.12355996
    0.05253406
    0.05386785
    0.04649389
   -0.12391087
    0.04660301
    0.05038856
    0.05081245
    0.40261888
   -0.37968668
    0.12530187
   -0.12939209
    0.05784586
    0.05373157
    0.04838202
   -0.12817497
    0.06030163
    0.04895103
    0.05124222
    0.12760317
   -0.38551681
   -0.12260060
    0.04923050
    0.05188734
    0.05375504
   -0.11989624
    0.03902373
    0.04691857
    0.05297745
    0.04769223
    0.04432758
   -0.05128428
   -0.02886150
   -0.07477190
   -0.00504057
    0.01471567
   -0.03334345
    0.02017658
   -0.06651443
    0.03011795
    0.06252897
    0.07059304
    0.06670059
