           1           2   1.29994139167414     
           2           3   1.34259511168693     
           3           4   1.48983648613944     
           4           5   1.37186282089896     
           1           6   1.38305541080414     
           3           6  0.106048932027256     
           5           6   1.46718491393879     
           6           7  0.957198728433090     
           5           8  0.969058838739587     
           3           9  0.962096757546568     
           2          10   1.10121721431925     
          10          11   1.29347659044213     
          11          12   1.37905959213916     
          12          13   1.46460642284230     
          13          14   1.37475666638804     
          10          15   1.34756307015598     
          12          15  0.105064352025394     
          14          15   1.48423664369688     
          15          16  0.962122472039702     
          13          17  0.969360390151112     
          12          18  0.947977159918624     
           1          19  0.461322543848427     
          11          19  0.455883322278677     
          19          20  0.539692136505661     
          19          21  0.717465589648088     
          21          22   1.08548382552726     
          22          23  0.945128316974219     
          23          24  0.996154200909988     
          24          25  0.982932879124040     
          24          26  0.983885836423374     
          24          27  0.983450959728576     
          23          28  0.989661467225450     
          28          29  0.984335337013367     
          28          30  0.984202064054148     
          28          31  0.985316537923279     
          23          32  0.941015992210772     
          21          33   1.10487775352988     
          32          33  0.941506147802205     
          32          34  0.990561975200201     
          34          35  0.981679935771328     
          34          36  0.983932312359198     
          34          37  0.982450183787644     
          32          38  0.996589355001965     
          38          39  0.983235119510503     
          38          40  0.983041810130840     
          38          41  0.983985961144274     
          19          42  0.870938133260310     
          42          43   1.10843822948863     
          43          44  0.938846036678602     
          44          45  0.996508149639913     
          45          46  0.982371481938938     
          45          47  0.982235587442022     
          45          48  0.983420838494047     
          44          49  0.990397165992500     
          49          50  0.983707602352871     
          49          51  0.982745089455696     
          49          52  0.980015387841252     
          44          53  0.939050672900707     
          42          54   1.10392265508151     
          53          54  0.937807687581470     
          53          55  0.995957373775312     
          55          56  0.982685743113745     
          55          57  0.982912532118443     
          55          58  0.983483175213959     
          53          59  0.990986643303933     
          59          60  0.982268242581460     
          59          61  0.983450161719553     
          59          62  0.983087867921277     
          19          63  0.876828448049210     
          63          64   1.10604582314666     
          64          65  0.940226633556046     
          65          66  0.990777672978163     
          66          67  0.979026254562063     
          66          68  0.982627756008681     
          66          69  0.983348491469219     
          65          70  0.996320635897206     
          70          71  0.982083524232247     
          70          72  0.983677782770226     
          70          73  0.982441075097504     
          65          74  0.938029336057826     
          63          75   1.10998268932095     
          74          75  0.938167447306381     
          74          76  0.995822253555393     
          76          77  0.983187998254528     
          76          78  0.982467315984570     
          76          79  0.981761839697128     
          74          80  0.990736113448349     
          80          81  0.984106572651131     
          80          82  0.983497120071488     
          80          83  0.983548792290229     
           4          84  0.969353212872133     
          14          85  0.969518103674552     
          19          86  0.592065308677306     
          20          86  0.345354471275278     
          86          87   1.49529460364685     
          86          88   1.28981842241787     
          87          89   1.20952013974458     
          87          90  0.967435072406050     
          87          91  0.130298763460980     
          88          91   1.54614227568661     
          89          91   1.22002759024327     
          88          92  0.969483814426312     
          89          93   1.00549853995978     
          91          94  0.969026051850923     
          93          95  0.971918696869029     
          93          96  0.977855115509884     
          93          97  0.979149191434240     
