   -0.12367971
    0.07297354
   -0.04433946
   -0.02489598
   -0.04614983
    0.04756960
    0.04878463
    0.05011780
    0.04169643
    0.06836038
   -0.12503453
    0.04043622
   -0.04747244
   -0.02757756
   -0.04639004
    0.03975809
    0.04692584
    0.07663862
   -0.17262046
    0.09741105
    0.40271880
   -0.41246425
    0.13060156
   -0.11926364
    0.05137133
    0.04288748
    0.04939998
   -0.10722131
    0.04527923
    0.03996683
    0.02721765
    0.13119391
   -0.40718559
   -0.11843514
    0.04958242
    0.04357077
    0.04768684
   -0.11865259
    0.04629583
    0.05192373
    0.04325723
    0.40492657
   -0.38512212
    0.12864014
   -0.12499027
    0.05553038
    0.05410470
    0.04800067
   -0.11982046
    0.04679606
    0.04352746
    0.05039310
    0.12739734
   -0.38116070
   -0.12365596
    0.05230823
    0.05395813
    0.04647673
   -0.12424631
    0.04804637
    0.05045422
    0.05077533
    0.40297843
   -0.37901614
    0.12522546
   -0.12942788
    0.05791707
    0.05410916
    0.04829878
   -0.12824461
    0.06052492
    0.04884304
    0.05103922
    0.12765624
   -0.38559583
   -0.12250032
    0.04918361
    0.05173319
    0.05374314
   -0.11977918
    0.03898492
    0.04645815
    0.05290944
    0.04703694
    0.04351693
   -0.04986200
   -0.01946986
   -0.08508142
   -0.11877720
    0.01156301
    0.03045351
    0.01948323
    0.18973025
   -0.12318097
    0.05115337
    0.05082095
    0.05298952
