           1           2   1.29875126214867     
           2           3   1.34187536438608     
           3           4   1.49066943383110     
           4           5   1.37061855838615     
           1           6   1.38233900345098     
           3           6  0.106092901470828     
           5           6   1.46809746140351     
           6           7  0.957289240370372     
           5           8  0.969114588772111     
           3           9  0.962186262573367     
           2          10   1.10255620244547     
          10          11   1.29237310703202     
          11          12   1.37777200427116     
          12          13   1.46577237606673     
          13          14   1.37338887254644     
          10          15   1.34661999562874     
          12          15  0.105139183793533     
          14          15   1.48512848475704     
          15          16  0.962220439299181     
          13          17  0.969389857583895     
          12          18  0.947853437493440     
           1          19  0.463075478933875     
          11          19  0.456869979208830     
          19          20  0.542502880644384     
          19          21  0.714215216822040     
          21          22   1.08570990352661     
          22          23  0.945098125898522     
          23          24  0.996172028745663     
          24          25  0.982944107021431     
          24          26  0.983881089188493     
          24          27  0.983459993555443     
          23          28  0.989680166142689     
          28          29  0.984337189360509     
          28          30  0.984218419740237     
          28          31  0.985286850644969     
          23          32  0.940984550231377     
          21          33   1.10434658458107     
          32          33  0.941876542294088     
          32          34  0.990498924113513     
          34          35  0.981684366864044     
          34          36  0.983963774755738     
          34          37  0.982422442176657     
          32          38  0.996530833741922     
          38          39  0.983246090132892     
          38          40  0.983065530554716     
          38          41  0.984006510843049     
          19          42  0.870464508408908     
          42          43   1.10785082357553     
          43          44  0.938801487697896     
          44          45  0.996511155372551     
          45          46  0.982376318673349     
          45          47  0.982232170465406     
          45          48  0.983418778059539     
          44          49  0.990374256999681     
          49          50  0.983741307372813     
          49          51  0.982592786727815     
          49          52  0.980233846518614     
          44          53  0.939198783716364     
          42          54   1.10505878473624     
          53          54  0.937405901708307     
          53          55  0.996102407377484     
          55          56  0.982698559005548     
          55          57  0.982891697538571     
          55          58  0.983490811914345     
          53          59  0.990963437385799     
          59          60  0.982028999845685     
          59          61  0.983420990435661     
          59          62  0.983103905980987     
          19          63  0.875927505416904     
          63          64   1.10633279897281     
          64          65  0.940340279734860     
          65          66  0.990779178691389     
          66          67  0.979111712178151     
          66          68  0.982602726347915     
          66          69  0.983377247742871     
          65          70  0.996279864512980     
          70          71  0.982053528641625     
          70          72  0.983700173012724     
          70          73  0.982464641958142     
          65          74  0.937978292782022     
          63          75   1.10926256538244     
          74          75  0.938454582252212     
          74          76  0.995805423445431     
          76          77  0.983224821546209     
          76          78  0.982487692880802     
          76          79  0.981593157612407     
          74          80  0.990663217214677     
          80          81  0.984157576415745     
          80          82  0.983516578733012     
          80          83  0.983552411625293     
           4          84  0.969417073965131     
          14          85  0.969590340903364     
          19          86  0.593607932394759     
          20          86  0.342682324578884     
          86          87   1.51127165290077     
          86          88   1.27713797190946     
          87          89   1.20385230561868     
          87          90  0.968410200295973     
          87          91  0.130006647499331     
          88          91   1.53303713168381     
          89          91   1.20737292485299     
          88          92  0.969431666136774     
          89          93  0.935240643638000     
          91          94   1.02629325666185     
          94          95  0.973384238543758     
          94          96  0.973384826432399     
          94          97  0.984001512831002     
