   -0.12087120
    0.07746767
   -0.04199033
   -0.02187731
   -0.04290439
    0.04757741
    0.05505671
    0.05705251
    0.04660580
    0.07355323
   -0.12618481
    0.04176657
   -0.04457097
   -0.02365208
   -0.04550875
    0.04700657
    0.05097807
    0.07627490
   -0.15440175
    0.09910128
    0.40087633
   -0.40755400
    0.12983032
   -0.12219831
    0.05458997
    0.04532081
    0.05094326
   -0.10974120
    0.04777325
    0.04136879
    0.02818645
    0.13021761
   -0.40030877
   -0.12146069
    0.05049491
    0.04666671
    0.05064270
   -0.12059501
    0.04738925
    0.05366064
    0.04535330
    0.40136744
   -0.38047659
    0.12797393
   -0.12698488
    0.05562307
    0.05681268
    0.04993781
   -0.12302070
    0.04899528
    0.04677606
    0.05406540
    0.12712802
   -0.38160146
   -0.12476756
    0.05483121
    0.05394147
    0.04870103
   -0.12473235
    0.04513973
    0.05337709
    0.04911269
    0.39757673
   -0.37672521
    0.12426215
   -0.13215066
    0.06058684
    0.05415357
    0.05040768
   -0.12970728
    0.06036982
    0.05086773
    0.05188644
    0.12606652
   -0.37614839
   -0.12505112
    0.05098224
    0.05404667
    0.05542501
   -0.12369627
    0.04146779
    0.05088756
    0.05474803
    0.05343106
    0.05025507
   -0.03223333
   -0.05771150
   -0.04764117
    0.11208911
    0.04516866
   -0.06329577
    0.06005141
   -0.31762404
    0.11038030
    0.05986258
    0.22027024
   -0.31326862
    0.04774567
    0.04812970
