           1           2   1.31333721298570     
           2           3   1.35116654067736     
           3           4   1.48071569031622     
           4           5   1.38488930213527     
           1           6   1.38843507116335     
           3           6  0.105753265630444     
           5           6   1.45880264251027     
           6           7  0.956777444137507     
           5           8  0.968320842505896     
           3           9  0.961980069185855     
           2          10   1.08796601817748     
          10          11   1.30846857718147     
          11          12   1.39091154432205     
          12          13   1.45440760599407     
          13          14   1.38827949432995     
          10          15   1.35501790335826     
          12          15  0.105323009385921     
          14          15   1.47681698521489     
          15          16  0.961848262046488     
          13          17  0.968970015008011     
          12          18  0.947881316193464     
           1          19  0.435997229381405     
          11          19  0.424282997298357     
          19          20  0.527161579314045     
          19          21  0.741946156252202     
          21          22   1.09031553883211     
          22          23  0.942663134861552     
          23          24  0.996597628869114     
          24          25  0.982610787821614     
          24          26  0.983599584636359     
          24          27  0.983266511900598     
          23          28  0.989863841157612     
          28          29  0.984044820414381     
          28          30  0.984054705567370     
          28          31  0.985397577608005     
          23          32  0.941279692766615     
          21          33   1.11245029514041     
          32          33  0.939319596225829     
          32          34  0.990677601621076     
          34          35  0.982281854953174     
          34          36  0.983709530349068     
          34          37  0.982250592628746     
          32          38  0.996859091016188     
          38          39  0.983162942094800     
          38          40  0.982715571948926     
          38          41  0.983716138261803     
          19          42  0.859978227290768     
          42          43   1.12018327411154     
          43          44  0.935252092335505     
          44          45  0.996875167773244     
          45          46  0.982177467189512     
          45          47  0.981673826012295     
          45          48  0.983020786316736     
          44          49  0.990998736918972     
          49          50  0.983341642407252     
          49          51  0.982316620004523     
          49          52  0.979392698655422     
          44          53  0.939101829658380     
          42          54   1.10927825230501     
          53          54  0.934401218129776     
          53          55  0.996357174350381     
          55          56  0.982385644021961     
          55          57  0.982810599535934     
          55          58  0.983118592296952     
          53          59  0.991455855297414     
          59          60  0.982056450911169     
          59          61  0.982952694609293     
          59          62  0.983140682175202     
          19          63  0.870156609805948     
          63          64   1.11177433605088     
          64          65  0.938406292010118     
          65          66  0.991231903934322     
          66          67  0.978125674114603     
          66          68  0.982514682794547     
          66          69  0.983011936569233     
          65          70  0.996236870544408     
          70          71  0.981957705754019     
          70          72  0.983410643710871     
          70          73  0.982239139599555     
          65          74  0.936986634138934     
          63          75   1.12236481178352     
          74          75  0.936105163834327     
          74          76  0.995579670955695     
          76          77  0.982944981170884     
          76          78  0.982286505098503     
          76          79  0.981339420926933     
          74          80  0.991492216560062     
          80          81  0.983863071825377     
          80          82  0.983054871715546     
          80          83  0.983197131373619     
           4          84  0.968730415913902     
          14          85  0.968899327377753     
          19          86  0.574840046164888     
          20          86  0.355876892499569     
          86          87   1.35539814528453     
          86          88   1.40209382399330     
          87          89   1.41626447583415     
          87          90  0.961989317325518     
          88          91   1.41207038997929     
          88          92  0.959781702455356     
          89          93   1.00003250497043     
          89          94   1.30805227276145     
          91          94   1.40668615639837     
          91          95  0.965480638358504     
          93          96  0.977955260449174     
          94          97   1.00038086013198     
          96          97  0.979958569980918     
          96          98  0.961332146418302     
          96          99  0.961565185917597     
