   -0.12022986
    0.07826761
   -0.04177429
   -0.02024210
   -0.04151313
    0.04825144
    0.05699414
    0.06087759
    0.05077971
    0.07439862
   -0.12736573
    0.04171925
   -0.04297614
   -0.02219464
   -0.04469678
    0.05105429
    0.05536416
    0.07786523
   -0.14612648
    0.09889662
    0.40248923
   -0.40440748
    0.12950260
   -0.12297382
    0.05509144
    0.04644784
    0.05228244
   -0.11106069
    0.04929696
    0.04303649
    0.02837137
    0.13025818
   -0.39985779
   -0.12284323
    0.05278197
    0.04756951
    0.05077928
   -0.12121875
    0.04771604
    0.05424026
    0.04662371
    0.40176205
   -0.38099099
    0.12879063
   -0.12643420
    0.05614246
    0.05707302
    0.05108242
   -0.12300505
    0.05010939
    0.04763369
    0.05347092
    0.12761270
   -0.38265513
   -0.12515496
    0.05526587
    0.05450611
    0.04983737
   -0.12055347
    0.04298995
    0.05493008
    0.04845559
    0.40021093
   -0.37794686
    0.12483624
   -0.13119782
    0.05971242
    0.05441741
    0.05136536
   -0.12986952
    0.06067820
    0.05186906
    0.05236757
    0.12653857
   -0.37498190
   -0.12544251
    0.05212502
    0.05509477
    0.05581425
   -0.12378018
    0.04159275
    0.05133345
    0.05589521
    0.05764565
    0.05464391
   -0.02829946
   -0.05225760
   -0.04700184
    0.15909008
    0.05408701
    0.07699251
    0.06784201
   -0.25849020
   -0.07006951
   -0.17894683
    0.07178836
