           1           2   1.31941088832832     
           2           3   1.35382808179663     
           3           4   1.47778255427103     
           4           5   1.39051540961817     
           1           6   1.39248076005609     
           3           6  0.105683604930145     
           5           6   1.45483233137315     
           6           7  0.956626802943192     
           5           8  0.967843284390356     
           3           9  0.961378162388259     
           2          10   1.08424455031952     
          10          11   1.31227144780188     
          11          12   1.39198597724517     
          12          13   1.45189781953009     
          13          14   1.39310543111198     
          10          15   1.35842924854564     
          12          15  0.104975746096222     
          14          15   1.47346357522566     
          15          16  0.961220013533351     
          13          17  0.968459127913905     
          12          18  0.947173362802034     
           1          19  0.427069374972279     
          11          19  0.419283721017705     
          19          20  0.537495714181243     
          19          21  0.740370066114951     
          21          22   1.09748521979298     
          22          23  0.940379531776483     
          23          24  0.996798796136644     
          24          25  0.982462763266716     
          24          26  0.983356212056455     
          24          27  0.983059165170586     
          23          28  0.990384339688322     
          28          29  0.983815316888906     
          28          30  0.983917992340323     
          28          31  0.985334901163221     
          23          32  0.941238393141308     
          21          33   1.11648007966755     
          32          33  0.936950524587800     
          32          34  0.991056314255352     
          34          35  0.981213196156382     
          34          36  0.983413939067293     
          34          37  0.981843360548870     
          32          38  0.997210265382337     
          38          39  0.983064722708990     
          38          40  0.982620872279329     
          38          41  0.983499409588002     
          19          42  0.852665659600315     
          42          43   1.12499386430974     
          43          44  0.932811443772532     
          44          45  0.997309077408476     
          45          46  0.981789523577802     
          45          47  0.981516337865743     
          45          48  0.982735179167355     
          44          49  0.991282828013208     
          49          50  0.983125810301858     
          49          51  0.982214288539457     
          49          52  0.979441773503895     
          44          53  0.939281427906025     
          42          54   1.11279246658851     
          53          54  0.931241738979710     
          53          55  0.996417224471240     
          55          56  0.982269629087574     
          55          57  0.982729371807013     
          55          58  0.982822343008436     
          53          59  0.992229636879598     
          59          60  0.981371475755139     
          59          61  0.982585457567179     
          59          62  0.983083831087883     
          19          63  0.855327142993868     
          63          64   1.11312350100632     
          64          65  0.935812121970197     
          65          66  0.991616665816975     
          66          67  0.978364276272643     
          66          68  0.982393608681675     
          66          69  0.982776925640037     
          65          70  0.996585278363018     
          70          71  0.981874834156501     
          70          72  0.983189232632952     
          70          73  0.982147786789254     
          65          74  0.937643150839771     
          63          75   1.12829303342928     
          74          75  0.933452860111566     
          74          76  0.996112555087847     
          76          77  0.982646041139625     
          76          78  0.981979204385716     
          76          79  0.981306162656112     
          74          80  0.991720072535746     
          80          81  0.983819594455446     
          80          82  0.982934539056286     
          80          83  0.983010201820342     
           4          84  0.968239564123116     
          14          85  0.968422681450958     
          19          86  0.585093828547592     
          20          86  0.347232142027090     
          86          87   1.37526055671302     
          86          88   1.36188934966828     
          87          89   1.40447316975071     
          87          90  0.960872286875867     
          88          91   1.43704206932909     
          88          92  0.958235438197309     
          89          93  0.928441079654939     
          89          94   1.39220612937984     
          91          94   1.39165378394322     
          91          95  0.961068592552372     
          94          96  0.964538155112789     
