           1           2   1.07474768047515     
           2           3   1.12724986934837     
           3           4   2.76784098092628     
           2           5   1.47632811543269     
           5           6   1.33634529117724     
           1           7   1.13672978539762     
           2           7  0.121752927907110     
           6           7   1.52658732353162     
           7           8   1.03583966735875     
           5           9  0.972656486916343     
           6          10  0.971421986583926     
           8          11  0.980353144390222     
           8          12  0.961237546118880     
           8          13  0.961407642278902     
