   -0.13220683
    0.07395375
   -0.04683145
   -0.02256687
   -0.04528430
    0.04368878
    0.07502151
    0.05279827
    0.04186415
    0.07116344
   -0.13650493
    0.04430409
   -0.04515520
   -0.02577244
   -0.04826699
    0.04093626
    0.04733302
    0.07907980
   -0.14938308
    0.09836978
    0.39867366
   -0.40920940
    0.13028872
   -0.12213529
    0.05380430
    0.04356919
    0.05173828
   -0.10752024
    0.04454308
    0.04054056
    0.02480956
    0.13089644
   -0.40968310
   -0.11916672
    0.04391574
    0.04717607
    0.05046583
   -0.11760425
    0.04114078
    0.05301435
    0.04433023
    0.39944584
   -0.37265183
    0.12692471
   -0.12901039
    0.05622117
    0.06013609
    0.04834234
   -0.12353358
    0.04746967
    0.05176246
    0.04876418
    0.12702389
   -0.38144926
   -0.12379881
    0.05134489
    0.05331958
    0.04741296
   -0.12301118
    0.04564027
    0.05029503
    0.04771480
    0.39958827
   -0.38187541
    0.12453613
   -0.13035327
    0.05144488
    0.05550321
    0.05312331
   -0.12754250
    0.05755042
    0.04920528
    0.05061243
    0.12651348
   -0.36850113
   -0.12948069
    0.05147174
    0.05727114
    0.05882223
   -0.12070982
    0.04576510
    0.04364787
    0.05247505
    0.04783123
    0.04432422
   -0.02432204
   -0.04252754
   -0.03213417
   -0.04615196
    0.01295587
    0.02213274
   -0.02854793
   -0.05853761
    0.01722025
    0.10041272
   -0.05043533
   -0.13167499
    0.02882506
   -0.32965623
    0.04270709
    0.04928694
    0.07130994
    0.05722129
    0.55295684
   -0.21829414
   -0.21839567
   -0.21547656
    0.04377988
    0.04524750
    0.04692076
    0.04275042
    0.04351470
    0.04763631
    0.04287875
    0.04648409
    0.03219847
