           1           2   1.32248444679280     
           2           3   1.34739589986763     
           3           4   1.48207285294310     
           4           5   1.38790454384038     
           1           6   1.39975908543603     
           3           6  0.106995577241287     
           5           6   1.45288177373674     
           6           7  0.949554014035085     
           5           8  0.968884698990007     
           3           9  0.962992976915127     
           2          10   1.08731681004567     
          10          11   1.31192847927145     
          11          12   1.39033204248519     
          12          13   1.45585290161299     
          13          14   1.38620249133788     
          10          15   1.35026585468371     
          12          15  0.105901483677115     
          14          15   1.47721645547282     
          15          16  0.962920038493157     
          13          17  0.969363629632222     
          12          18  0.944768228041647     
           1          19  0.398207915451117     
          11          19  0.385915281757203     
          19          20  0.510421858194187     
          19          21  0.736297696530529     
          21          22   1.08334119242376     
          22          23  0.945167609793949     
          23          24  0.996046129433408     
          24          25  0.981661371496402     
          24          26  0.983781496811669     
          24          27  0.983085721355407     
          23          28  0.989651209494782     
          28          29  0.984194264724247     
          28          30  0.984234144869497     
          28          31  0.981890629397914     
          23          32  0.940110887999242     
          21          33   1.10068495252796     
          32          33  0.943242418572918     
          32          34  0.990968757962403     
          34          35  0.983246177460383     
          34          36  0.983568092280041     
          34          37  0.981806238326592     
          32          38  0.995975635679603     
          38          39  0.983336717195636     
          38          40  0.982968475417645     
          38          41  0.983965371802450     
          19          42  0.883459815808891     
          42          43   1.12681002699062     
          43          44  0.939825245606505     
          44          45  0.996339924226433     
          45          46  0.981854562572012     
          45          47  0.982205508394723     
          45          48  0.983672164611720     
          44          49  0.990101152994823     
          49          50  0.983761764238652     
          49          51  0.982825065379426     
          49          52  0.980789437512591     
          44          53  0.938466581145616     
          42          54   1.09758275047881     
          53          54  0.936764670908317     
          53          55  0.995955094021536     
          55          56  0.982706085297449     
          55          57  0.983003307361517     
          55          58  0.983394457230216     
          53          59  0.991309025342528     
          59          60  0.979152471628309     
          59          61  0.983430943190198     
          59          62  0.983240315625833     
          19          63  0.903018191445576     
          63          64   1.08433939611644     
          64          65  0.941275446958017     
          65          66  0.991645174098436     
          66          67  0.980747501041099     
          66          68  0.982458462143693     
          66          69  0.982967910700419     
          65          70  0.995002061604401     
          70          71  0.982398585341241     
          70          72  0.983138776181170     
          70          73  0.982282006756410     
          65          74  0.936819726279639     
          63          75   1.12604899103939     
          74          75  0.940630511066261     
          74          76  0.996150801875532     
          76          77  0.983210238395688     
          76          78  0.982358865756217     
          76          79  0.981364875565487     
          74          80  0.989258645481682     
          80          81  0.982651539475813     
          80          82  0.982145396611255     
          80          83  0.983041817503559     
           4          84  0.969079894924697     
          14          85  0.969329317695131     
          19          86  0.571081820602778     
          20          86  0.370415362885252     
          86          87   1.45036028473100     
          86          88   1.28506600270509     
          87          89   1.35886816456497     
          87          90  0.962659424184602     
          88          91   1.22384391871080     
          88          92   1.21197840963747     
          86          93  0.101008804873921     
          89          93   1.49232835756542     
          91          93   1.32251619801977     
          89          94  0.970763149390024     
          91          95   1.16833179967071     
          92          96   1.55423270318141     
          95          96   1.17421340998318     
          92          97   1.02955397566681     
          93          98  0.967489446974454     
          95          99  0.981868938270853     
          96         100  0.966436488688163     
          97         101  0.982522252709537     
          97         102  0.952154754129383     
          97         103  0.966367292732269     
          99         104   1.00936241040021     
         104         105  0.900528726937655     
         104         106  0.896948775702158     
         104         107  0.880151591598501     
         105         108  0.983426876037701     
         105         109  0.982879036188849     
         105         110  0.988849065982864     
         106         111  0.983114013063247     
         106         112  0.988706798355085     
         106         113  0.982703889536138     
         107         114  0.987734944536803     
         107         115  0.986257399551382     
         107         116  0.996653329354425     
