   -0.12136574
    0.07639674
   -0.04308287
   -0.02234074
   -0.04369558
    0.04809477
    0.05245056
    0.05615174
    0.04731963
    0.07295835
   -0.12817633
    0.04218525
   -0.04510859
   -0.02450296
   -0.04516621
    0.04629653
    0.05124483
    0.07390929
   -0.15717325
    0.08547584
    0.40282068
   -0.40892131
    0.13013328
   -0.12163835
    0.05364519
    0.04511089
    0.05117009
   -0.10908883
    0.04765075
    0.04143072
    0.02775178
    0.13072511
   -0.40295450
   -0.12021923
    0.04973452
    0.04634398
    0.04976360
   -0.12005353
    0.04723738
    0.05332270
    0.04536637
    0.40274428
   -0.38426827
    0.12868372
   -0.12628273
    0.05657383
    0.05590249
    0.04980393
   -0.12129857
    0.04907986
    0.04596810
    0.05167755
    0.12777312
   -0.38511169
   -0.12398508
    0.05353429
    0.05384727
    0.04858660
   -0.12361441
    0.04781419
    0.05266607
    0.04902367
    0.40111363
   -0.37983605
    0.12517527
   -0.13042489
    0.05870140
    0.05414434
    0.05035467
   -0.12890208
    0.06037544
    0.05084915
    0.05157640
    0.12681969
   -0.37996309
   -0.12426577
    0.05093773
    0.05376563
    0.05480460
   -0.12229886
    0.04024153
    0.05000957
    0.05469532
    0.05341932
    0.05031353
   -0.03793975
   -0.01616679
    0.05174383
   -0.05976321
    0.02264620
   -0.25835070
    0.03640416
    0.09038492
    0.02989162
   -0.12988621
    0.06720213
    0.05536133
    0.05654522
