           1           2   1.30922062128027     
           2           3   1.34745767884144     
           3           4   1.48447040469053     
           4           5   1.38068269058101     
           1           6   1.38702606714981     
           3           6  0.105937284925072     
           5           6   1.46147013927487     
           6           7  0.956802905618067     
           5           8  0.968418810396021     
           3           9  0.961627967695488     
           2          10   1.09295227733594     
          10          11   1.30155746610825     
          11          12   1.38547168561078     
          12          13   1.45851224901536     
          13          14   1.38337719701611     
          10          15   1.35247995285354     
          12          15  0.105122484829047     
          14          15   1.47944358964751     
          15          16  0.961569943201346     
          13          17  0.968937747140900     
          12          18  0.948104386654377     
           1          19  0.448350213431653     
          11          19  0.436515464771225     
          19          20  0.532095119421312     
          19          21  0.727648008765266     
          21          22   1.09022329171258     
          22          23  0.942389371113419     
          23          24  0.996604483257768     
          24          25  0.982699024215719     
          24          26  0.983589110129479     
          24          27  0.983250160706514     
          23          28  0.989962807218858     
          28          29  0.984051934207059     
          28          30  0.984051356018043     
          28          31  0.985320268432103     
          23          32  0.941300316033369     
          21          33   1.11242821392048     
          32          33  0.938956446077307     
          32          34  0.990769076334851     
          34          35  0.982173831904718     
          34          36  0.983726272565462     
          34          37  0.982387086539784     
          32          38  0.996881769216283     
          38          39  0.983140575608934     
          38          40  0.982800663840441     
          38          41  0.983711620299873     
          19          42  0.855712406545823     
          42          43   1.11801916782209     
          43          44  0.935108457540309     
          44          45  0.996905988753888     
          45          46  0.982062326493306     
          45          47  0.981777747228701     
          45          48  0.983020413907797     
          44          49  0.990873635632648     
          49          50  0.983387016974064     
          49          51  0.982554875501284     
          49          52  0.980244261842804     
          44          53  0.939202961452367     
          42          54   1.10751760734511     
          53          54  0.933514606928917     
          53          55  0.996171465956792     
          55          56  0.982522753816840     
          55          57  0.982823535872999     
          55          58  0.983165160964310     
          53          59  0.991792079694242     
          59          60  0.981822586479725     
          59          61  0.982848084178698     
          59          62  0.983018451266602     
          19          63  0.868319617605865     
          63          64   1.11139037567592     
          64          65  0.937533391572487     
          65          66  0.991329383487284     
          66          67  0.978545358081609     
          66          68  0.982482766738163     
          66          69  0.983012733489058     
          65          70  0.996414805783424     
          70          71  0.981984849690150     
          70          72  0.983383657295076     
          70          73  0.982305097211757     
          65          74  0.937440144522138     
          63          75   1.11958050264502     
          74          75  0.935874022588385     
          74          76  0.995750811673112     
          76          77  0.982944928405425     
          76          78  0.982276296824402     
          76          79  0.981546264122815     
          74          80  0.991336500468825     
          80          81  0.983968310234833     
          80          82  0.983151936037644     
          80          83  0.983224525684984     
           4          84  0.968736924903648     
          14          85  0.968906345820931     
          19          86  0.585675909131460     
          20          86  0.349694170763883     
          86          87   1.38311611234341     
          86          88   1.36660453947833     
          87          89   1.44587540114264     
          88          89  0.109295924921342     
          87          90  0.964066790793019     
          88          91   1.44325052173324     
          88          92  0.955064960911263     
          89          93   1.39180198891605     
          91          93   1.39407675670927     
          89          94  0.968211091385213     
          93          95   1.02121096061571     
          95          96  0.983855239528683     
          95          97  0.971513613065115     
          95          98  0.969733763769176     
