   -0.13868667
    0.07322409
   -0.04561629
   -0.02216313
   -0.04414245
    0.04364447
    0.08255915
    0.05356721
    0.04013976
    0.07045095
   -0.13437404
    0.05027361
   -0.04244935
   -0.02342471
   -0.04892585
    0.04021206
    0.04777676
    0.07563660
   -0.14345380
    0.08846952
    0.39763749
   -0.41089432
    0.13043786
   -0.12245222
    0.05335044
    0.04380681
    0.05344028
   -0.10792328
    0.04495443
    0.04310431
    0.02469897
    0.13188457
   -0.41648385
   -0.11500074
    0.04482926
    0.04652610
    0.04358600
   -0.11383165
    0.03625600
    0.04965650
    0.04388717
    0.40826943
   -0.36839087
    0.12802642
   -0.13058005
    0.05755232
    0.05494986
    0.04887371
   -0.12396747
    0.04639249
    0.05691581
    0.04859520
    0.12819518
   -0.38370855
   -0.11915986
    0.04506742
    0.04364382
    0.04704933
   -0.12390018
    0.05517284
    0.04765115
    0.05237237
    0.39612493
   -0.38389954
    0.12543296
   -0.13391142
    0.05376444
    0.05660318
    0.05410349
   -0.12828869
    0.05645312
    0.04968382
    0.05163012
    0.12708868
   -0.37108182
   -0.13262851
    0.05068480
    0.05821946
    0.06143182
   -0.12616052
    0.05161025
    0.04536300
    0.05023938
    0.04798985
    0.04640953
   -0.03583106
   -0.04313143
    0.01860016
   -0.05280881
    0.01378668
    0.11088249
   -0.03006247
   -0.04937011
    0.00984259
   -0.34116115
   -0.04242886
   -0.03436886
    0.02434950
    0.56233515
    0.04446105
   -0.11075212
   -0.22312175
   -0.22650777
   -0.22345833
    0.04634630
    0.04486904
    0.04692276
    0.04265813
    0.04463389
    0.04741940
    0.04957717
    0.05686698
    0.04306185
    0.06971052
    0.03281641
    0.05379196
