           1           2   1.32537562235383     
           2           3   1.35316350533496     
           3           4   1.47644096925331     
           4           5   1.39394924930391     
           1           6   1.40327767988297     
           3           6  0.106356148836224     
           5           6   1.44777649767418     
           6           7  0.946453469058869     
           5           8  0.968775387306522     
           3           9  0.962407699392628     
           2          10   1.08343976838570     
          10          11   1.32051509784166     
          11          12   1.39969426194514     
          12          13   1.44857374080979     
          13          14   1.39320126232250     
          10          15   1.35366757644736     
          12          15  0.105812953493853     
          14          15   1.47487197726228     
          15          16  0.962302635229254     
          13          17  0.969336188818144     
          12          18  0.946600193145880     
           1          19  0.375635974995601     
          11          19  0.375175961498542     
          19          20  0.517792181346644     
          19          21  0.738416061406982     
          21          22   1.08665331414054     
          22          23  0.944312515044551     
          23          24  0.995647241796081     
          24          25  0.982097476649283     
          24          26  0.983556874887022     
          24          27  0.982774586100582     
          23          28  0.990531471359034     
          28          29  0.983931177797415     
          28          30  0.983880307268336     
          28          31  0.981514055194396     
          23          32  0.938667828485714     
          21          33   1.08782999079372     
          32          33  0.947490225341801     
          32          34  0.990798093284530     
          34          35  0.984097649122309     
          34          36  0.983390651614054     
          34          37  0.980963323270208     
          32          38  0.994621823309356     
          38          39  0.983392806542536     
          38          40  0.983117038355797     
          38          41  0.984176037810691     
          19          42  0.862325684365435     
          42          43   1.14441205320311     
          43          44  0.940400516688691     
          44          45  0.990653102994446     
          45          46  0.978186898849135     
          45          47  0.982236641273367     
          45          48  0.983607740173104     
          44          49  0.995165822219910     
          49          50  0.983730145309281     
          49          51  0.982524201841625     
          49          52  0.980328605568132     
          44          53  0.937355252582088     
          42          54   1.08932514743701     
          53          54  0.938764276102645     
          53          55  0.990469794184606     
          55          56  0.982317914257731     
          55          57  0.983117725530928     
          55          58  0.983374805320923     
          53          59  0.996530789096162     
          59          60  0.979862691439612     
          59          61  0.983417083279006     
          59          62  0.982831037873829     
          19          63  0.920025162366359     
          63          64   1.07929049627743     
          64          65  0.939140332108247     
          65          66  0.992137499451088     
          66          67  0.979583401730181     
          66          68  0.981988524878443     
          66          69  0.982809669846063     
          65          70  0.994760807334226     
          70          71  0.982509556792875     
          70          72  0.982927619559175     
          70          73  0.981917706655076     
          65          74  0.937576735834522     
          63          75   1.11885026738791     
          74          75  0.939217065710310     
          74          76  0.996701600375771     
          76          77  0.983012860253956     
          76          78  0.982268738249881     
          76          79  0.977082387204795     
          74          80  0.988720472154677     
          80          81  0.978614335302772     
          80          82  0.983116591877823     
          80          83  0.983325145929999     
           4          84  0.969092882173023     
          14          85  0.969213847312355     
          19          86  0.584669752293393     
          20          86  0.361137783073409     
          86          87   1.44390235607316     
          86          88   1.29568213206126     
          87          89   1.36073941056298     
          87          90  0.965087796467815     
          88          91   1.17269074876625     
          88          92   1.21398159657141     
          86          93  0.102024164951657     
          89          93   1.50050334477298     
          92          93   1.32232674722293     
          89          94  0.970818494808678     
          91          95  0.992499785493413     
          91          96   1.18782600413665     
          92          97   1.21653814897066     
          96          97   1.54926493580544     
          93          98  0.968204630230820     
          95          99  0.955800739740197     
          96         100  0.967393517287673     
          97         101   1.02732083015281     
          99         102  0.898327034699694     
          99         103  0.901165890621166     
          99         104  0.892855275198977     
         101         105  0.975177016265418     
         101         106  0.985363779607406     
         101         107  0.973649096820568     
         102         108  0.983490078788488     
         102         109  0.982241379514108     
         102         110  0.987528301029335     
         103         111  0.988545773872438     
         103         112  0.975502092820847     
         103         113  0.980147973099276     
         104         114  0.974538152158796     
         104         115  0.991831265961965     
         104         116  0.980147316772340     
