   -0.12379390
    0.07553551
   -0.04352809
   -0.02287105
   -0.04477435
    0.04837109
    0.05102381
    0.05451521
    0.04557680
    0.07145835
   -0.13037682
    0.04237613
   -0.04511135
   -0.02544853
   -0.04515090
    0.04395809
    0.04932956
    0.07418171
   -0.15752849
    0.08836876
    0.40487908
   -0.40771726
    0.13015357
   -0.12115091
    0.05354113
    0.04461975
    0.05111997
   -0.10863281
    0.04729649
    0.04146020
    0.02688267
    0.13098732
   -0.40630612
   -0.12113449
    0.05174560
    0.04583653
    0.04951830
   -0.11957612
    0.04602158
    0.05312270
    0.04522132
    0.40391518
   -0.38144787
    0.12808959
   -0.12666856
    0.05612831
    0.05592524
    0.04973640
   -0.12138703
    0.04830222
    0.04623463
    0.05160341
    0.12751137
   -0.38382816
   -0.12380635
    0.05255702
    0.05336008
    0.04828814
   -0.12398493
    0.04472269
    0.05170800
    0.04907895
    0.40401214
   -0.37677746
    0.12535050
   -0.12904871
    0.05817817
    0.05352874
    0.05021574
   -0.12938734
    0.06101373
    0.05073522
    0.05174059
    0.12705518
   -0.38084740
   -0.12427704
    0.05107275
    0.05285327
    0.05536677
   -0.12219797
    0.04024389
    0.04972627
    0.05459687
    0.05156493
    0.04783733
   -0.03994854
    0.04213095
   -0.00607605
   -0.27116314
    0.01188088
    0.03190322
   -0.07767240
    0.02517125
   -0.11882173
    0.00144394
    0.05334437
    0.02565369
    0.20254803
    0.04701103
