           1           2   1.30844014319989     
           2           3   1.34487090901554     
           3           4   1.48719375830912     
           4           5   1.37758906236684     
           1           6   1.38623148494497     
           3           6  0.106266060684906     
           5           6   1.46356231395614     
           6           7  0.957021976240952     
           5           8  0.968621098384944     
           3           9  0.961873157135859     
           2          10   1.09639900959651     
          10          11   1.29890950667856     
          11          12   1.38144335229513     
          12          13   1.46172093211117     
          13          14   1.38025266281309     
          10          15   1.35101008112193     
          12          15  0.105126212207391     
          14          15   1.48059910612248     
          15          16  0.961860058806250     
          13          17  0.969126128246326     
          12          18  0.947761821192057     
           1          19  0.446829346549230     
          11          19  0.429847299396118     
          19          20  0.535685802256915     
          19          21  0.718684129634128     
          21          22   1.09452364917622     
          22          23  0.942389807253601     
          23          24  0.996336868590465     
          24          25  0.982713578814147     
          24          26  0.983627705841290     
          24          27  0.983244850746224     
          23          28  0.990099167896175     
          28          29  0.984055330219879     
          28          30  0.984041718240653     
          28          31  0.985038727809981     
          23          32  0.941061365849465     
          21          33   1.10664409799670     
          32          33  0.939038316155219     
          32          34  0.990835573080193     
          34          35  0.981402027479024     
          34          36  0.983648747872077     
          34          37  0.981989718122107     
          32          38  0.996927431353951     
          38          39  0.983206472966701     
          38          40  0.982765978476928     
          38          41  0.983736192306655     
          19          42  0.862254965094304     
          42          43   1.11669212344307     
          43          44  0.937292707865010     
          44          45  0.996166039278135     
          45          46  0.981659890805829     
          45          47  0.981687360458135     
          45          48  0.983157898381481     
          44          49  0.990958028695659     
          49          50  0.983435027986814     
          49          51  0.982860826547292     
          49          52  0.979654778178869     
          44          53  0.938319472745680     
          42          54   1.10642905453717     
          53          54  0.935024305312928     
          53          55  0.995919358494295     
          55          56  0.982587743185179     
          55          57  0.982878244998761     
          55          58  0.983215326298450     
          53          59  0.991468260464313     
          59          60  0.978996423788656     
          59          61  0.983175313042269     
          59          62  0.983233163955455     
          19          63  0.872471137177068     
          63          64   1.11038642681819     
          64          65  0.938390002189441     
          65          66  0.991083680821272     
          66          67  0.978727452992114     
          66          68  0.981970780771977     
          66          69  0.982838813802958     
          65          70  0.996277860145291     
          70          71  0.981894792016356     
          70          72  0.983410886841393     
          70          73  0.982295244650155     
          65          74  0.937578207829619     
          63          75   1.11605193953988     
          74          75  0.936013888981795     
          74          76  0.995766085866731     
          76          77  0.982814756485597     
          76          78  0.982171954498538     
          76          79  0.982003001361532     
          74          80  0.991262241127275     
          80          81  0.983876346728099     
          80          82  0.983180451058013     
          80          83  0.983221260408825     
           4          84  0.968916099233931     
          14          85  0.969147014340247     
          19          86  0.587603275031646     
          20          86  0.343786305715950     
          86          87   1.42609538330236     
          86          88   1.28915512685341     
          87          89   1.36748322658163     
          87          90  0.957606696717356     
          88          91   1.23324868096708     
          88          92   1.23296204962705     
          89          93   1.46661721796869     
          91          93   1.32898185957901     
          91          94   1.18032239006830     
          92          95   1.60638880543436     
          94          95   1.20323476051969     
          92          96  0.964378976068010     
          93          97  0.960690290956242     
          94          98  0.931445861825465     
          95          99  0.968731273362231     
