   -0.13506523
    0.07385949
   -0.04642115
   -0.02119286
   -0.04437929
    0.04413633
    0.07516433
    0.05670411
    0.04427038
    0.07207927
   -0.14999579
    0.04720550
   -0.04430798
   -0.02485461
   -0.04777256
    0.04305887
    0.04744069
    0.07288311
   -0.14235755
    0.11572324
    0.40228160
   -0.40553888
    0.12984739
   -0.12429596
    0.05586655
    0.04545538
    0.05326882
   -0.11002762
    0.04650570
    0.04356647
    0.02536553
    0.13077191
   -0.40710920
   -0.12149840
    0.04677005
    0.04885934
    0.05178396
   -0.11866026
    0.04155218
    0.05418360
    0.04631416
    0.39931428
   -0.36927560
    0.12726878
   -0.12728396
    0.05306846
    0.06150497
    0.04898107
   -0.12376519
    0.04824849
    0.05298602
    0.04953481
    0.12775737
   -0.38597475
   -0.12254980
    0.05046486
    0.05253957
    0.04823252
   -0.11388745
    0.04043728
    0.05084131
    0.04573468
    0.40223509
   -0.38084164
    0.12519638
   -0.13066216
    0.05227584
    0.05777491
    0.05424021
   -0.12903894
    0.05943382
    0.05077592
    0.05266990
    0.12714243
   -0.36720792
   -0.13043176
    0.05314392
    0.05875892
    0.05991867
   -0.12204268
    0.04719683
    0.04526739
    0.05487184
    0.05094609
    0.04609733
   -0.03423985
   -0.02843483
   -0.00159026
   -0.04198362
    0.03492625
    0.06210161
   -0.01675187
   -0.04758393
    0.03014049
   -0.21340665
   -0.12361956
   -0.11329102
    0.05333332
    0.04220868
    0.03243680
    0.04783225
    0.06037036
    0.05698590
    0.04599696
    0.03123026
