           1           2   1.32583073007290     
           2           3   1.35067114748358     
           3           4   1.47905980008278     
           4           5   1.39103751072688     
           1           6   1.39836253314600     
           3           6  0.106810464515596     
           5           6   1.45227342246009     
           6           7  0.950802603323116     
           5           8  0.968423402706133     
           3           9  0.963933457954270     
           2          10   1.08177394639836     
          10          11   1.31687956903478     
          11          12   1.39004920029574     
          12          13   1.45568957063553     
          13          14   1.38915472513576     
          10          15   1.35387614288193     
          12          15  0.105991857444442     
          14          15   1.47326485083438     
          15          16  0.963913075008145     
          13          17  0.969346053577112     
          12          18  0.948021741030092     
           1          19  0.394452120057747     
          11          19  0.350050664859681     
          19          20  0.508566359036139     
          19          21  0.740623440103609     
          21          22   1.09219201112980     
          22          23  0.941863544390408     
          23          24  0.996437810864781     
          24          25  0.980331993113981     
          24          26  0.983446915625642     
          24          27  0.982821660899472     
          23          28  0.990193178010634     
          28          29  0.983849453777626     
          28          30  0.983972366511257     
          28          31  0.981833045507256     
          23          32  0.940143644657094     
          21          33   1.10502647089581     
          32          33  0.940192198521583     
          32          34  0.991299669850785     
          34          35  0.982149893132316     
          34          36  0.983284094583170     
          34          37  0.981463220873206     
          32          38  0.996468093498680     
          38          39  0.983259199271277     
          38          40  0.982723893381676     
          38          41  0.983623591059492     
          19          42  0.880992573634290     
          42          43   1.14015057991150     
          43          44  0.938763898809527     
          44          45  0.996615867522478     
          45          46  0.980855110282414     
          45          47  0.981841219743144     
          45          48  0.983394012852130     
          44          49  0.990193592209757     
          49          50  0.983563546024777     
          49          51  0.982348153906927     
          49          52  0.980678224379477     
          44          53  0.937979354254986     
          42          54   1.09287988442933     
          53          54  0.936198047719159     
          53          55  0.996025247800616     
          55          56  0.982327371014652     
          55          57  0.982967426678070     
          55          58  0.983131709331989     
          53          59  0.991672172908505     
          59          60  0.978693914712177     
          59          61  0.983105436092633     
          59          62  0.983189178854167     
          19          63  0.890888782093698     
          63          64   1.08362768828496     
          64          65  0.936657106439282     
          65          66  0.992106798806135     
          66          67  0.980995257961563     
          66          68  0.981572332856346     
          66          69  0.982531569875965     
          65          70  0.995701844282379     
          70          71  0.981961538637791     
          70          72  0.982835533276327     
          70          73  0.982447285892846     
          65          74  0.937418107091977     
          63          75   1.13828906290370     
          74          75  0.934895569565504     
          74          76  0.996703261841465     
          76          77  0.982734448479573     
          76          78  0.982019164106254     
          76          79  0.981354993026518     
          74          80  0.990151653243871     
          80          81  0.981990303646671     
          80          82  0.981064743438347     
          80          83  0.982397598574979     
           4          84  0.968739690835881     
          14          85  0.969169934644194     
          19          86  0.545171843320060     
          20          86  0.370059778297771     
          86          87   1.38896607290545     
          86          88   1.34505996829337     
          87          89   1.42842126609842     
          88          89  0.102919923685099     
          87          90  0.955561761304237     
          88          91   1.39745746703418     
          88          92  0.996153914858424     
          86          93  0.100235568440326     
          89          93   1.42832912824949     
          91          93   1.40940256807828     
          89          94  0.967578314580697     
          91          95  0.938867055847463     
          92          96  0.997064161777711     
          92          97  0.996546684173322     
          92          98  0.953465485262619     
          93          99  0.968637538283247     
          96         100  0.987531709815280     
          96         101  0.983508594751080     
          96         102  0.968167206934962     
          97         103  0.964423837560818     
          97         104  0.982481262317473     
          97         105  0.980071540933311     
