   -0.11727584
    0.07844809
   -0.04199280
   -0.02112137
   -0.04222055
    0.04846125
    0.05436519
    0.05819042
    0.05033763
    0.07512486
   -0.11925878
    0.04377853
   -0.04308875
   -0.02241168
   -0.04429932
    0.04991653
    0.05428489
    0.07879294
   -0.15978189
    0.09897406
    0.40234911
   -0.40618615
    0.12957137
   -0.12203647
    0.05343146
    0.04543811
    0.05220798
   -0.11039349
    0.04834983
    0.04287950
    0.02836212
    0.13036187
   -0.40145860
   -0.12102659
    0.05064994
    0.04650821
    0.04947868
   -0.12065535
    0.04775708
    0.05334856
    0.04576668
    0.40296409
   -0.38620809
    0.12906046
   -0.12463435
    0.05339589
    0.05531381
    0.04957057
   -0.12218345
    0.04892553
    0.04670750
    0.05290646
    0.12775016
   -0.38088722
   -0.12487997
    0.05530387
    0.05505339
    0.04816341
   -0.12126619
    0.04189415
    0.05156415
    0.05074348
    0.40205476
   -0.38103621
    0.12510203
   -0.13008200
    0.05816863
    0.05293476
    0.05065317
   -0.12897631
    0.06004175
    0.05094365
    0.05230977
    0.12701112
   -0.37780753
   -0.12417377
    0.05104895
    0.05452578
    0.05464748
   -0.12226618
    0.04108176
    0.04937120
    0.05511409
    0.05583025
    0.05326219
   -0.02008393
   -0.08242444
   -0.05776018
   -0.03478053
   -0.04949539
    0.02150934
    0.03434866
    0.02574223
