           1           2   1.31765084197969     
           2           3   1.35295412225405     
           3           4   1.47899372759044     
           4           5   1.38814097879925     
           1           6   1.39110092746565     
           3           6  0.105927068169644     
           5           6   1.45671910595454     
           6           7  0.957054991634719     
           5           8  0.968167356645051     
           3           9  0.961383933386514     
           2          10   1.08546823687496     
          10          11   1.31198987161303     
          11          12   1.39210858812367     
          12          13   1.45114149682406     
          13          14   1.39320592479419     
          10          15   1.35773541307280     
          12          15  0.105144851807385     
          14          15   1.47368931046880     
          15          16  0.961319568638185     
          13          17  0.968602191778704     
          12          18  0.946733792533534     
           1          19  0.436844014095922     
          11          19  0.430294455022944     
          19          20  0.552850257814875     
          19          21  0.743412653908441     
          21          22   1.09445954893933     
          22          23  0.941841873994651     
          23          24  0.996575882014531     
          24          25  0.982699401323892     
          24          26  0.983530634568693     
          24          27  0.983095605143332     
          23          28  0.990172330815797     
          28          29  0.984020932834698     
          28          30  0.983978410635365     
          28          31  0.985268727522498     
          23          32  0.940935084892894     
          21          33   1.11194702392438     
          32          33  0.939010373101524     
          32          34  0.990783370043937     
          34          35  0.981739581924066     
          34          36  0.983553347313750     
          34          37  0.982067241882085     
          32          38  0.996887956526201     
          38          39  0.983013129013981     
          38          40  0.982846814755900     
          38          41  0.983732719158747     
          19          42  0.865113116088848     
          42          43   1.11351714979152     
          43          44  0.935525987105794     
          44          45  0.997045528270099     
          45          46  0.982456175742057     
          45          47  0.982022563013501     
          45          48  0.983158301807798     
          44          49  0.990722500716701     
          49          50  0.983412224650558     
          49          51  0.981651838982758     
          49          52  0.979733645053880     
          44          53  0.939644292281938     
          42          54   1.11024005957980     
          53          54  0.934158472405084     
          53          55  0.996361518551472     
          55          56  0.982343566971033     
          55          57  0.982748865616678     
          55          58  0.983150520715947     
          53          59  0.991468137232576     
          59          60  0.982924609115918     
          59          61  0.983236161774802     
          59          62  0.983028654005133     
          19          63  0.859990031884648     
          63          64   1.10691997830798     
          64          65  0.937316377628448     
          65          66  0.991135613673897     
          66          67  0.978897546492201     
          66          68  0.982670864903522     
          66          69  0.983113607392761     
          65          70  0.996503932839969     
          70          71  0.982047085053319     
          70          72  0.983391226769816     
          70          73  0.982312021475592     
          65          74  0.937908841687650     
          63          75   1.12178342987905     
          74          75  0.935569578917970     
          74          76  0.995909351584828     
          76          77  0.982999431900204     
          76          78  0.982265423040646     
          76          79  0.980649785871921     
          74          80  0.991170472070024     
          80          81  0.984164300313316     
          80          82  0.983083825910918     
          80          83  0.983197334931556     
           4          84  0.968445425480280     
          14          85  0.968537931479783     
          19          86  0.588147852817187     
          20          86  0.338139603120820     
          86          87   1.14665473636825     
          86          88   1.56543928086220     
          86          89  0.109863208560288     
          87          89   1.16616333383338     
          88          90   1.26859590947082     
          89          90   1.62253453163029     
          88          91  0.960237107983785     
          89          92  0.971502712942231     
          90          93  0.964724269713588     
