           1           2   1.18411931560799     
           1           3  0.137740984769408     
           2           3   1.12128248330198     
           3           4   1.63707636049672     
           1           5   1.51889478532023     
           4           5   1.24456767271328     
           5           6   1.03111734157566     
           6           7   1.69240819214625     
           6           8   1.12625682063500     
           7           8  0.166849735538288     
           8           9  0.947678584510839     
           1          10  0.960736682181130     
           3          11  0.962206489802247     
           4          12  0.970930960419861     
           9          13  0.978423334053780     
           9          14  0.975980489728296     
           9          15  0.975975382010293     
