           1           2   1.00562300278802     
           1           3   1.23410286157522     
           3           4   1.54094297154359     
           4           5   1.33711641827490     
           1           6   1.23139344501211     
           3           6  0.130605526402974     
           5           6   1.54401891667280     
           2           7  0.980375754498438     
           2           8  0.974793521279224     
           2           9  0.973668568643596     
           3          10  0.969913923365642     
           4          11  0.975651002963047     
           5          12  0.975687761452794     
           6          13  0.970969054867406     
