   -0.14001560
    0.08541147
   -0.04290175
   -0.01886818
   -0.04222048
    0.05030058
    0.05334097
    0.05464593
    0.04247019
    0.05101663
   -0.08823380
    0.02738982
   -0.02920616
   -0.01342964
   -0.05603994
    0.03425737
    0.03395285
    0.04442663
   -0.15506393
    0.08579260
    0.38033983
   -0.41233252
    0.12993723
   -0.11826103
    0.05043941
    0.04100703
    0.04688211
   -0.10904563
    0.04313778
    0.03966251
    0.02935497
    0.13130556
   -0.41418708
   -0.11965572
    0.05213475
    0.04114722
    0.04491894
   -0.11541846
    0.04065897
    0.04836344
    0.04110545
    0.40690289
   -0.38549644
    0.12823212
   -0.12531278
    0.05460480
    0.05550232
    0.04824707
   -0.12061361
    0.04659451
    0.04470321
    0.05244566
    0.12677867
   -0.37610953
   -0.12272606
    0.05200394
    0.05250932
    0.04789542
   -0.12186356
    0.04527196
    0.05186561
    0.04675461
    0.41086988
   -0.37309917
    0.12495708
   -0.12975178
    0.05724330
    0.05486562
    0.05042244
   -0.13086672
    0.06181375
    0.05105937
    0.05426283
    0.12726033
   -0.37892964
   -0.12435558
    0.05153986
    0.05364837
    0.05481490
   -0.12357557
    0.04157720
    0.04980111
    0.05595741
    0.05121793
    0.03646034
   -0.03770580
    0.01297908
   -0.03958142
   -0.07495038
   -0.04727603
   -0.04008388
    0.03851497
    0.06118464
    0.06611511
    0.04602029
   -0.04516354
    0.02239096
    0.02168160
   -0.04403043
   -0.06977661
    0.02316437
    0.03016910
   -0.01438028
    0.03164068
   -0.02713684
    0.03660910
    0.03571467
    0.02999693
