           1           2   1.33975405785691     
           2           3   1.37062058848857     
           3           4   1.45627684347283     
           4           5   1.41245953083684     
           1           6   1.40984403701126     
           3           6  0.103058759507685     
           5           6   1.43704827841512     
           6           7  0.956150300805001     
           5           8  0.968662586370709     
           3           9  0.964325210765662     
           2          10   1.06223424131823     
          11          12  0.970082593792942     
          12          13  0.961161088575015     
          10          15   1.75425055783569     
          14          15   1.04044186206472     
          15          16  0.960815454057528     
          13          17  0.971633182764515     
          12          18  0.964151813758724     
           1          19  0.314068454990094     
          11          19  0.113145008108976     
          19          20  0.531314166088999     
          19          21  0.777891861932509     
          21          22   1.07989905996200     
          22          23  0.948704237919686     
          23          24  0.995296600924361     
          24          25  0.982982070756857     
          24          26  0.984192171577556     
          24          27  0.983598314494909     
          23          28  0.989149675229976     
          28          29  0.984462152855955     
          28          30  0.983622737295208     
          28          31  0.983881049428376     
          23          32  0.940282484419419     
          21          33   1.08774526968681     
          32          33  0.947890152086110     
          32          34  0.989772524778268     
          34          35  0.980869717266458     
          34          36  0.984017024434046     
          34          37  0.981992772667574     
          32          38  0.995835116667237     
          38          39  0.983261043514620     
          38          40  0.983309151736743     
          38          41  0.984365473770546     
          19          42  0.871503343067699     
          42          43   1.10481039780664     
          43          44  0.938184047425113     
          44          45  0.996450776858744     
          45          46  0.982347322777431     
          45          47  0.981724454240381     
          45          48  0.983338069330743     
          44          49  0.990803027144552     
          49          50  0.983673183056518     
          49          51  0.982941065647645     
          49          52  0.978810164736575     
          44          53  0.937425320538792     
          42          54   1.11723738303985     
          53          54  0.938865840167891     
          53          55  0.995659255436544     
          55          56  0.982520498609609     
          55          57  0.982990056956102     
          55          58  0.983346472616866     
          53          59  0.990981738099780     
          59          60  0.982207827517284     
          59          61  0.983179319253550     
          59          62  0.983214849689223     
          19          63  0.919581456300595     
          63          64   1.10949831992099     
          64          65  0.937013841186228     
          65          66  0.991374696881927     
          66          67  0.979266556483675     
          66          68  0.982424366959351     
          66          69  0.983004347951571     
          65          70  0.996308253310501     
          70          71  0.981826981323130     
          70          72  0.983325553102729     
          70          73  0.982101064681818     
          65          74  0.937453361278983     
          63          75   1.11350304649300     
          74          75  0.935291167747996     
          74          76  0.996466967954612     
          76          77  0.982758166275261     
          76          78  0.982188861804969     
          76          79  0.982040807715262     
          74          80  0.991009936041538     
          80          81  0.983352461200408     
          80          82  0.983162612620081     
          80          83  0.983079784700829     
           4          84  0.968820975380884     
          14          85  0.972072074987563     
          19          86  0.595878070035582     
          20          86  0.367429593944311     
          86          87   1.37030935199469     
          86          88   1.37241683643667     
          87          89  0.979681593319473     
          87          90   1.39788202251440     
          88          90  0.106043316039135     
          88          91   1.45564904900246     
          88          92  0.960039348096636     
          89          93  0.996583460216321     
          89          94  0.951056343440172     
          89          95  0.970292490931224     
          90          96   1.44889173032683     
          91          96   1.41495980842213     
          90          97  0.967219068281480     
          91          98  0.969768696149373     
          10          99  0.988435180448097     
          11          99  0.967097808268088     
          19          99  0.147268437163765     
          93          99  0.973238305481238     
          93         100   1.82965351499807     
          96         101  0.970860178720342     
          11         102  0.973065509205686     
          12         102  0.936280356140967     
          13         103  0.958496418071594     
          14         103  0.942171455948728     
         100         103   1.02879128896059     
         100         104  0.964626127102176     
          13         105  0.989723002912269     
          14         105  0.953021208538275     
         102         105  0.962595997670348     
         102         106  0.962956653300006     
         103         107  0.972693902913686     
         105         108  0.971936343065156     
