   -0.12396963
    0.08161973
   -0.04041719
   -0.02066578
   -0.04220988
    0.04750207
    0.05375891
    0.05831634
    0.04997163
    0.07665949
   -0.11906276
    0.04174302
   -0.04397893
   -0.02342946
   -0.04439315
    0.05111621
    0.05343941
    0.07293077
   -0.14493238
    0.08270201
    0.40397553
   -0.40889026
    0.13069976
   -0.12221788
    0.05426088
    0.04610237
    0.05173303
   -0.11027902
    0.04864639
    0.04242663
    0.02896642
    0.13090481
   -0.40070075
   -0.11972864
    0.04799699
    0.04781896
    0.05002405
   -0.11977341
    0.04784267
    0.05275388
    0.04612288
    0.40643631
   -0.37946821
    0.12815123
   -0.12609822
    0.05177603
    0.05877711
    0.05084488
   -0.12283355
    0.04963917
    0.04659981
    0.05469811
    0.12783445
   -0.38278332
   -0.12442674
    0.05474218
    0.05422672
    0.04953581
   -0.12370460
    0.04211379
    0.05393783
    0.04975210
    0.39876162
   -0.37513971
    0.12491107
   -0.12983270
    0.05815304
    0.05452040
    0.04997829
   -0.12988523
    0.06054800
    0.05117257
    0.05274631
    0.12632278
   -0.38131765
   -0.12411876
    0.05099051
    0.05311812
    0.05423905
   -0.12381464
    0.04109181
    0.05237245
    0.05476674
    0.05591246
    0.05400841
   -0.04437063
    0.11407916
   -0.03373573
   -0.26573482
   -0.12542091
    0.00173861
    0.05674297
    0.08516862
    0.07129898
    0.06172741
    0.05650777
   -0.03520806
   -0.04030859
   -0.03591518
    0.05764822
   -0.03675002
    0.07331963
    0.05626994
    0.48485808
   -0.21698400
   -0.22667215
   -0.22290086
