           1           2   1.31137588430643     
           2           3   1.35368356753209     
           3           4   1.47850605218798     
           4           5   1.38785254076867     
           1           6   1.38903658951034     
           3           6  0.105262840155277     
           5           6   1.45711447921307     
           6           7  0.956796597661880     
           5           8  0.968163336244504     
           3           9  0.961585879601746     
           2          10   1.08683808524184     
          10          11   1.30299970520861     
          11          12   1.38638105192602     
          12          13   1.45550447330255     
          13          14   1.38844196911908     
          10          15   1.35778931768029     
          12          15  0.104566610552642     
          14          15   1.47475929161900     
          15          16  0.961289371882806     
          13          17  0.968653465519318     
          12          18  0.948994707594287     
           1          19  0.426223817917990     
          11          19  0.445956688427602     
          19          20  0.537000500398076     
          19          21  0.711833251742519     
          21          22   1.09247239245074     
          22          23  0.940851648056025     
          23          24  0.996977707326429     
          24          25  0.982548034431661     
          24          26  0.983385027806642     
          24          27  0.983089740319951     
          23          28  0.990135488340279     
          28          29  0.983750971306721     
          28          30  0.983641792878961     
          28          31  0.985164016047588     
          23          32  0.941327764153429     
          21          33   1.11688969177802     
          32          33  0.937603093088694     
          32          34  0.991083325289022     
          34          35  0.982960707085426     
          34          36  0.983483989571015     
          34          37  0.982274234357666     
          32          38  0.996765864176990     
          38          39  0.982994206277987     
          38          40  0.982302248870227     
          38          41  0.983450490325315     
          19          42  0.838485268499348     
          42          43   1.12459569441145     
          43          44  0.934579317950498     
          44          45  0.996618788491452     
          45          46  0.982073454927417     
          45          47  0.981219484878587     
          45          48  0.982916329582730     
          44          49  0.991530119620392     
          49          50  0.983035462028731     
          49          51  0.982592523500334     
          49          52  0.978659789450336     
          44          53  0.937613831407131     
          42          54   1.11179018888967     
          53          54  0.933800550539644     
          53          55  0.996186253024579     
          55          56  0.981951870212921     
          55          57  0.982626444567690     
          55          58  0.982866864710646     
          53          59  0.992131683575592     
          59          60  0.981366897126767     
          59          61  0.982682877066840     
          59          62  0.982900353855838     
          19          63  0.855699809132163     
          63          64   1.11974576143793     
          64          65  0.937579913779586     
          65          66  0.991524856816194     
          66          67  0.978467239204507     
          66          68  0.982458946021515     
          66          69  0.982904207137879     
          65          70  0.996389135922298     
          70          71  0.981870059234161     
          70          72  0.983248750363730     
          70          73  0.982030625365224     
          65          74  0.937105315927115     
          63          75   1.11805830101906     
          74          75  0.935384619350262     
          74          76  0.995759946496472     
          76          77  0.982774146940457     
          76          78  0.982188602055487     
          76          79  0.982107463200131     
          74          80  0.991770902079912     
          80          81  0.983392729296021     
          80          82  0.982907757559398     
          80          83  0.983074459543007     
           4          84  0.968455355078395     
          14          85  0.968533575772958     
          19          86  0.609684156836281     
          20          86  0.338921754758587     
          86          87   1.22397625189288     
          86          88   1.47593107698386     
          87          89   1.51242210728629     
          87          90   1.02418619832972     
          88          91   1.28936054988081     
          88          92  0.953950564830944     
          89          93   1.28072046747996     
          91          93   1.22434039234262     
          90          94  0.974696562112451     
          90          95  0.969442850992191     
          90          96  0.958650861020569     
          91          97   1.27147812096666     
          93          98   1.28282994402400     
          97          98  0.107391857898401     
          97          99   1.55879381286128     
          97         100  0.964559611980915     
          98         101   1.50609924793551     
          99         101   1.29107619792175     
          98         102  0.963100450541652     
          99         103  0.967480053561161     
         101         104  0.954031635934657     
         104         105  0.945841719855212     
         104         106  0.927260435092993     
         104         107  0.934107201652439     
