   -0.12169772
    0.07591731
   -0.04288813
   -0.02281069
   -0.04400580
    0.04772326
    0.05210552
    0.05447886
    0.04569531
    0.07162437
   -0.12652649
    0.04242393
   -0.04520367
   -0.02512184
   -0.04543107
    0.04476726
    0.05018265
    0.07536019
   -0.15456552
    0.08655943
    0.40200591
   -0.41002540
    0.13030618
   -0.12078691
    0.05290829
    0.04432501
    0.05053209
   -0.10889047
    0.04692577
    0.04149646
    0.02787689
    0.13084495
   -0.40385372
   -0.11992216
    0.05009616
    0.04540152
    0.04888072
   -0.11927914
    0.04687384
    0.05227989
    0.04452701
    0.40347034
   -0.38418487
    0.12858674
   -0.12582637
    0.05502076
    0.05596469
    0.04896576
   -0.12122878
    0.04794712
    0.04519342
    0.05239551
    0.12768148
   -0.38126692
   -0.12374907
    0.05358867
    0.05398016
    0.04752601
   -0.12223522
    0.04422363
    0.05172686
    0.04995937
    0.40099157
   -0.37842517
    0.12500356
   -0.13078006
    0.05908109
    0.05433570
    0.04958286
   -0.12895133
    0.06064437
    0.05016828
    0.05185725
    0.12703229
   -0.38145824
   -0.12374295
    0.05035222
    0.05277563
    0.05467663
   -0.12167929
    0.04040115
    0.04912491
    0.05410150
    0.05155062
    0.04828493
   -0.02057844
   -0.03176818
   -0.03696140
   -0.04568593
    0.02665133
   -0.03888907
    0.04213441
   -0.00438430
    0.02806731
    0.03554903
   -0.01462609
    0.00020053
    0.06521852
    0.05785994
   -0.02874328
   -0.02865629
   -0.07418965
    0.02249040
   -0.07489267
    0.02413807
    0.01098598
    0.01230292
