           1           2   1.30713210354802     
           2           3   1.34602727161962     
           3           4   1.48611742630291     
           4           5   1.37825216841824     
           1           6   1.38490852189827     
           3           6  0.106016960079469     
           5           6   1.46356174378518     
           6           7  0.956782608243422     
           5           8  0.968609182386068     
           3           9  0.961743851985598     
           2          10   1.09536773860619     
          10          11   1.29947693411382     
          11          12   1.38399141032439     
          12          13   1.45996682485689     
          13          14   1.38160054356171     
          10          15   1.35166675945349     
          12          15  0.105145793447524     
          14          15   1.48045105227194     
          15          16  0.961679901876466     
          13          17  0.969059036554131     
          12          18  0.948618018130344     
           1          19  0.449554948885103     
          11          19  0.439005195044601     
          19          20  0.537160379565785     
          19          21  0.713997640940349     
          21          22   1.09036596632791     
          22          23  0.943237677099825     
          23          24  0.996404443953947     
          24          25  0.982776829678551     
          24          26  0.983612620618562     
          24          27  0.983312065728945     
          23          28  0.990047262255605     
          28          29  0.984084661448237     
          28          30  0.984052292871166     
          28          31  0.985295674822875     
          23          32  0.940966085120409     
          21          33   1.10957730151648     
          32          33  0.940259008180816     
          32          34  0.990652558339835     
          34          35  0.981930128923887     
          34          36  0.983700284578452     
          34          37  0.981932014510525     
          32          38  0.996658527530224     
          38          39  0.983176131165320     
          38          40  0.982857558433086     
          38          41  0.983806739482486     
          19          42  0.857737933773978     
          42          43   1.11344686729795     
          43          44  0.936622384927762     
          44          45  0.996780720188726     
          45          46  0.982204096309763     
          45          47  0.981943712255051     
          45          48  0.983197298212264     
          44          49  0.990986008641800     
          49          50  0.983436777304606     
          49          51  0.982476903346195     
          49          52  0.979310171472134     
          44          53  0.938876845072918     
          42          54   1.10963936386870     
          53          54  0.935731742172654     
          53          55  0.996076747624189     
          55          56  0.982463310243706     
          55          57  0.982785165695573     
          55          58  0.983271771064684     
          53          59  0.991560473184335     
          59          60  0.982376846174222     
          59          61  0.983095444850682     
          59          62  0.982966020886096     
          19          63  0.871419953304493     
          63          64   1.11093006973869     
          64          65  0.938325766311625     
          65          66  0.991102786295188     
          66          67  0.978508803981509     
          66          68  0.982499525752109     
          66          69  0.983099572465614     
          65          70  0.996529977117882     
          70          71  0.981957778710112     
          70          72  0.983448660492015     
          70          73  0.982279154767776     
          65          74  0.937643000931940     
          63          75   1.11821329434286     
          74          75  0.936092039056710     
          74          76  0.995750172108820     
          76          77  0.982947492913356     
          76          78  0.982273233216520     
          76          79  0.981480764516952     
          74          80  0.991367007317804     
          80          81  0.983933527351522     
          80          82  0.983240609834348     
          80          83  0.983310849333483     
           4          84  0.968947746407724     
          14          85  0.969120242194523     
          19          86  0.597642675055815     
          20          86  0.343006864057461     
          86          87   1.38707856296475     
          86          88   1.37425139834499     
          87          89   1.43717188969586     
          88          89  0.104209979264581     
          87          90  0.962947864173267     
          87          91  0.103875458082737     
          88          91   1.45706072851826     
          88          92  0.960911769241438     
          89          93   1.41404008481265     
          91          93   1.39810768147221     
          89          94  0.967091821841828     
          91          95  0.967126294558501     
          93          96  0.990094107759415     
          96          97  0.988056517392977     
          96          98  0.959240944070043     
          96          99  0.966414275467873     
          97         100   1.23068001962520     
          97         101   1.23065045129323     
         100         101  0.130137870601808     
         100         102   1.54561033312626     
         100         103  0.970915222620237     
         101         104   1.54320001276789     
         102         104   1.33431842557114     
         101         105  0.969751027961341     
         102         106  0.975573718551462     
         104         107  0.975519716280485     
