   -0.12529060
    0.07640184
   -0.04310296
   -0.02281359
   -0.04513678
    0.04884072
    0.04989580
    0.05419191
    0.04275411
    0.07218674
   -0.12941738
    0.04064997
   -0.04611160
   -0.02526766
   -0.04430681
    0.04071933
    0.04931421
    0.07763633
   -0.15292834
    0.08615668
    0.40140404
   -0.40969092
    0.13045777
   -0.12047703
    0.05313051
    0.04361325
    0.04970075
   -0.10763483
    0.04606274
    0.03958259
    0.02692634
    0.13098975
   -0.40653062
   -0.12014057
    0.05040078
    0.04497778
    0.04900221
   -0.11938736
    0.04613704
    0.05292747
    0.04405416
    0.40057075
   -0.38373763
    0.12824496
   -0.12651446
    0.05618115
    0.05557061
    0.04893705
   -0.12147424
    0.04752757
    0.04449353
    0.05195739
    0.12716324
   -0.38205386
   -0.12434838
    0.05277545
    0.05422905
    0.04754213
   -0.12534623
    0.04645390
    0.05218739
    0.05160233
    0.40141366
   -0.37651111
    0.12490619
   -0.13061946
    0.05882309
    0.05451218
    0.04940942
   -0.12991809
    0.06116856
    0.05005950
    0.05285378
    0.12695660
   -0.38248436
   -0.12387121
    0.05036103
    0.05222732
    0.05467005
   -0.12208001
    0.04015687
    0.04920660
    0.05408097
    0.04821418
    0.04564785
   -0.02543846
   -0.04340633
   -0.04228065
   -0.02922297
    0.01884546
   -0.05777669
    0.04422022
    0.03937697
   -0.03954573
    0.03511521
   -0.11538863
   -0.01270356
   -0.06456587
    0.20436628
    0.04413400
    0.02735857
    0.05663194
    0.05626998
   -0.20426015
    0.36668924
    0.06903396
    0.41116063
    0.22786055
   -0.45058487
   -0.25363450
   -0.52938108
   -0.31870355
    0.01112135
    0.15811240
    0.09697432
    0.07724237
    0.07568544
   -0.12078985
   -0.13182436
   -0.12679155
    0.04106821
    0.05499167
    0.05840675
    0.05417948
    0.06494697
    0.06431973
    0.05717307
    0.05098380
    0.05900710
