           1           2   1.31168759681954     
           2           3   1.34419348607325     
           3           4   1.48709381124415     
           4           5   1.37661518943952     
           1           6   1.38832852385018     
           3           6  0.106407031442003     
           5           6   1.46192001228318     
           6           7  0.956628219644927     
           5           8  0.968279435940382     
           3           9  0.962351420561637     
           2          10   1.09472807740195     
          10          11   1.30207322216897     
          11          12   1.38323048862931     
          12          13   1.46105989403086     
          13          14   1.38078885513500     
          10          15   1.35089797506944     
          12          15  0.105391734421088     
          14          15   1.48064471980462     
          15          16  0.962330696397488     
          13          17  0.969143061624671     
          12          18  0.947618938959203     
           1          19  0.432881222877826     
          11          19  0.424084858730408     
          19          20  0.526973073360165     
          19          21  0.715321442151175     
          21          22   1.08943031467825     
          22          23  0.944350193039370     
          23          24  0.996247596524781     
          24          25  0.982752384349393     
          24          26  0.983781752153427     
          24          27  0.983416268262002     
          23          28  0.989717215395412     
          28          29  0.984214934483957     
          28          30  0.984162403087358     
          28          31  0.985097061332958     
          23          32  0.940947080359335     
          21          33   1.10479871747218     
          32          33  0.940921546050091     
          32          34  0.990627600047992     
          34          35  0.981989954896553     
          34          36  0.983838944488634     
          34          37  0.982362115373025     
          32          38  0.996762672458656     
          38          39  0.983214433673428     
          38          40  0.982854166316172     
          38          41  0.983875718439959     
          19          42  0.868695239135037     
          42          43   1.11244146900767     
          43          44  0.937688640407007     
          44          45  0.996525393368349     
          45          46  0.982178891177932     
          45          47  0.981887213118621     
          45          48  0.983287837782770     
          44          49  0.990690986438216     
          49          50  0.983583251012550     
          49          51  0.983105914272787     
          49          52  0.979596067017601     
          44          53  0.938989147943344     
          42          54   1.10523419561492     
          53          54  0.936032411228504     
          53          55  0.996249425567334     
          55          56  0.982621204708549     
          55          57  0.982808493781426     
          55          58  0.983313669039165     
          53          59  0.991156192099937     
          59          60  0.982189911204004     
          59          61  0.983235046073500     
          59          62  0.983001321183352     
          19          63  0.877478588899277     
          63          64   1.11161566057179     
          64          65  0.938855500354831     
          65          66  0.991122246041459     
          66          67  0.978756531875288     
          66          68  0.982515973962489     
          66          69  0.983131350754808     
          65          70  0.996367031239169     
          70          71  0.981914385104113     
          70          72  0.983507830549964     
          70          73  0.982178643853707     
          65          74  0.937780913083545     
          63          75   1.11457004037837     
          74          75  0.936569976308545     
          74          76  0.995962807734098     
          76          77  0.982964775187753     
          76          78  0.982405676471293     
          76          79  0.982166772308337     
          74          80  0.991116032310902     
          80          81  0.983672140175247     
          80          82  0.983289634998547     
          80          83  0.983351845459461     
           4          84  0.969090374547616     
          14          85  0.969349308674206     
          19          86  0.586112616109630     
          20          86  0.352801374312916     
          86          87   1.45969588543260     
          86          88   1.31463491281759     
          87          89   1.30439514057607     
          87          90  0.957282401358194     
          87          91  0.106693656317712     
          88          91   1.50588146600552     
          88          92  0.960579659552662     
          89          93   1.25337636953678     
          91          93   1.32265871213942     
          89          94   1.20204744061651     
          91          95  0.966193385863330     
          93          96   1.17900775861435     
          94          97   1.56822709283320     
          96          97   1.21203738959224     
          94          98   1.01381422379068     
          96          99  0.930822491197581     
          97         100  0.968643656329862     
          98         101  0.957679315132624     
          98         102  0.969406806870052     
          98         103  0.970222933449142     
         101         104  0.983276964356377     
         101         105  0.936381599655585     
         101         106  0.954615656417037     
         104         107   1.23874497876897     
         104         108  0.899024695883228     
         105         109   1.71483018236853     
         105         110   1.16620545442349     
         109         110  0.171417690638480     
         104         111  0.160258245096688     
         107         111   1.55818895509206     
         107         112   1.09527563639067     
         111         112  0.125249980574768     
         110         113  0.939100087021718     
         112         114  0.885804399966180     
         113         115  0.977793980703699     
         113         116  0.975366557363018     
         113         117  0.976563118064419     
         114         118  0.996280116192295     
         114         119  0.994962670504500     
         114         120  0.996341132840316     
         118         121  0.983484739322593     
         118         122  0.981650451920814     
         118         123  0.982531314008161     
         119         124  0.981732419297924     
         119         125  0.982243789384186     
         119         126  0.983124647944298     
         120         127  0.981363870236756     
         120         128  0.984602184947452     
         120         129  0.982336152715410     
