   -0.13045430
    0.07716739
   -0.04321818
   -0.02122328
   -0.04313855
    0.05190410
    0.05058719
    0.05577690
    0.04480717
    0.07355302
   -0.13302510
    0.04543613
   -0.04256740
   -0.02367448
   -0.04513170
    0.04459582
    0.05077095
    0.07070303
   -0.14188295
    0.07407336
    0.40738561
   -0.41377221
    0.13150830
   -0.12050195
    0.05368516
    0.04441561
    0.05053032
   -0.10584260
    0.04680596
    0.03977129
    0.02432901
    0.13265024
   -0.41192308
   -0.11822735
    0.04638010
    0.04628408
    0.05043016
   -0.11785107
    0.04429344
    0.05281482
    0.04512786
    0.41441056
   -0.38080160
    0.13003563
   -0.13049331
    0.06298086
    0.05532526
    0.05306244
   -0.11958093
    0.04801733
    0.04783464
    0.04902491
    0.12941045
   -0.39070305
   -0.12037590
    0.04537716
    0.05061289
    0.04851824
   -0.12684796
    0.05913366
    0.05126695
    0.05145430
    0.40724298
   -0.37063932
    0.12657046
   -0.13201014
    0.05613752
    0.06254834
    0.05176235
   -0.13000200
    0.06526828
    0.05090859
    0.05161772
    0.12743387
   -0.38794200
   -0.12377019
    0.05130478
    0.05078514
    0.05573071
   -0.12140557
    0.03791730
    0.05007561
    0.05447756
    0.05250672
    0.04982922
   -0.03334261
   -0.03942066
    0.06522245
    0.00682174
    0.02619700
   -0.17483068
   -0.04415410
   -0.04941039
   -0.06787126
    0.06170268
    0.04247979
   -0.00652494
    0.04518039
    0.03371576
   -0.10232802
   -0.11275169
    0.03242999
    0.02796790
    0.02893785
    0.03737174
    0.03705989
    0.04037249
    0.03781138
