           1           2   1.31415679794240     
           2           3   1.34763159990608     
           3           4   1.48346024809801     
           4           5   1.38413306338735     
           1           6   1.39280575304110     
           3           6  0.106031556786273     
           5           6   1.45774508700573     
           6           7  0.957246132723329     
           5           8  0.968524369837396     
           3           9  0.961814170842925     
           2          10   1.09281795405716     
          10          11   1.30278960988631     
          11          12   1.38178541132197     
          12          13   1.46037898248811     
          13          14   1.38143560444024     
          10          15   1.35124238635787     
          12          15  0.105129509771857     
          14          15   1.48016976476011     
          15          16  0.961682278847675     
          13          17  0.968940748894081     
          12          18  0.947679810085559     
           1          19  0.417593495256475     
          11          19  0.417191080363265     
          19          20  0.549882628044909     
          19          21  0.705921510482724     
          21          22   1.09128328377092     
          22          23  0.941779063676710     
          23          24  0.996856143453140     
          24          25  0.982629628457573     
          24          26  0.983525082057538     
          24          27  0.983316191349000     
          23          28  0.989941597663792     
          28          29  0.984096112971579     
          28          30  0.984083417276156     
          28          31  0.984688760719512     
          23          32  0.941949791292804     
          21          33   1.10240419711756     
          32          33  0.938952820076426     
          32          34  0.990999142504179     
          34          35  0.983467392728418     
          34          36  0.983674231053873     
          34          37  0.981444584153929     
          32          38  0.996929654323745     
          38          39  0.983295157579469     
          38          40  0.982366290094075     
          38          41  0.983674886866729     
          19          42  0.850277289951263     
          42          43   1.13358571616110     
          43          44  0.935395437439832     
          44          45  0.995003399118117     
          45          46  0.978714435755833     
          45          47  0.981272692017237     
          45          48  0.982315891790101     
          44          49  0.992215574574218     
          49          50  0.983073949076148     
          49          51  0.982850395208338     
          49          52  0.979293103010776     
          44          53  0.935789169209224     
          42          54   1.09808974653815     
          53          54  0.932956755278439     
          53          55  0.994135248368821     
          55          56  0.982965802010857     
          55          57  0.983008179653858     
          55          58  0.982850697284018     
          53          59  0.994016342266048     
          59          60  0.978050621181386     
          59          61  0.982442632597227     
          59          62  0.982672928272845     
          19          63  0.863534498743482     
          63          64   1.12404635157251     
          64          65  0.933290314551113     
          65          66  0.991983429080308     
          66          67  0.979119660117519     
          66          68  0.980256157362666     
          66          69  0.982836623929493     
          65          70  0.997113582868530     
          70          71  0.981378165491589     
          70          72  0.983207703899741     
          70          73  0.982307111939448     
          65          74  0.938552180220383     
          63          75   1.10591136198737     
          74          75  0.935614204389301     
          74          76  0.996123714451784     
          76          77  0.983007722769646     
          76          78  0.982969128187433     
          76          79  0.982155764845278     
          74          80  0.990994551845779     
          80          81  0.983733234397760     
          80          82  0.983325354214410     
          80          83  0.983344181805667     
           4          84  0.968768809675371     
          14          85  0.968961578917775     
          19          86  0.609560908044172     
          20          86  0.334005801779604     
          86          87   1.36919383488527     
          86          88   1.37418140872336     
          87          89   1.42051094601044     
          87          90  0.957714147082361     
          88          91  0.948430632143670     
          87          92  0.101911621168232     
          88          92   1.40703514456885     
          89          93   1.38941633663844     
          92          93   1.44608291959089     
          89          94   1.01159129653013     
          92          95  0.964865042990414     
          93          96  0.965923075611020     
          94          97  0.980205924435282     
          94          98  0.964470466398227     
          94          99  0.974861378522305     
          97         100   1.01006596098779     
          97         101   1.00857482985865     
          97         102  0.967613448962961     
         100         103  0.986565477816054     
         100         104  0.984372063464263     
         100         105  0.986389805770297     
         101         106  0.986737990974022     
         101         107  0.985684524432108     
         101         108  0.986417799087162     
