   -0.12088091
    0.07866527
   -0.04296574
   -0.02287455
   -0.04425795
    0.04702378
    0.05672240
    0.05416285
    0.04494154
    0.07724788
   -0.12139663
    0.04443268
   -0.04462175
   -0.02318623
   -0.04519672
    0.04306610
    0.04914499
    0.07302370
   -0.15905576
    0.07209769
    0.39874136
   -0.41328705
    0.13136745
   -0.11985277
    0.05136837
    0.04449492
    0.04907530
   -0.10860203
    0.04633725
    0.03915940
    0.03097437
    0.13092899
   -0.40314268
   -0.11763992
    0.04160202
    0.04697641
    0.05170438
   -0.11890530
    0.04599607
    0.05399663
    0.04460166
    0.39897465
   -0.37955873
    0.12832659
   -0.12418621
    0.05441218
    0.05668392
    0.04690585
   -0.12308543
    0.04723537
    0.04631644
    0.05308985
    0.12843664
   -0.38731660
   -0.12221621
    0.05095223
    0.05250983
    0.04776797
   -0.12079843
    0.04307548
    0.05093946
    0.04870064
    0.39940283
   -0.37647312
    0.12718791
   -0.12684686
    0.05631138
    0.06184276
    0.04925809
   -0.12726240
    0.05859948
    0.05451059
    0.03987142
    0.12842899
   -0.38807949
   -0.12272006
    0.05321973
    0.04770166
    0.04726304
   -0.12669150
    0.05307610
    0.05553779
    0.05144776
    0.05068024
    0.04776954
   -0.04015468
   -0.04105725
    0.03809141
   -0.05034926
    0.01235223
   -0.11308266
   -0.01973681
   -0.05205679
    0.01341838
    0.03984594
    0.21038261
   -0.08733963
    0.02004155
    0.00427190
    0.02245234
   -0.04334244
   -0.03987686
   -0.03409026
    0.05619365
   -0.03492127
    0.03268125
   -0.03863778
    0.03263776
    0.02940043
    0.02968736
