           1           2   1.31272825172791     
           2           3   1.34964235028353     
           3           4   1.48258586749676     
           4           5   1.38295797969994     
           1           6   1.38836582426138     
           3           6  0.106171985485726     
           5           6   1.46025500471643     
           6           7  0.955941357085750     
           5           8  0.968645497565219     
           3           9  0.961508619105545     
           2          10   1.08975088165329     
          10          11   1.31041190129153     
          11          12   1.39310487220497     
          12          13   1.45361459736587     
          13          14   1.38770102472644     
          10          15   1.35206654806782     
          12          15  0.105557777938105     
          14          15   1.47899328504184     
          15          16  0.961592381358374     
          13          17  0.969193739566143     
          12          18  0.948733482018268     
           1          19  0.439924116502037     
          11          19  0.426446218554251     
          19          20  0.529988738413474     
          19          21  0.718324328522836     
          21          22   1.08410404897554     
          22          23  0.944970810075602     
          23          24  0.996245430850459     
          24          25  0.982693120262851     
          24          26  0.983757664763560     
          24          27  0.983418452174403     
          23          28  0.989751934097740     
          28          29  0.984029030584092     
          28          30  0.983902064681881     
          28          31  0.985044345629276     
          23          32  0.940439964231333     
          21          33   1.11198256321920     
          32          33  0.941443928754010     
          32          34  0.990755918044464     
          34          35  0.983111744182416     
          34          36  0.983758033682787     
          34          37  0.982645832221415     
          32          38  0.996179492355876     
          38          39  0.982820355514513     
          38          40  0.982296296353122     
          38          41  0.983677738681527     
          19          42  0.866946545261744     
          42          43   1.11705427193705     
          43          44  0.938555261162591     
          44          45  0.996908450120776     
          45          46  0.980488340743758     
          45          47  0.981577570764138     
          45          48  0.983172840840529     
          44          49  0.990503067574919     
          49          50  0.983547877492955     
          49          51  0.983084375669829     
          49          52  0.979242336844356     
          44          53  0.939516835622180     
          42          54   1.10173086940990     
          53          54  0.936464028956376     
          53          55  0.996381919865281     
          55          56  0.982374164367314     
          55          57  0.983033091499451     
          55          58  0.983281822991110     
          53          59  0.991224851172398     
          59          60  0.983414130928869     
          59          61  0.983223790146011     
          59          62  0.983140049214759     
          19          63  0.883213041878976     
          63          64   1.10177496873614     
          64          65  0.934890625482793     
          65          66  0.996930482564789     
          66          67  0.981913374425228     
          66          68  0.979745540405050     
          66          69  0.982480113245803     
          65          70  0.990913579084378     
          70          71  0.982089251803417     
          70          72  0.983208918792353     
          70          73  0.984153220282927     
          65          74  0.940368041575489     
          63          75   1.10574994779010     
          74          75  0.934760093643537     
          74          76  0.991045039170999     
          76          77  0.982662480645850     
          76          78  0.981629201292850     
          76          79  0.983589621727593     
          74          80  0.997208138037647     
          80          81  0.982184642697547     
          80          82  0.982668601495365     
          80          83  0.983063332700006     
           4          84  0.968975907223309     
          14          85  0.969092868908353     
          19          86  0.594286465579199     
          20          86  0.338110468884495     
          86          87   1.44822105534581     
          86          88   1.28627384507676     
          87          89   1.34718985747141     
          87          90  0.964971479859794     
          88          91   1.20740689636998     
          88          92   1.22413413061093     
          89          93   1.51434778802051     
          92          93   1.30279297300493     
          89          94  0.970540474715312     
          91          95   1.18952274256414     
          91          96  0.898647070503000     
          92          97   1.26422118025256     
          95          97   1.48626256626947     
          93          98  0.969193749412115     
          95          99   1.08977847917392     
          97         100  0.971671598124717     
          99         101   1.36787096965731     
          99         102   1.36942866126216     
         101         103   1.45918859480412     
         102         103  0.104789761527619     
         101         104  0.960144805770880     
         101         105  0.104692441887067     
         102         105   1.46112054037902     
         102         106  0.967918849769279     
         103         107   1.42967188930170     
         105         107   1.42800515860642     
         103         108  0.970370519779750     
         105         109  0.970989643969067     
         107         110  0.971666267764714     
