   -0.12739631
    0.07704620
   -0.04520412
   -0.02215485
   -0.04528112
    0.04815531
    0.05498791
    0.05630836
    0.04637770
    0.07142824
   -0.13277312
    0.04152207
   -0.04474336
   -0.02598372
   -0.04665030
    0.04367171
    0.05028969
    0.08000400
   -0.15530326
    0.10902056
    0.40047935
   -0.40483692
    0.12930487
   -0.12177280
    0.05531625
    0.04371032
    0.05032367
   -0.10949773
    0.04654232
    0.04171536
    0.02675067
    0.13088137
   -0.40845886
   -0.12348971
    0.05674239
    0.04468172
    0.04791318
   -0.11989310
    0.04426904
    0.05359202
    0.04471069
    0.40385838
   -0.38350430
    0.12902836
   -0.12916020
    0.05954869
    0.05693997
    0.04742668
   -0.12407802
    0.04579045
    0.04819198
    0.05236340
    0.12812464
   -0.38158526
   -0.12434864
    0.05249366
    0.05259881
    0.04695776
   -0.12542261
    0.05327017
    0.04888967
    0.04835958
    0.40567845
   -0.38146251
    0.12585165
   -0.13541036
    0.06430590
    0.06123676
    0.05186116
   -0.12581064
    0.05528915
    0.05440834
    0.03921896
    0.12818518
   -0.37931866
   -0.12710520
    0.05415248
    0.04850925
    0.05723549
   -0.12480988
    0.05081452
    0.05364581
    0.05244765
    0.05226458
    0.04688012
   -0.04396556
   -0.07830629
    0.13602941
   -0.08243666
    0.00348009
   -0.05773034
   -0.34121768
    0.01555758
    0.03355876
    0.56449881
   -0.22142545
   -0.22480597
   -0.21752146
    0.04572827
    0.04211733
    0.04411514
    0.03852805
    0.04675146
    0.06485958
    0.05485128
    0.03825078
    0.04296577
