           1           2   1.32401754059835     
           2           3   1.34827804024597     
           3           4   1.48226704081181     
           4           5   1.38615552949639     
           1           6   1.39594539424489     
           3           6  0.106958475822918     
           5           6   1.45650265565663     
           6           7  0.956456855739803     
           5           8  0.968436652044514     
           3           9  0.963124982788851     
           2          10   1.08558213446759     
          10          11   1.30956336665049     
          11          12   1.38761341468391     
          12          13   1.45543979261020     
          13          14   1.38923723936418     
          10          15   1.35837426220897     
          12          15  0.104919617741035     
          14          15   1.47248230619843     
          15          16  0.963154995896848     
          13          17  0.969070147600185     
          12          18  0.946408062708470     
           1          19  0.406235505529023     
          11          19  0.405281123670775     
          19          20  0.545446120630438     
          19          21  0.738905342159631     
          21          22   1.09269302872418     
          22          23  0.944105810139017     
          23          24  0.995627258848791     
          24          25  0.982285692389999     
          24          26  0.983848693552029     
          24          27  0.983285355349122     
          23          28  0.990011724352205     
          28          29  0.984174875631859     
          28          30  0.984142531612644     
          28          31  0.984731763777601     
          23          32  0.940207327143829     
          21          33   1.10391011887978     
          32          33  0.939320942820602     
          32          34  0.991009167481144     
          34          35  0.978864294552764     
          34          36  0.983606381594590     
          34          37  0.982062022390821     
          32          38  0.997093539537586     
          38          39  0.983284408399229     
          38          40  0.982835591065743     
          38          41  0.983804092113343     
          19          42  0.886450860269731     
          42          43   1.11520185809517     
          43          44  0.937123480194626     
          44          45  0.997370629701645     
          45          46  0.978343346971350     
          45          47  0.982158392516671     
          45          48  0.983265583771822     
          44          49  0.990127313733951     
          49          50  0.983829063672760     
          49          51  0.982354166209907     
          49          52  0.978894851945647     
          44          53  0.940264152236865     
          42          54   1.10220274000860     
          53          54  0.934713643541512     
          53          55  0.996071930509171     
          55          56  0.982721187004408     
          55          57  0.983105022747119     
          55          58  0.983395419051000     
          53          59  0.991208736481921     
          59          60  0.980549954011895     
          59          61  0.983540115225506     
          59          62  0.983193379136329     
          19          63  0.882504262529567     
          63          64   1.09876662467483     
          64          65  0.935896904968151     
          65          66  0.996831914279067     
          66          67  0.978365487607777     
          66          68  0.981055859535151     
          66          69  0.982400722384372     
          65          70  0.990578827483193     
          70          71  0.982690435549690     
          70          72  0.983276573549400     
          70          73  0.983743577003855     
          65          74  0.940037960738608     
          63          75   1.12252543546607     
          74          75  0.932369143477086     
          74          76  0.991005253470551     
          76          77  0.982567137132915     
          76          78  0.982333752684571     
          76          79  0.978443849713834     
          74          80  0.996747415443953     
          80          81  0.982491184404812     
          80          82  0.982122019391838     
          80          83  0.982895155940835     
           4          84  0.968738214371665     
          14          85  0.969141966390707     
          19          86  0.575119800241465     
          20          86  0.345955798886151     
          86          87   1.45826801960042     
          86          88   1.21518972934769     
          87          89   1.34455359815285     
          87          90  0.972035841192084     
          86          91  0.115965112977478     
          88          91   1.21344183290209     
          89          91   1.51120751883492     
          88          92  0.990111070059232     
          89          93  0.973615093609524     
          91          94  0.969657150369728     
          92          95  0.963977340763343     
          95          96  0.895725134682024     
          95          97  0.904215840105631     
          95          98  0.884006059726570     
          96          99  0.988635139924605     
          96         100  0.983555003720769     
          96         101  0.982070955386352     
          97         102  0.983136649261677     
          97         103  0.989504545336344     
          97         104  0.973955678852144     
          98         105  0.980562861239996     
          98         106  0.992564629200879     
          98         107  0.984718390238104     
