   -0.12008348
    0.08425193
   -0.04130590
   -0.02316106
   -0.04504929
    0.04706512
    0.05310970
    0.05670813
    0.04875793
    0.07693016
   -0.14290233
    0.04186221
   -0.04653178
   -0.02999141
   -0.04736514
    0.04598349
    0.04965202
    0.06932459
   -0.15275091
    0.11378593
    0.40697626
   -0.40084956
    0.12878762
   -0.12270112
    0.05473526
    0.04669176
    0.05301494
   -0.11343281
    0.04993324
    0.04563796
    0.02941652
    0.12983219
   -0.40381988
   -0.12687850
    0.06029546
    0.04795363
    0.04947474
   -0.12068108
    0.04427747
    0.05413316
    0.04811931
    0.40015083
   -0.37979250
    0.12729386
   -0.12798043
    0.05590704
    0.05904797
    0.05071893
   -0.12313063
    0.05082872
    0.04992186
    0.05019789
    0.12774169
   -0.38521229
   -0.12480979
    0.05431990
    0.05337041
    0.04989789
   -0.12141992
    0.04047207
    0.05342407
    0.04805634
    0.40640132
   -0.37664898
    0.12513098
   -0.13141199
    0.05896844
    0.05440762
    0.05312122
   -0.13137855
    0.06251866
    0.05266144
    0.05386530
    0.12742711
   -0.37544676
   -0.12681243
    0.05395456
    0.05521489
    0.05744982
   -0.12372289
    0.04241036
    0.05046563
    0.05742209
    0.05382223
    0.04835498
   -0.06527612
    0.01359891
   -0.01967521
   -0.26268168
    0.44535723
   -0.04397756
    0.12559082
   -0.40131100
   -0.38905563
   -0.04632689
    0.06637916
   -0.06323974
    0.13104959
    0.12997313
   -0.04334147
    0.04110337
    0.04345045
   -0.12330773
   -0.12377904
   -0.11919464
   -0.12847519
    0.04440915
    0.05624183
    0.04826985
    0.05629551
    0.05560076
    0.05822770
    0.04170413
    0.05556552
    0.03128637
    0.05649603
    0.06231328
    0.05661482
    0.05372883
