           1           2   1.31872564653597     
           2           3   1.34619990145643     
           3           4   1.48408189960390     
           4           5   1.38347150430868     
           1           6   1.39064430572587     
           3           6  0.106843175854351     
           5           6   1.45931134766983     
           6           7  0.957207417363638     
           5           8  0.968386435079719     
           3           9  0.961728681538569     
           2          10   1.08957757435663     
          10          11   1.29735605701983     
          11          12   1.37782856682597     
          12          13   1.45937908260933     
          13          14   1.38212042285126     
          10          15   1.35796145356140     
          12          15  0.103380391691167     
          14          15   1.46951764633559     
          15          16  0.961638868039018     
          13          17  0.969103995249776     
          12          18  0.950673953729371     
           1          19  0.433400519385248     
          11          19  0.416576960335860     
          19          20  0.544436213968855     
          19          21  0.734391890900008     
          21          22   1.10325250893548     
          22          23  0.940288696910258     
          23          24  0.995380291939675     
          24          25  0.981435647186172     
          24          26  0.983446132276015     
          24          27  0.982914174241006     
          23          28  0.991123367508944     
          28          29  0.983634623168489     
          28          30  0.983658140140311     
          28          31  0.983160336392127     
          23          32  0.938592963959227     
          21          33   1.11459795983625     
          32          33  0.935926754662807     
          32          34  0.991629763701678     
          34          35  0.977456685071791     
          34          36  0.983103768394378     
          34          37  0.981703073581384     
          32          38  0.996917980227545     
          38          39  0.983116105556874     
          38          40  0.982690172668031     
          38          41  0.983415083862985     
          19          42  0.874001619349551     
          42          43   1.12028026022279     
          43          44  0.935652455925948     
          44          45  0.996668937834390     
          45          46  0.981141193671709     
          45          47  0.981646566310871     
          45          48  0.983030908271558     
          44          49  0.990930346125841     
          49          50  0.983264052717314     
          49          51  0.982710171118688     
          49          52  0.980902731686424     
          44          53  0.938627177861302     
          42          54   1.10770079386308     
          53          54  0.934245989579547     
          53          55  0.995861588378259     
          55          56  0.982435992416339     
          55          57  0.982940746872252     
          55          58  0.983084969870295     
          53          59  0.991715154510701     
          59          60  0.981759287343835     
          59          61  0.982928580428678     
          59          62  0.983136602967058     
          19          63  0.868732582460509     
          63          64   1.10431633546086     
          64          65  0.935432234976534     
          65          66  0.990744893349543     
          66          67  0.979040190015791     
          66          68  0.980928904384562     
          66          69  0.982246906797410     
          65          70  0.996562767735000     
          70          71  0.981628145002688     
          70          72  0.983215266727375     
          70          73  0.982126960109451     
          65          74  0.939032589108834     
          63          75   1.12886578920598     
          74          75  0.929956835736901     
          74          76  0.996808487979906     
          76          77  0.982065302805851     
          76          78  0.981575301620288     
          76          79  0.981933804148300     
          74          80  0.991714614720811     
          80          81  0.983953919526085     
          80          82  0.982201729207995     
          80          83  0.982773852685459     
           4          84  0.968647156843762     
          14          85  0.969141387540593     
          19          86  0.567564197903636     
          20          86  0.346596735746855     
          86          87   1.56391590285465     
          86          88   1.17506863924350     
          87          89   1.01999813290500     
          87          90   1.00629585533308     
          88          91   1.32918549127540     
          88          92   1.27001109763440     
          89          92   1.09331969682981     
          90          93   1.11562532467176     
          90          94   1.13146238464389     
          91          95   1.49991087668498     
          91          96  0.957828788882004     
          91          97  0.113462199999704     
          92          97   1.34556209972420     
          93          98  0.937697783721611     
          94          99  0.943381434201933     
          98          99  0.939672377663534     
          95         100   1.37810861779963     
          97         100   1.48281547771342     
          95         101  0.970055951239367     
          97         102  0.967418159569156     
          98         103  0.998078595397091     
          98         104  0.991179975047516     
          99         105  0.990764762214179     
          99         106  0.996258393304342     
         100         107  0.970766469826865     
         103         108  0.980732956585267     
         103         109  0.977890963777245     
         103         110  0.982350509408692     
         104         111  0.982461216702732     
         104         112  0.982717885791110     
         104         113  0.984265033854231     
         105         114  0.983279470671519     
         105         115  0.981736404169347     
         105         116  0.982297914032762     
         106         117  0.981706133056179     
         106         118  0.982043460046521     
         106         119  0.983083429891688     
