   -0.11699839
    0.08048307
   -0.04149939
   -0.02062207
   -0.04126079
    0.04942441
    0.05453227
    0.06071697
    0.05132515
    0.07839148
   -0.12419242
    0.04265281
   -0.04394108
   -0.02341766
   -0.04611894
    0.05082153
    0.05487655
    0.07456604
   -0.14916784
    0.10199893
    0.40332076
   -0.40483245
    0.12952440
   -0.12275462
    0.05474233
    0.04689908
    0.05236187
   -0.11155299
    0.04976364
    0.04370194
    0.02855833
    0.13032803
   -0.40023799
   -0.12296976
    0.05337272
    0.04794516
    0.05029812
   -0.12116303
    0.04766145
    0.05407035
    0.04715073
    0.40321121
   -0.38166234
    0.12900715
   -0.12643192
    0.05631503
    0.05738613
    0.05143580
   -0.12239573
    0.05065784
    0.04744457
    0.05250402
    0.12805667
   -0.38443060
   -0.12492158
    0.05517545
    0.05446044
    0.05027710
   -0.11977455
    0.04220585
    0.05545932
    0.04786197
    0.40136030
   -0.37983088
    0.12525631
   -0.13047792
    0.05909821
    0.05400998
    0.05124958
   -0.12948628
    0.06035874
    0.05191415
    0.05205485
    0.12695598
   -0.37772706
   -0.12513455
    0.05228984
    0.05511511
    0.05536337
   -0.12313119
    0.04053590
    0.05116636
    0.05607086
    0.05846033
    0.05569751
   -0.05685605
    0.10999241
   -0.05202003
    0.05388160
   -0.24458196
    0.06742485
    0.06360287
   -0.31777527
   -0.06672866
    0.22982864
   -0.18358275
    0.06622006
   -0.14211883
    0.09412162
    0.09170004
    0.07512143
