           1           2   1.31884189113937     
           2           3   1.35526574397054     
           3           4   1.47652936742699     
           4           5   1.39097917990148     
           1           6   1.39165805693453     
           3           6  0.105610864718834     
           5           6   1.45463421176054     
           6           7  0.956761554856223     
           5           8  0.967877658522177     
           3           9  0.961787284739519     
           2          10   1.08284876519941     
          10          11   1.31201370148715     
          11          12   1.39355372068463     
          12          13   1.45034627051908     
          13          14   1.39381606755731     
          10          15   1.35896136259493     
          12          15  0.104806971683026     
          14          15   1.47217756770601     
          15          16  0.961582201498476     
          13          17  0.968525060442020     
          12          18  0.947301127476341     
           1          19  0.432348375148561     
          11          19  0.430696359384338     
          19          20  0.543500695169506     
          19          21  0.744646880221661     
          21          22   1.09739405904510     
          22          23  0.940252576290554     
          23          24  0.996658297363994     
          24          25  0.982442517851020     
          24          26  0.983384597302020     
          24          27  0.983013268294600     
          23          28  0.990412119274589     
          28          29  0.983768465281623     
          28          30  0.983881573078748     
          28          31  0.985465872546979     
          23          32  0.940950182770837     
          21          33   1.11811765956109     
          32          33  0.936372232651305     
          32          34  0.991149067275811     
          34          35  0.980773176310304     
          34          36  0.983319382968338     
          34          37  0.981828791703309     
          32          38  0.997166335543696     
          38          39  0.983058929456194     
          38          40  0.982652272584155     
          38          41  0.983473487537231     
          19          42  0.852950976465649     
          42          43   1.12536219830132     
          43          44  0.932345000836249     
          44          45  0.997357103691180     
          45          46  0.981796445044111     
          45          47  0.981378210009197     
          45          48  0.982674898673214     
          44          49  0.991181723957910     
          49          50  0.983096879862116     
          49          51  0.982262304836131     
          49          52  0.979784681409607     
          44          53  0.939353358024479     
          42          54   1.11160061961935     
          53          54  0.930786575123415     
          53          55  0.996392677753720     
          55          56  0.982281314965746     
          55          57  0.982755053386525     
          55          58  0.982790856820664     
          53          59  0.992295880844361     
          59          60  0.981710040056425     
          59          61  0.982483598391419     
          59          62  0.983125125199009     
          19          63  0.848534541011595     
          63          64   1.11095784631482     
          64          65  0.935960989610652     
          65          66  0.991506601028370     
          66          67  0.978286872379865     
          66          68  0.982439974332650     
          66          69  0.982804050975278     
          65          70  0.996444323615633     
          70          71  0.981943988543802     
          70          72  0.983233751293496     
          70          73  0.982244888761273     
          65          74  0.938037094768372     
          63          75   1.12566474590726     
          74          75  0.933347825948717     
          74          76  0.996297132450114     
          76          77  0.982593566995356     
          76          78  0.981935017086840     
          76          79  0.981458565806434     
          74          80  0.991555041355622     
          80          81  0.983866490799250     
          80          82  0.982991950594098     
          80          83  0.983008076437372     
           4          84  0.968135016716466     
          14          85  0.968282235156130     
          19          86  0.577119700532999     
          20          86  0.339710816410307     
          86          87   1.32193511759879     
          86          88   1.39272784389444     
          87          89   1.27745706689389     
          87          90   1.04374839514892     
          88          91   1.39059453298439     
          88          92  0.959779453329698     
          89          93   1.17284349365994     
          90          93  0.106422977061278     
          89          94   1.33051679636757     
          91          94   1.44098684396999     
          90          95   1.10226873835332     
          93          95   1.61209744770463     
          91          96  0.957843485171808     
          94          97  0.965058105206339     
          95          98   1.03329446352341     
          98          99  0.976603837571755     
          98         100  0.955058639304706     
          98         101  0.965800198336594     
