   -0.12536674
    0.07746525
   -0.04221659
   -0.02021094
   -0.04202760
    0.04965029
    0.05414787
    0.05981913
    0.04991478
    0.07329553
   -0.13393678
    0.04187558
   -0.04313546
   -0.02272843
   -0.04461717
    0.04963776
    0.05491985
    0.07734291
   -0.14424638
    0.09064101
    0.40603900
   -0.40520994
    0.12995383
   -0.12224576
    0.05439539
    0.04608969
    0.05278446
   -0.10992536
    0.04919128
    0.04316610
    0.02671504
    0.13136289
   -0.40682299
   -0.12189053
    0.05219879
    0.04718002
    0.04998150
   -0.12014478
    0.04623203
    0.05371724
    0.04680069
    0.40981039
   -0.38464306
    0.13019311
   -0.12423938
    0.05511317
    0.05336786
    0.05103744
   -0.12064675
    0.04937734
    0.04753456
    0.05082692
    0.12807679
   -0.38693062
   -0.12386306
    0.05042296
    0.05404196
    0.04953126
   -0.12660264
    0.05197868
    0.05238361
    0.05230098
    0.40722107
   -0.38122022
    0.12717103
   -0.12473533
    0.05412750
    0.05180727
    0.05009274
   -0.12885561
    0.06094204
    0.05118670
    0.05325577
    0.12746258
   -0.38117594
   -0.12457281
    0.05171602
    0.05397352
    0.05583468
   -0.12289161
    0.04047884
    0.05140443
    0.05572298
    0.05698347
    0.05390662
   -0.03817976
   -0.02015710
    0.09545933
    0.00634145
    0.04223894
   -0.04376859
   -0.15368659
    0.11522266
   -0.03126475
    0.07957155
   -0.28026100
    0.05978415
