           1           2   1.31884388593770     
           2           3   1.35163330306996     
           3           4   1.47996277490656     
           4           5   1.38842598708020     
           1           6   1.39210897699827     
           3           6  0.105879178288341     
           5           6   1.45620761572358     
           6           7  0.956854223521377     
           5           8  0.967985692635025     
           3           9  0.961365071121281     
           2          10   1.08774428938084     
          10          11   1.30962469881955     
          11          12   1.38676425732361     
          12          13   1.45561796585347     
          13          14   1.38978134419491     
          10          15   1.35657894723516     
          12          15  0.104875721125020     
          14          15   1.47490755339802     
          15          16  0.961241407196326     
          13          17  0.968488463284637     
          12          18  0.946712127513960     
           1          19  0.422648767461684     
          11          19  0.409499707612937     
          19          20  0.545134914535753     
          19          21  0.728661633833421     
          21          22   1.10164579866259     
          22          23  0.939756099315678     
          23          24  0.996763509061361     
          24          25  0.982479580918122     
          24          26  0.983381000243151     
          24          27  0.983013272397783     
          23          28  0.990478089788338     
          28          29  0.983824069803942     
          28          30  0.983911159296821     
          28          31  0.984920817841384     
          23          32  0.941286466196948     
          21          33   1.10821332471766     
          32          33  0.936811208987571     
          32          34  0.991165489744477     
          34          35  0.981301821470921     
          34          36  0.983432328165056     
          34          37  0.981452631187238     
          32          38  0.997340863603388     
          38          39  0.983122879994695     
          38          40  0.982475347872335     
          38          41  0.983492590295719     
          19          42  0.849427494293418     
          42          43   1.12745109726836     
          43          44  0.934807082757517     
          44          45  0.995962136622197     
          45          46  0.981477853918523     
          45          47  0.981904720905247     
          45          48  0.982756484700417     
          44          49  0.991804498732295     
          49          50  0.983029508541686     
          49          51  0.982726513319883     
          49          52  0.979801092032689     
          44          53  0.937055744291085     
          42          54   1.10390493584113     
          53          54  0.932168787984832     
          53          55  0.995386106308155     
          55          56  0.982621289520389     
          55          57  0.982638374725815     
          55          58  0.982817405757893     
          53          59  0.992777817489495     
          59          60  0.979414472013459     
          59          61  0.982674823890967     
          59          62  0.982661969424681     
          19          63  0.859607636368554     
          63          64   1.11119663386767     
          64          65  0.935482907892897     
          65          66  0.991492916906089     
          66          67  0.979605662512451     
          66          68  0.982497808870743     
          66          69  0.983059605714934     
          65          70  0.996928489943547     
          70          71  0.981929483260019     
          70          72  0.983214707607817     
          70          73  0.982155836036262     
          65          74  0.938711895820926     
          63          75   1.11871064004574     
          74          75  0.933901998282060     
          74          76  0.996320803993977     
          76          77  0.982715611932396     
          76          78  0.982262582077088     
          76          79  0.982180601592416     
          74          80  0.991322665993097     
          80          81  0.983913332887217     
          80          82  0.983028857278894     
          80          83  0.983099393425912     
           4          84  0.968296055524495     
          14          85  0.968505457730180     
          19          86  0.585827200138762     
          20          86  0.341176679243957     
          86          87   1.39446828753599     
          86          88   1.34285820597901     
          87          89   1.34858325268657     
          87          90  0.961396629525268     
          88          91   1.39475159412909     
          88          92  0.973744974524576     
          89          93   1.10881177834132     
          89          94   1.33989120222783     
          91          94   1.45332728297081     
          91          95  0.961579471994821     
          93          96   2.77469825716232     
          94          97  0.967548661129221     
