   -0.12235235
    0.07578525
   -0.04353805
   -0.02315285
   -0.04481077
    0.04753958
    0.05088974
    0.05350244
    0.04523758
    0.07199968
   -0.12742839
    0.04176225
   -0.04538304
   -0.02517098
   -0.04524468
    0.04338257
    0.05007611
    0.07515362
   -0.15592358
    0.08572544
    0.40229279
   -0.40992249
    0.13031987
   -0.12098943
    0.05301950
    0.04434402
    0.05058940
   -0.10876354
    0.04684476
    0.04105809
    0.02819280
    0.13088460
   -0.40402874
   -0.11991879
    0.05014916
    0.04533100
    0.04902942
   -0.11949562
    0.04707147
    0.05261859
    0.04460744
    0.40275505
   -0.38407840
    0.12853692
   -0.12566838
    0.05488306
    0.05559807
    0.04901126
   -0.12097682
    0.04800585
    0.04447208
    0.05230942
    0.12760090
   -0.38274774
   -0.12403252
    0.05332528
    0.05434806
    0.04773222
   -0.12366389
    0.04473979
    0.05192910
    0.05086830
    0.40166211
   -0.37830951
    0.12512654
   -0.12990206
    0.05892684
    0.05361669
    0.04903539
   -0.12886109
    0.06023854
    0.04993448
    0.05166331
    0.12709664
   -0.38213866
   -0.12368793
    0.05023435
    0.05312092
    0.05431327
   -0.12192153
    0.03990457
    0.04948595
    0.05402390
    0.05062003
    0.04779238
   -0.01853911
   -0.03873318
   -0.04069836
    0.00874515
    0.02314388
   -0.03556244
    0.03989819
   -0.07935038
   -0.04943886
    0.03105761
    0.10267496
    0.06893115
    0.05054208
    0.03071223
   -0.25415547
   -0.04934483
    0.05371991
   -0.01720977
    0.04047691
   -0.04867355
    0.03936337
    0.04228754
    0.04194635
