           1           2   1.30621762173570     
           2           3   1.34577048188758     
           3           4   1.48652546980963     
           4           5   1.37742575333394     
           1           6   1.38576901596160     
           3           6  0.106009090020225     
           5           6   1.46364274635411     
           6           7  0.956992268498178     
           5           8  0.968735126377225     
           3           9  0.961869341926849     
           2          10   1.09569465998345     
          10          11   1.29948969000733     
          11          12   1.38338383262347     
          12          13   1.46045736870086     
          13          14   1.38097819519322     
          10          15   1.35094191213052     
          12          15  0.105125236708934     
          14          15   1.48074230810726     
          15          16  0.961881041088369     
          13          17  0.969068223960967     
          12          18  0.948331866765196     
           1          19  0.450609919103397     
          11          19  0.435491984478601     
          19          20  0.528308782411059     
          19          21  0.718801712968078     
          21          22   1.08955613805599     
          22          23  0.943027481414250     
          23          24  0.996521656233614     
          24          25  0.982777180226703     
          24          26  0.983662138852971     
          24          27  0.983311521739782     
          23          28  0.989960384303408     
          28          29  0.984100796217452     
          28          30  0.984017035489950     
          28          31  0.985207035396606     
          23          32  0.941163660063638     
          21          33   1.10948881410594     
          32          33  0.939889634563882     
          32          34  0.990672170969025     
          34          35  0.981884749134361     
          34          36  0.983805236141770     
          34          37  0.982385157725832     
          32          38  0.996770417549057     
          38          39  0.983152242353563     
          38          40  0.982802649896656     
          38          41  0.983798220516312     
          19          42  0.857230553301898     
          42          43   1.11367079839226     
          43          44  0.936931052153357     
          44          45  0.996603155491530     
          45          46  0.982211993085788     
          45          47  0.981752056831384     
          45          48  0.983215618848966     
          44          49  0.990823841005231     
          49          50  0.983482947428891     
          49          51  0.982730880025190     
          49          52  0.979710733659849     
          44          53  0.938874652426607     
          42          54   1.10805930873200     
          53          54  0.935541171326166     
          53          55  0.996185630002092     
          55          56  0.982538388463730     
          55          57  0.982793824199798     
          55          58  0.983238439241184     
          53          59  0.991418031340393     
          59          60  0.982045054315416     
          59          61  0.983158470586462     
          59          62  0.982966150430564     
          19          63  0.870770521042075     
          63          64   1.10982802389206     
          64          65  0.939070221455851     
          65          66  0.991105122653784     
          66          67  0.978300745469431     
          66          68  0.982581734792847     
          66          69  0.983158804471124     
          65          70  0.996263546252894     
          70          71  0.982018464134329     
          70          72  0.983523073960664     
          70          73  0.982329895375095     
          65          74  0.937668415578337     
          63          75   1.11581141523780     
          74          75  0.936501158864725     
          74          76  0.995937281229744     
          76          77  0.982955917699578     
          76          78  0.982305208495056     
          76          79  0.981796578332436     
          74          80  0.991190217358191     
          80          81  0.983921520681312     
          80          82  0.983246306657890     
          80          83  0.983311731384170     
           4          84  0.969040290754141     
          14          85  0.969166564070624     
          19          86  0.586275359483994     
          20          86  0.351833922154304     
          86          87   1.38924020561586     
          86          88   1.38175930191234     
          87          89   1.41051638317730     
          88          89  0.104197478780284     
          87          90  0.960508482340937     
          87          91  0.102212625314056     
          88          91   1.44217921572858     
          88          92  0.961506238574913     
          89          93  0.992374521057534     
          86          94  0.100133970333480     
          89          94   1.40568614612693     
          91          94   1.43464569861115     
          91          95  0.968997393092859     
          93          96  0.996281093349770     
          93          97  0.964247671588456     
          93          98  0.958238332244077     
          94          99  0.969544392292874     
          96         100   1.41544056106400     
          96         101   1.38340361289004     
         100         102   1.42962511341991     
         101         102  0.116215025449474     
         101         103   1.46251233391364     
         101         104  0.968248091200522     
          96         105  0.110067356116048     
         102         105   1.43715803953743     
         103         105   1.42525518049014     
         102         106  0.963493574635267     
         103         107  0.969370174494663     
         105         108  0.969985421237161     
