   -0.12235149
    0.07574029
   -0.04348101
   -0.02320607
   -0.04468357
    0.04799771
    0.05077427
    0.05336013
    0.04464838
    0.07193977
   -0.12659370
    0.04185953
   -0.04573093
   -0.02535177
   -0.04551112
    0.04322289
    0.04934543
    0.07522880
   -0.15879417
    0.08519964
    0.40203109
   -0.41098788
    0.13047254
   -0.12070401
    0.05289006
    0.04405483
    0.05023245
   -0.10814933
    0.04647153
    0.04050553
    0.02764273
    0.13094800
   -0.40462704
   -0.11937947
    0.04910517
    0.04518340
    0.04921099
   -0.11943866
    0.04688334
    0.05274589
    0.04432643
    0.40313838
   -0.38508460
    0.12870444
   -0.12549829
    0.05515600
    0.05516208
    0.04884280
   -0.12112776
    0.04769427
    0.04461847
    0.05238771
    0.12762136
   -0.38336472
   -0.12394386
    0.05317124
    0.05406814
    0.04749523
   -0.12350097
    0.04530759
    0.05162428
    0.05037807
    0.40094443
   -0.37891561
    0.12507442
   -0.13005085
    0.05878103
    0.05381833
    0.04922375
   -0.12858082
    0.06018590
    0.04986534
    0.05125267
    0.12695801
   -0.38197517
   -0.12351278
    0.05000167
    0.05273563
    0.05427343
   -0.12160638
    0.03993411
    0.04908558
    0.05370605
    0.05045079
    0.04730516
   -0.02128734
   -0.03203824
   -0.03844008
   -0.04834554
    0.01872419
   -0.04525539
    0.03750976
    0.00729890
    0.02289531
    0.03038778
   -0.11766694
    0.05081942
    0.04235118
    0.04821180
