           1           2   1.30627005767262     
           2           3   1.34540080008926     
           3           4   1.48670032454633     
           4           5   1.37735826539288     
           1           6   1.38597957649831     
           3           6  0.106041773950346     
           5           6   1.46351855714994     
           6           7  0.957079884995210     
           5           8  0.968751022384001     
           3           9  0.961862290237949     
           2          10   1.09602778194189     
          10          11   1.29924987245220     
          11          12   1.38367933831558     
          12          13   1.46060359226573     
          13          14   1.38029261194246     
          10          15   1.35026137673589     
          12          15  0.105245631255333     
          14          15   1.48153902302019     
          15          16  0.961841649195396     
          13          17  0.969143438949302     
          12          18  0.948017489075386     
           1          19  0.449475624983174     
          11          19  0.438554998331020     
          19          20  0.528746957122101     
          19          21  0.719336123320669     
          21          22   1.08752118118652     
          22          23  0.943639676318609     
          23          24  0.996473756486827     
          24          25  0.982818391221410     
          24          26  0.983709215398105     
          24          27  0.983371683634108     
          23          28  0.989787386816335     
          28          29  0.984177281968610     
          28          30  0.984115202629277     
          28          31  0.985324948945807     
          23          32  0.941370895894521     
          21          33   1.10827115114945     
          32          33  0.940232374371659     
          32          34  0.990620135080311     
          34          35  0.982311713279931     
          34          36  0.983859185691706     
          34          37  0.982440592603579     
          32          38  0.996748701389453     
          38          39  0.983203149736667     
          38          40  0.982854125951098     
          38          41  0.983828483136148     
          19          42  0.862174544748002     
          42          43   1.11230953937899     
          43          44  0.937039295968514     
          44          45  0.996656978078560     
          45          46  0.982272075102124     
          45          47  0.981976213775361     
          45          48  0.983229086912869     
          44          49  0.990775453192642     
          49          50  0.983549172168694     
          49          51  0.982660126769947     
          49          52  0.979613767572633     
          44          53  0.939209911320397     
          42          54   1.10591691534793     
          53          54  0.935806931541981     
          53          55  0.996212325163843     
          55          56  0.982585580471927     
          55          57  0.982835672837580     
          55          58  0.983317476222660     
          53          59  0.991214128890374     
          59          60  0.982005223969102     
          59          61  0.983229500537324     
          59          62  0.983080543545455     
          19          63  0.874502493107628     
          63          64   1.10957335747605     
          64          65  0.939307876624942     
          65          66  0.991108314467429     
          66          67  0.978644349032685     
          66          68  0.982579829314118     
          66          69  0.983178374382759     
          65          70  0.996276381491883     
          70          71  0.982025874535947     
          70          72  0.983519108417801     
          70          73  0.982360154762025     
          65          74  0.937303030974191     
          63          75   1.11525488275907     
          74          75  0.937380175033543     
          74          76  0.995587818241766     
          76          77  0.983078317713364     
          76          78  0.982399909707354     
          76          79  0.981643873847432     
          74          80  0.991172404034558     
          80          81  0.983983358703643     
          80          82  0.983267978854909     
          80          83  0.983354755614366     
           4          84  0.969054130928591     
          14          85  0.969209357525707     
          19          86  0.587625516374008     
          20          86  0.350912121302631     
          86          87   1.39337453074226     
          86          88   1.37526038885586     
          87          89   1.43215665594791     
          88          89  0.105404174727696     
          87          90  0.963813381604868     
          87          91  0.104782634344290     
          88          91   1.45687020588327     
          88          92  0.960925599443074     
          89          93   1.41525670267926     
          91          93   1.39469035591365     
          89          94  0.967976820862130     
          91          95  0.968199066713643     
          93          96   1.02359241159716     
          96          97  0.969615078649368     
          96          98  0.985112987727259     
          96          99  0.978121458434143     
