   -0.11783023
    0.07891213
   -0.04096886
   -0.01958873
   -0.04040342
    0.04868009
    0.05873947
    0.06237890
    0.05235411
    0.07506251
   -0.12511667
    0.04225692
   -0.04180253
   -0.02095539
   -0.04463290
    0.05352277
    0.05615303
    0.07779353
   -0.14843709
    0.10400999
    0.40127052
   -0.40072320
    0.12875492
   -0.12361029
    0.05555582
    0.04688268
    0.05274356
   -0.11277152
    0.04972535
    0.04434617
    0.02979657
    0.12959624
   -0.39711910
   -0.12398181
    0.05432336
    0.04809952
    0.05053876
   -0.12175849
    0.04822775
    0.05407830
    0.04698447
    0.39969810
   -0.37852206
    0.12781332
   -0.12782028
    0.05634316
    0.05839957
    0.05126183
   -0.12335373
    0.05115603
    0.04886561
    0.05329883
    0.12710738
   -0.38057402
   -0.12552560
    0.05642381
    0.05464260
    0.05019365
   -0.12391903
    0.04538702
    0.05463026
    0.04859601
    0.39854495
   -0.37736704
    0.12446368
   -0.13242342
    0.06029961
    0.05438502
    0.05183566
   -0.13048271
    0.06069204
    0.05206997
    0.05317231
    0.12619397
   -0.37297435
   -0.12618439
    0.05234252
    0.05573638
    0.05624849
   -0.12448294
    0.04203798
    0.05202770
    0.05620038
    0.05889158
    0.05598671
   -0.04523659
   -0.02602700
    0.04961693
    0.06874027
    0.06433363
   -0.23329672
    0.07112958
   -0.17881386
    0.15598805
   -0.16883806
