           1           2   1.32204210159526     
           2           3   1.35725589267891     
           3           4   1.47425990513935     
           4           5   1.39437448051205     
           1           6   1.39328324957339     
           3           6  0.105447383616602     
           5           6   1.45238538665806     
           6           7  0.956225173351400     
           5           8  0.967653019387314     
           3           9  0.961658148123564     
           2          10   1.07979428012391     
          10          11   1.31668917542747     
          11          12   1.39614082529183     
          12          13   1.44826238855764     
          13          14   1.39752695858993     
          10          15   1.36106777435213     
          12          15  0.105018107485662     
          14          15   1.47075465421377     
          15          16  0.961424412850414     
          13          17  0.968375340758817     
          12          18  0.947243436801744     
           1          19  0.423902132251577     
          11          19  0.417250947917772     
          19          20  0.535124676147231     
          19          21  0.755552357159173     
          21          22   1.09983970075180     
          22          23  0.940328033991565     
          23          24  0.996644321867317     
          24          25  0.982347498878390     
          24          26  0.983372850408475     
          24          27  0.982971926193956     
          23          28  0.990463993533270     
          28          29  0.983756747639183     
          28          30  0.983796274497000     
          28          31  0.985371355349495     
          23          32  0.940666192978561     
          21          33   1.11929142230357     
          32          33  0.937151926511809     
          32          34  0.991031825256936     
          34          35  0.980818762288730     
          34          36  0.983347891487366     
          34          37  0.981896193696602     
          32          38  0.997115417537373     
          38          39  0.982995533967767     
          38          40  0.982665044499717     
          38          41  0.983513232877447     
          19          42  0.850125285961371     
          42          43   1.12808913190701     
          43          44  0.932503126751322     
          44          45  0.997288544520384     
          45          46  0.981951608888677     
          45          47  0.981316380185522     
          45          48  0.982727417355035     
          44          49  0.991292571808156     
          49          50  0.983042585517905     
          49          51  0.982217555738073     
          49          52  0.980159629555478     
          44          53  0.938926283497856     
          42          54   1.11498466561003     
          53          54  0.931227833516109     
          53          55  0.996397373886590     
          55          56  0.982098023338090     
          55          57  0.982659647743218     
          55          58  0.982811618428072     
          53          59  0.992192989803659     
          59          60  0.982284568975171     
          59          61  0.982534903262821     
          59          62  0.982954088384254     
          19          63  0.854274931137142     
          63          64   1.11401034929427     
          64          65  0.935666233812814     
          65          66  0.991491747386863     
          66          67  0.978143346335499     
          66          68  0.982413538547780     
          66          69  0.982761078189269     
          65          70  0.996574014042278     
          70          71  0.981887696577400     
          70          72  0.983204574476688     
          70          73  0.982076048092534     
          65          74  0.937859639385279     
          63          75   1.12911783606067     
          74          75  0.933124829143680     
          74          76  0.996259551108463     
          76          77  0.982606073637908     
          76          78  0.981881604611418     
          76          79  0.981426364059813     
          74          80  0.991643373084735     
          80          81  0.983734669628717     
          80          82  0.982875970790803     
          80          83  0.983000617919173     
           4          84  0.968080171527960     
          14          85  0.968254929123581     
          19          86  0.576807848147386     
          20          86  0.349372418105162     
          86          87   1.37317051568279     
          86          88   1.35235249751136     
          87          89   1.40569803193626     
          87          90  0.959821020496838     
          88          91   1.42961600746022     
          88          92  0.952690379840748     
          89          93  0.964201145027928     
          89          94   1.34815312737184     
          91          94   1.40815948642030     
          94          95  0.962538109870170     
