   -0.11157304
    0.08214406
   -0.04166149
   -0.02098044
   -0.04235264
    0.04737129
    0.05535362
    0.05958389
    0.05094729
    0.07909365
   -0.11721355
    0.04022392
   -0.04397579
   -0.02332651
   -0.04398779
    0.05028903
    0.05521007
    0.07884318
   -0.14708399
    0.10736480
    0.40354800
   -0.40499256
    0.12952085
   -0.12272954
    0.05436360
    0.04610743
    0.05264042
   -0.11116940
    0.04921802
    0.04322520
    0.02829023
    0.13025401
   -0.40050429
   -0.12219092
    0.05236495
    0.04712229
    0.05004708
   -0.12103463
    0.04782398
    0.05377674
    0.04643195
    0.39946119
   -0.38330069
    0.12873047
   -0.12489195
    0.05380293
    0.05599841
    0.04959532
   -0.12222626
    0.04925569
    0.04679910
    0.05316249
    0.12730961
   -0.38121722
   -0.12503620
    0.05528325
    0.05494998
    0.04866426
   -0.12133630
    0.04258060
    0.05221531
    0.04997412
    0.39938422
   -0.37957827
    0.12493195
   -0.13046829
    0.05881883
    0.05357227
    0.05058481
   -0.12948446
    0.06025943
    0.05113161
    0.05244320
    0.12681001
   -0.37669159
   -0.12470590
    0.05125232
    0.05456258
    0.05519862
   -0.12289285
    0.04122046
    0.05017547
    0.05517645
    0.05687042
    0.05387106
   -0.04857795
    0.15751816
   -0.04833549
   -0.05748963
   -0.25751062
    0.08886529
    0.07026351
   -0.05477508
    0.07026355
   -0.19932281
    0.07050166
