           1           2   1.32093171086156     
           2           3   1.35308901635178     
           3           4   1.47887599210767     
           4           5   1.39000381782273     
           1           6   1.39256291256359     
           3           6  0.106199527618851     
           5           6   1.45546471770288     
           6           7  0.956743167584020     
           5           8  0.967991430180539     
           3           9  0.961218154844908     
           2          10   1.08413305501041     
          10          11   1.31127677030218     
          11          12   1.39000904747492     
          12          13   1.45208070806679     
          13          14   1.39313759344492     
          10          15   1.35914205512664     
          12          15  0.104993995196047     
          14          15   1.47289369033992     
          15          16  0.961128632647174     
          13          17  0.968456369625902     
          12          18  0.946701942858114     
           1          19  0.435385081131803     
          11          19  0.434226242886172     
          19          20  0.544471151128737     
          19          21  0.738098149800859     
          21          22   1.09639428032052     
          22          23  0.940879665151808     
          23          24  0.996662992179760     
          24          25  0.982542367433823     
          24          26  0.983457948461767     
          24          27  0.983033647254176     
          23          28  0.990285158044596     
          28          29  0.983881177408030     
          28          30  0.983896207776773     
          28          31  0.985115918420805     
          23          32  0.941006931416922     
          21          33   1.11518690827761     
          32          33  0.937627854105021     
          32          34  0.991005299605088     
          34          35  0.981237497525298     
          34          36  0.983470450472629     
          34          37  0.981829159759620     
          32          38  0.997073907852380     
          38          39  0.983008302056100     
          38          40  0.982733971439098     
          38          41  0.983597772553147     
          19          42  0.851631808307770     
          42          43   1.11926761060278     
          43          44  0.934943978935037     
          44          45  0.997085447705451     
          45          46  0.982194475826870     
          45          47  0.981762415180464     
          45          48  0.983051262208665     
          44          49  0.991037638243815     
          49          50  0.983300031930045     
          49          51  0.982192342232584     
          49          52  0.979609955412201     
          44          53  0.939272850730884     
          42          54   1.11251751504789     
          53          54  0.933272829228010     
          53          55  0.996275069147494     
          55          56  0.982293125355799     
          55          57  0.982700703914511     
          55          58  0.983062805229700     
          53          59  0.991826929093916     
          59          60  0.982011433439037     
          59          61  0.983021493559211     
          59          62  0.982967695944635     
          19          63  0.850743144884938     
          63          64   1.11057641948016     
          64          65  0.936810289968839     
          65          66  0.991375866599280     
          66          67  0.978713456750852     
          66          68  0.982558821532512     
          66          69  0.982996501024755     
          65          70  0.996599445820245     
          70          71  0.981990193879078     
          70          72  0.983309513096594     
          70          73  0.982201535124165     
          65          74  0.937969295729221     
          63          75   1.12562235787911     
          74          75  0.934819484843365     
          74          76  0.996043443140260     
          76          77  0.982851127807277     
          76          78  0.982050925670200     
          76          79  0.981264349931753     
          74          80  0.991342916258716     
          80          81  0.983941732654616     
          80          82  0.983046015036597     
          80          83  0.983168121419684     
           4          84  0.968317637242614     
          14          85  0.968478012169308     
          19          86  0.581831692201820     
          20          86  0.338855669819119     
          86          87   1.35063135603183     
          86          88   1.36500120358446     
          87          89   1.40369571952080     
          88          89  0.102558523169816     
          87          90  0.921259778643977     
          88          91   1.42581315276139     
          88          92  0.956726064885360     
          89          93   1.43132239248412     
          91          93   1.39063318009989     
          89          94  0.962935747078808     
          91          95  0.951988681646117     
          93          96  0.965847424224692     
