   -0.12901903
    0.07835574
   -0.04200716
   -0.01863282
   -0.04101562
    0.05107581
    0.05602713
    0.06363438
    0.05232290
    0.07478851
   -0.14246939
    0.04391721
   -0.04224018
   -0.02151455
   -0.04395852
    0.05273351
    0.05639769
    0.07168496
   -0.12996848
    0.08122575
    0.40920764
   -0.40305558
    0.12997613
   -0.12347060
    0.05647712
    0.04757456
    0.05368862
   -0.11014620
    0.05069541
    0.04368799
    0.02565149
    0.13156910
   -0.40693442
   -0.12343407
    0.05335827
    0.04936714
    0.05200035
   -0.12048154
    0.04542228
    0.05505049
    0.04839938
    0.41119762
   -0.37415795
    0.12922953
   -0.13226838
    0.06218321
    0.05924650
    0.05594885
   -0.12225361
    0.05150679
    0.05245963
    0.05024187
    0.12956642
   -0.39624167
   -0.12171121
    0.04740860
    0.05027731
    0.05184245
   -0.12551166
    0.05599064
    0.05464686
    0.04952460
    0.40734028
   -0.37096600
    0.12586753
   -0.13529463
    0.05752784
    0.06371186
    0.05608446
   -0.13214663
    0.06622096
    0.05397800
    0.05329541
    0.12718962
   -0.37901425
   -0.12707788
    0.05465159
    0.05450314
    0.05865364
   -0.12395909
    0.03960325
    0.05288271
    0.05776385
    0.06058889
    0.05754960
   -0.02593434
   -0.02982296
    0.06327336
    0.09035867
    0.04006767
    0.05283001
   -0.13582631
    0.11603079
   -0.24705734
    0.07299374
   -0.25093521
