           1           2   1.32379125834884     
           2           3   1.35351380484002     
           3           4   1.47758722065813     
           4           5   1.39289717513171     
           1           6   1.39569845422137     
           3           6  0.105717538576220     
           5           6   1.45276030936872     
           6           7  0.956630770427094     
           5           8  0.967500092372312     
           3           9  0.961217205439766     
           2          10   1.08493382653060     
          10          11   1.31203115654408     
          11          12   1.38754212901728     
          12          13   1.45482162418318     
          13          14   1.39200394695033     
          10          15   1.35857155715188     
          12          15  0.104615980757467     
          14          15   1.47296856533265     
          15          16  0.960991606545292     
          13          17  0.968305276013844     
          12          18  0.948016163108496     
           1          19  0.409520765607482     
          11          19  0.392673360010485     
          19          20  0.543866505098882     
          19          21  0.725612282695468     
          21          22   1.10826817722375     
          22          23  0.937060909468583     
          23          24  0.997005501144880     
          24          25  0.982175352441835     
          24          26  0.983116567981053     
          24          27  0.982888178062413     
          23          28  0.990871707606037     
          28          29  0.983581997148356     
          28          30  0.983838183224891     
          28          31  0.984755614694273     
          23          32  0.941417000823684     
          21          33   1.11227469198860     
          32          33  0.933872160836373     
          32          34  0.991603060315708     
          34          35  0.981291212603114     
          34          36  0.983185760026300     
          34          37  0.981241808268143     
          32          38  0.997747576441013     
          38          39  0.983139268020594     
          38          40  0.982192413230441     
          38          41  0.983192447227696     
          19          42  0.842427538501262     
          42          43   1.14958876319868     
          43          44  0.931274507953333     
          44          45  0.995461998663865     
          45          46  0.978545174971300     
          45          47  0.980829880889746     
          45          48  0.981872466536078     
          44          49  0.992766016716289     
          49          50  0.982497882211221     
          49          51  0.982183293732966     
          49          52  0.980042909291885     
          44          53  0.935868346195278     
          42          54   1.09667973379855     
          53          54  0.929366076652963     
          53          55  0.994518330922773     
          55          56  0.982714926405553     
          55          57  0.982865981770013     
          55          58  0.982264392862867     
          53          59  0.994612076280143     
          59          60  0.978424814279786     
          59          61  0.981990461298814     
          59          62  0.982763763085027     
          19          63  0.848662905331840     
          63          64   1.12428048381533     
          64          65  0.929296313845598     
          65          66  0.992273855682642     
          66          67  0.979269234389507     
          66          68  0.979392614683884     
          66          69  0.982134749479367     
          65          70  0.997474047413223     
          70          71  0.981138462308142     
          70          72  0.982741217222030     
          70          73  0.982087623271787     
          65          74  0.939213762238386     
          63          75   1.12555741074927     
          74          75  0.929217062069074     
          74          76  0.996992514980550     
          76          77  0.982215821937296     
          76          78  0.982316949286505     
          76          79  0.981706082317203     
          74          80  0.991802856161699     
          80          81  0.983805481244164     
          80          82  0.982866367093667     
          80          83  0.982769543162713     
           4          84  0.967832675510414     
          14          85  0.968100023217805     
          19          86  0.605971873861016     
          20          86  0.342329146525783     
          86          87   1.36214244477050     
          86          88   1.34928308850613     
          87          89   1.36979104343938     
          87          90  0.960758061957939     
          88          91   1.39096597954192     
          88          92  0.975343525917972     
          89          93   1.08144964389435     
          89          94   1.33350846794766     
          91          94   1.45024837226723     
          91          95  0.955813896137208     
          93          96   2.79799839532745     
