           1           2   1.44587481470399     
           2           3   1.35514316008414     
           3           4   1.09024588224665     
           4           5   2.80527305742243     
           1           6  0.101782570167157     
           3           6   1.37631230891862     
           6           7   1.37616781342893     
           7           8   1.09025828964614     
           8           9   2.80525553991126     
           1          10   1.44582090589666     
           7          10   1.35527880639334     
           1          11  0.964777582869248     
           2          12  0.967641562885894     
           6          13  0.968090144161519     
          10          14  0.967642471769087     
