   -0.11475235
    0.08003777
   -0.04076534
   -0.01981039
   -0.04042403
    0.04878355
    0.05686519
    0.06158087
    0.05348636
    0.07650545
   -0.11643312
    0.04364727
   -0.04166222
   -0.02068796
   -0.04395093
    0.05463955
    0.05731423
    0.08023988
   -0.15415241
    0.10643920
    0.40209643
   -0.40241584
    0.12897566
   -0.12311345
    0.05436060
    0.04651495
    0.05299578
   -0.11270295
    0.04955547
    0.04453581
    0.03000855
    0.12972838
   -0.39733479
   -0.12281363
    0.05281253
    0.04759630
    0.04975316
   -0.12160462
    0.04872309
    0.05362952
    0.04671942
    0.40224486
   -0.38305841
    0.12877503
   -0.12444205
    0.05243112
    0.05634208
    0.04976735
   -0.12284219
    0.05016590
    0.04746707
    0.05386473
    0.12758374
   -0.37843256
   -0.12545858
    0.05677395
    0.05545321
    0.04872904
   -0.11885589
    0.03959542
    0.05123347
    0.04994749
    0.40044356
   -0.37917570
    0.12496546
   -0.13014926
    0.05835938
    0.05243026
    0.05103792
   -0.12960310
    0.05980892
    0.05158133
    0.05343786
    0.12659004
   -0.37510480
   -0.12516255
    0.05160171
    0.05577179
    0.05498363
   -0.12353746
    0.04180049
    0.05084621
    0.05586577
    0.05915377
    0.05722087
   -0.02878690
   -0.04779535
   -0.06869135
   -0.05383268
    0.07928432
    0.04038745
    0.05494458
   -0.22088187
