           1           2   1.32333136203524     
           2           3   1.35842114616111     
           3           4   1.47335371008750     
           4           5   1.39526486095494     
           1           6   1.39365967587888     
           3           6  0.105561041112954     
           5           6   1.45210655754860     
           6           7  0.956700859714567     
           5           8  0.967749817484328     
           3           9  0.961621647589719     
           2          10   1.07835303538959     
          10          11   1.31929801829726     
          11          12   1.39667578583282     
          12          13   1.44633955324251     
          13          14   1.40004692276329     
          10          15   1.36205783550971     
          12          15  0.105147155934303     
          14          15   1.46942144121456     
          15          16  0.961397189400593     
          13          17  0.968239484623826     
          12          18  0.946461504924790     
           1          19  0.426659711728999     
          11          19  0.424961899135746     
          19          20  0.556737074254037     
          19          21  0.758653760052685     
          21          22   1.09793178609077     
          22          23  0.940936563571002     
          23          24  0.996591892499587     
          24          25  0.982558480782027     
          24          26  0.983401890529414     
          24          27  0.982969389671005     
          23          28  0.990372305922436     
          28          29  0.983848018539106     
          28          30  0.983788050968393     
          28          31  0.985321424414125     
          23          32  0.940659453188181     
          21          33   1.11768013556019     
          32          33  0.937664837388174     
          32          34  0.990945162257405     
          34          35  0.981073443636289     
          34          36  0.983362058547125     
          34          37  0.981993075121003     
          32          38  0.997020575623580     
          38          39  0.982929008923924     
          38          40  0.982759082759250     
          38          41  0.983594894124650     
          19          42  0.858362103403809     
          42          43   1.12025135642909     
          43          44  0.934359200146028     
          44          45  0.997220381184317     
          45          46  0.982495014039193     
          45          47  0.981796014892823     
          45          48  0.983020751141411     
          44          49  0.990931540432782     
          49          50  0.983220544922276     
          49          51  0.981894517572653     
          49          52  0.979943242780222     
          44          53  0.939282200250762     
          42          54   1.11370092793335     
          53          54  0.933541258797361     
          53          55  0.996304052644943     
          55          56  0.982128883857357     
          55          57  0.982641629892278     
          55          58  0.983043998975328     
          53          59  0.991708442803117     
          59          60  0.983281371326791     
          59          61  0.983097326758401     
          59          62  0.982995081421102     
          19          63  0.851231820461398     
          63          64   1.11112009931763     
          64          65  0.936335479270390     
          65          66  0.991288811388320     
          66          67  0.978781560960284     
          66          68  0.982700295126813     
          66          69  0.982972806929971     
          65          70  0.996612661863934     
          70          71  0.982064349468413     
          70          72  0.983303598434493     
          70          73  0.982109330613911     
          65          74  0.938190776314360     
          63          75   1.12351632734928     
          74          75  0.934585554522320     
          74          76  0.996129462418390     
          76          77  0.982842418602558     
          76          78  0.981938731391384     
          76          79  0.981074788182590     
          74          80  0.991161078453309     
          80          81  0.983911743705148     
          80          82  0.982949210067979     
          80          83  0.983153054146115     
           4          84  0.968044571833393     
          14          85  0.968077969141213     
          19          86  0.577260365829883     
          20          86  0.333528477754077     
          86          87   1.14917138361968     
          86          88   1.55672189498782     
          86          89  0.105032878746801     
          87          89   1.16785496429835     
          88          90   1.25257522126466     
          89          90   1.57200140468973     
          88          91  0.959766825140091     
          89          92  0.969505808557695     
          90          93  0.936606363226818     
