           1           2   1.54401893733861     
           2           3   1.30694623126208     
           3           4  0.949515477297979     
           4           5  0.946786068936779     
           4           6  0.934486445839840     
           4           7  0.934418709061050     
           1           8  0.116033095861766     
           3           8   1.51226326726898     
           8           9   1.27767299493332     
           9          10   1.27981186101176     
          10          11   1.52239069098995     
          11          12   1.03174556743166     
          11          13   1.25449401602858     
          13          14   1.58915831079388     
           1          15   1.29101890597895     
           9          15   1.24043385132158     
          14          15   1.26240994076434     
           1          16  0.963971024784551     
           2          17  0.965790648390529     
           8          18  0.963097940226609     
          12          19  0.982045090632001     
          12          20  0.961907211572700     
          12          21  0.961953494008384     
          13          22  0.966913041053454     
          14          23  0.964893083523504     
