   -0.12157877
    0.07951379
   -0.04149062
   -0.02052782
   -0.04175284
    0.04936604
    0.05531592
    0.05966941
    0.04868165
    0.07495039
   -0.12685656
    0.04378996
   -0.04309313
   -0.02231190
   -0.04528713
    0.05004051
    0.05323461
    0.07470099
   -0.15144478
    0.08708955
    0.40135728
   -0.40779404
    0.13014138
   -0.12211617
    0.05481893
    0.04564477
    0.05100150
   -0.10923336
    0.04809271
    0.04132434
    0.02729361
    0.13066428
   -0.40241318
   -0.12085840
    0.04909335
    0.04760159
    0.05071042
   -0.12032762
    0.04694398
    0.05376487
    0.04580575
    0.40338445
   -0.38010078
    0.12822777
   -0.12782612
    0.05721910
    0.05818479
    0.05079379
   -0.12298923
    0.04976783
    0.04751278
    0.05311752
    0.12802070
   -0.38450960
   -0.12412283
    0.05424797
    0.05324832
    0.04953782
   -0.12202180
    0.04489165
    0.05414336
    0.04731464
    0.39857585
   -0.37688137
    0.12470481
   -0.13234342
    0.06035247
    0.05519719
    0.05120615
   -0.12996729
    0.06111580
    0.05171351
    0.05224780
    0.12606478
   -0.37805034
   -0.12522471
    0.05177074
    0.05364038
    0.05561839
   -0.12382286
    0.04092656
    0.05214504
    0.05529547
    0.05627910
    0.05348377
   -0.03531678
   -0.01482676
    0.05333485
   -0.03923168
    0.02781327
   -0.24339134
    0.04727860
    0.05232964
    0.03747017
    0.25258855
   -0.52135897
   -0.08175695
   -0.00814259
   -0.00145097
   -0.12623192
    0.06199534
    0.05950006
   -0.11688546
    0.06592007
    0.05738346
    0.06277020
    0.05835068
    0.04863022
    0.04626990
    0.05463302
    0.04671019
