           1           2   1.31874611365857     
           2           3   1.35333129606685     
           3           4   1.47802133247562     
           4           5   1.38958030337650     
           1           6   1.39162037776916     
           3           6  0.105744780345968     
           5           6   1.45541601686724     
           6           7  0.956391878008766     
           5           8  0.967997235563735     
           3           9  0.961969011259132     
           2          10   1.08387610483302     
          10          11   1.31118895720701     
          11          12   1.39265893508318     
          12          13   1.45182805489673     
          13          14   1.39228603362256     
          10          15   1.35814541888355     
          12          15  0.105126002619183     
          14          15   1.47389226118018     
          15          16  0.961705679172189     
          13          17  0.968715023377759     
          12          18  0.947821613953117     
           1          19  0.424754589054154     
          11          19  0.422814668118100     
          19          20  0.532476630310524     
          19          21  0.736291476756055     
          21          22   1.09101948630403     
          22          23  0.942319546685462     
          23          24  0.996621173159515     
          24          25  0.982548700042765     
          24          26  0.983537829158592     
          24          27  0.983243051707330     
          23          28  0.989861636976297     
          28          29  0.983998526119057     
          28          30  0.983979239340899     
          28          31  0.985404090536070     
          23          32  0.941385132713143     
          21          33   1.11361078965864     
          32          33  0.938461988245238     
          32          34  0.990888251364101     
          34          35  0.982901234871913     
          34          36  0.983581639580439     
          34          37  0.982333047983142     
          32          38  0.996984984702169     
          38          39  0.983154722776026     
          38          40  0.982671000574784     
          38          41  0.983609819798332     
          19          42  0.855353398414069     
          42          43   1.12543009640453     
          43          44  0.933628657157921     
          44          45  0.997045043116122     
          45          46  0.981965298706280     
          45          47  0.981513573319236     
          45          48  0.982861807839823     
          44          49  0.991240592794841     
          49          50  0.983223141950453     
          49          51  0.982843850064460     
          49          52  0.979535451733368     
          44          53  0.938960061797557     
          42          54   1.10724411582964     
          53          54  0.932812915788193     
          53          55  0.996348744347746     
          55          56  0.982400699900519     
          55          57  0.982828044723319     
          55          58  0.983022094098328     
          53          59  0.991837172625133     
          59          60  0.982013490862032     
          59          61  0.982706134080401     
          59          62  0.983148313299484     
          19          63  0.869869530105279     
          63          64   1.11596967899430     
          64          65  0.936619480542033     
          65          66  0.991459200148329     
          66          67  0.978010200946805     
          66          68  0.982339338291277     
          66          69  0.982796909975493     
          65          70  0.996484775698022     
          70          71  0.981843431715906     
          70          72  0.983239381209401     
          70          73  0.982152298141488     
          65          74  0.937246863887396     
          63          75   1.12270099864227     
          74          75  0.934739217059441     
          74          76  0.995717461620250     
          76          77  0.982767769928927     
          76          78  0.982355138749263     
          76          79  0.981970267742237     
          74          80  0.991718684289340     
          80          81  0.983654021501872     
          80          82  0.982965612265969     
          80          83  0.983099205064280     
           4          84  0.968385655270897     
          14          85  0.968534061726500     
          19          86  0.596615321561046     
          20          86  0.348740017096784     
          86          87   1.38421488257079     
          86          88   1.34507471007800     
          87          89   1.44406365468105     
          87          90  0.964266223925159     
          88          91   1.46318032362611     
          88          92  0.953390701787914     
          89          93   1.38689563785349     
          91          93   1.36852500334366     
          89          94  0.967113286333522     
          93          95  0.982495939128419     
          95          96   1.58009528185259     
          95          97   1.29054617192729     
          96          97  0.196352853949108     
          97          98  0.983130972901212     
          97          99  0.978674349318320     
          98         100   1.00661275314702     
          98         101  0.965355480879548     
          98         102  0.967436101535804     
          99         103   1.00806488763353     
          99         104  0.968190063466701     
          99         105  0.969367674488213     
         100         106  0.982147870779201     
         100         107  0.983057313664872     
         100         108  0.984749820281442     
         103         109  0.987312089058179     
         103         110  0.983626777273828     
         103         111  0.984756419531743     
