   -0.12296225
    0.07548762
   -0.04420082
   -0.02315745
   -0.04500571
    0.04809229
    0.05052510
    0.05331415
    0.04515492
    0.07186307
   -0.12758318
    0.04153275
   -0.04564797
   -0.02561915
   -0.04527766
    0.04295335
    0.04871454
    0.07537092
   -0.15663357
    0.08536500
    0.40216045
   -0.40910207
    0.13019762
   -0.12079773
    0.05280662
    0.04397529
    0.05057618
   -0.10860232
    0.04659647
    0.04104491
    0.02777851
    0.13087467
   -0.40513775
   -0.12009087
    0.05068892
    0.04499963
    0.04876598
   -0.11941670
    0.04666188
    0.05259102
    0.04446604
    0.40202753
   -0.38535987
    0.12864738
   -0.12540056
    0.05477716
    0.05519258
    0.04873268
   -0.12105812
    0.04758399
    0.04449725
    0.05238606
    0.12753275
   -0.38259850
   -0.12390428
    0.05336382
    0.05392094
    0.04742693
   -0.12329159
    0.04481243
    0.05154754
    0.05058063
    0.40215076
   -0.37891046
    0.12518881
   -0.12994700
    0.05872166
    0.05367463
    0.04920344
   -0.12873430
    0.06033343
    0.04990156
    0.05164448
    0.12719356
   -0.38210277
   -0.12361777
    0.05014130
    0.05294013
    0.05443618
   -0.12147914
    0.03988915
    0.04895097
    0.05385434
    0.05048136
    0.04681935
   -0.01793299
   -0.04002821
   -0.04170156
    0.00952216
    0.02068326
   -0.03661937
    0.03650402
   -0.11539248
   -0.05288631
    0.02836107
    0.04855392
    0.03823411
    0.04878465
    0.02844463
