           1           2   1.30776564684362     
           2           3   1.34469261435597     
           3           4   1.48719398614054     
           4           5   1.37741760339959     
           1           6   1.38730876515895     
           3           6  0.106225998296421     
           5           6   1.46316692191708     
           6           7  0.957170927355893     
           5           8  0.968762557319870     
           3           9  0.962066859308634     
           2          10   1.09562883148738     
          10          11   1.29886778807994     
          11          12   1.38280776457411     
          12          13   1.46113748103288     
          13          14   1.38021745173269     
          10          15   1.35087240210638     
          12          15  0.105164302687990     
          14          15   1.48079483184352     
          15          16  0.962088537069884     
          13          17  0.969209162308463     
          12          18  0.948055981700777     
           1          19  0.446108649445541     
          11          19  0.434917951372459     
          19          20  0.525536414334260     
          19          21  0.718619316789636     
          21          22   1.08960156370458     
          22          23  0.943638191191175     
          23          24  0.996329936552810     
          24          25  0.982806733766335     
          24          26  0.983705537245467     
          24          27  0.983326940134295     
          23          28  0.989885453130944     
          28          29  0.984162160705768     
          28          30  0.984078748756166     
          28          31  0.985162757252014     
          23          32  0.940983174658735     
          21          33   1.10766252770378     
          32          33  0.940160266332647     
          32          34  0.990680423132792     
          34          35  0.981639353173975     
          34          36  0.983787491702107     
          34          37  0.982289097837511     
          32          38  0.996775901580376     
          38          39  0.983162069865272     
          38          40  0.982861026027548     
          38          41  0.983831940447114     
          19          42  0.863141751647682     
          42          43   1.11116512936324     
          43          44  0.937524637799833     
          44          45  0.996599003554069     
          45          46  0.982270611897576     
          45          47  0.981915068063550     
          45          48  0.983289560030450     
          44          49  0.990729452529511     
          49          50  0.983547084640381     
          49          51  0.982756257496324     
          49          52  0.979518389172728     
          44          53  0.938891090425434     
          42          54   1.10643765215757     
          53          54  0.935994480477748     
          53          55  0.996089675423205     
          55          56  0.982558357401738     
          55          57  0.982850569697042     
          55          58  0.983327167978364     
          53          59  0.991335308663170     
          59          60  0.982257508493683     
          59          61  0.983252029822771     
          59          62  0.983027325958872     
          19          63  0.873648061525664     
          63          64   1.10968156211763     
          64          65  0.938847215829830     
          65          66  0.991078422459682     
          66          67  0.978553071036225     
          66          68  0.982584440641550     
          66          69  0.983175979036225     
          65          70  0.996373705594354     
          70          71  0.982021559027483     
          70          72  0.983510633788733     
          70          73  0.982336980396562     
          65          74  0.937720111187985     
          63          75   1.11522221758572     
          74          75  0.936767375870442     
          74          76  0.995859448843136     
          76          77  0.982999156029523     
          76          78  0.982305457723383     
          76          79  0.981770614800963     
          74          80  0.991112840920256     
          80          81  0.983977117662537     
          80          82  0.983283383418077     
          80          83  0.983367760383605     
           4          84  0.969032992919102     
          14          85  0.969246418916031     
          19          86  0.585084597273197     
          20          86  0.353938965015405     
          86          87   1.39244423254215     
          86          88   1.38211339625446     
          87          89   1.41037159465429     
          88          89  0.104716845209748     
          87          90  0.961008933231288     
          87          91  0.102751075257843     
          88          91   1.44117347247636     
          88          92  0.961304177289451     
          89          93   1.02184630103218     
          86          94  0.100163544764245     
          89          94   1.40586741808333     
          91          94   1.43572232364584     
          91          95  0.969283359445894     
          93          96  0.977021159663881     
          93          97  0.985425602533412     
          93          98  0.970839639027495     
          94          99  0.969775321435624     
