   -0.11205847
    0.08043573
   -0.03964679
   -0.02140242
   -0.04334150
    0.05065654
    0.05429428
    0.05798989
    0.04009796
    0.07525649
   -0.14112732
    0.04624207
   -0.04509171
   -0.02477706
   -0.04548460
    0.03881891
    0.04911855
    0.06829111
   -0.15654370
    0.10562903
    0.40762189
   -0.40885537
    0.13067881
   -0.12202620
    0.05521800
    0.04677222
    0.05114220
   -0.10901895
    0.04921830
    0.04090431
    0.02714274
    0.13067766
   -0.40098045
   -0.12255407
    0.05367210
    0.04803879
    0.05019039
   -0.12017954
    0.04690141
    0.05413455
    0.04684644
    0.40268549
   -0.37635075
    0.12717512
   -0.12764722
    0.05562488
    0.05925455
    0.05081355
   -0.12292912
    0.04967684
    0.04657462
    0.05246238
    0.12737398
   -0.38470389
   -0.12392756
    0.05328660
    0.05298067
    0.04976694
   -0.12478667
    0.04739350
    0.05454676
    0.04918899
    0.40368368
   -0.37145605
    0.12478142
   -0.12940909
    0.05596500
    0.05634948
    0.05148908
   -0.13129223
    0.06261447
    0.05174522
    0.05391130
    0.12679561
   -0.38180956
   -0.12560737
    0.05270253
    0.05419605
    0.05576616
   -0.12400744
    0.04062275
    0.05116393
    0.05648082
    0.05299075
    0.04659681
   -0.02374850
   -0.01509039
   -0.04975984
    0.23606750
   -0.03455854
    0.02108436
    0.06083000
   -0.32387232
   -0.26587238
   -0.05124491
    0.03112430
   -0.12397811
    0.05869795
    0.11344368
    0.04327802
    0.05091854
    0.06255276
    0.05737915
   -0.04917663
   -0.06005913
   -0.04390613
    0.04717802
   -0.04325828
    0.04939248
    0.05263200
    0.05431119
