           1           2   1.31084496394453     
           2           3   1.34475423234709     
           3           4   1.48542639897224     
           4           5   1.38135051111387     
           1           6   1.38824150255037     
           3           6  0.106475905062325     
           5           6   1.46024953292609     
           6           7  0.955997068402417     
           5           8  0.968252014799614     
           3           9  0.961966027647030     
           2          10   1.09358454982693     
          10          11   1.29929348726752     
          11          12   1.37872490076195     
          12          13   1.46268221463497     
          13          14   1.38017292805090     
          10          15   1.35300889998786     
          12          15  0.105063977632965     
          14          15   1.47947023423602     
          15          16  0.961925301265337     
          13          17  0.969120499108671     
          12          18  0.950723182955421     
           1          19  0.447693939448728     
          11          19  0.430551147884219     
          19          20  0.529011989148558     
          19          21  0.721506090027451     
          21          22   1.09552924953524     
          22          23  0.940204925281262     
          23          24  0.996583183949766     
          24          25  0.982441797145572     
          24          26  0.983476154169011     
          24          27  0.983173200170319     
          23          28  0.990230752599471     
          28          29  0.983813982714822     
          28          30  0.983899017109336     
          28          31  0.985336392198083     
          23          32  0.940917207615988     
          21          33   1.11607579906841     
          32          33  0.936547518130787     
          32          34  0.991018679589308     
          34          35  0.980791815970900     
          34          36  0.983421621590631     
          34          37  0.982159234748392     
          32          38  0.996971156146441     
          38          39  0.983150085791016     
          38          40  0.982413118046517     
          38          41  0.983539562434854     
          19          42  0.848638521747429     
          42          43   1.12274679540097     
          43          44  0.935938321099411     
          44          45  0.996284713295795     
          45          46  0.981497763017421     
          45          47  0.981400103280454     
          45          48  0.983168216931244     
          44          49  0.990925415730898     
          49          50  0.983146154410702     
          49          51  0.982324902774292     
          49          52  0.979423256628270     
          44          53  0.937750788613607     
          42          54   1.11223513268057     
          53          54  0.933203557085992     
          53          55  0.996232531745971     
          55          56  0.982323649311893     
          55          57  0.982852032855129     
          55          58  0.982942875772653     
          53          59  0.991959572812214     
          59          60  0.981627869985442     
          59          61  0.982810270031074     
          59          62  0.983123589800974     
          19          63  0.860996629290998     
          63          64   1.11744412219484     
          64          65  0.937066488601239     
          65          66  0.991175789162121     
          66          67  0.979515386362444     
          66          68  0.982260220447569     
          66          69  0.982931628595160     
          65          70  0.996111508950353     
          70          71  0.981702507984802     
          70          72  0.983279851889129     
          70          73  0.982096754197696     
          65          74  0.938275130185660     
          63          75   1.11729538167340     
          74          75  0.932548061309713     
          74          76  0.996666728024705     
          76          77  0.982495200570511     
          76          78  0.981994161943527     
          76          79  0.982160760686445     
          74          80  0.991451983305038     
          80          81  0.983026500009790     
          80          82  0.983068122831821     
          80          83  0.982877193265607     
           4          84  0.968706097985561     
          14          85  0.969286042648392     
          19          86  0.592271697975739     
          20          86  0.349154428687925     
          86          87   1.33501824645214     
          86          88   1.37292518505962     
          87          89   1.06151464951432     
          87          90   1.34000437879499     
          88          90  0.102151935997686     
          88          91   1.43680597799225     
          88          92  0.956898831001072     
          89          93   1.57642644474760     
          89          94   1.06053862643255     
          90          95   1.48498575580196     
          91          95   1.36190114166392     
          90          96  0.967512013508194     
          91          97   1.02609619406027     
          93          98   1.18273911086636     
          94          99   1.05994580403410     
          98          99   1.26887205840104     
          95         100  0.967728156266186     
          97         101  0.983954425948114     
          97         102  0.967087118094709     
          97         103  0.972883244344367     
          98         104   1.34075563220232     
          99         105   1.37409326683555     
         104         105  0.110926964984300     
         104         106   1.48015320378051     
         104         107  0.967951299183153     
         105         108   1.45808315120719     
         106         108   1.40136295831662     
         105         109  0.967102860102081     
         106         110  0.969462293829195     
         108         111  0.969719781567283     
