   -0.12318599
    0.07660428
   -0.04414556
   -0.02050283
   -0.04129938
    0.04330654
    0.08005277
    0.05943507
    0.04977713
    0.07412444
   -0.13418979
    0.04342189
   -0.04291897
   -0.02262882
   -0.04678237
    0.05017928
    0.05448232
    0.08265229
   -0.14436657
    0.09618981
    0.40003113
   -0.40976535
    0.13005064
   -0.12355988
    0.05368880
    0.04666717
    0.05369030
   -0.11048178
    0.04872534
    0.04317388
    0.02701454
    0.13023387
   -0.40164206
   -0.12071590
    0.04382735
    0.05024611
    0.05157682
   -0.11963040
    0.04476415
    0.05379184
    0.04722532
    0.39633004
   -0.37097892
    0.12768921
   -0.12911876
    0.05597294
    0.05903123
    0.05042222
   -0.12595633
    0.04909568
    0.05335775
    0.05402499
    0.12637382
   -0.38352909
   -0.12433746
    0.05415130
    0.05352631
    0.04935724
   -0.12592424
    0.04470697
    0.05366747
    0.05186906
    0.40175866
   -0.37879140
    0.12423620
   -0.13017436
    0.04951290
    0.05655906
    0.05494910
   -0.12936395
    0.05989146
    0.05248863
    0.05327866
    0.12582727
   -0.36302765
   -0.12874743
    0.05325418
    0.05819046
    0.05780909
   -0.12167377
    0.04321187
    0.04736085
    0.05641511
    0.05560542
    0.05359617
   -0.03636130
   -0.03585131
   -0.03555307
   -0.00429253
    0.04625219
    0.48191403
   -0.04190140
    0.08426331
   -0.02464136
   -0.20045641
   -0.21975944
   -0.23089871
    0.06659348
   -0.26279797
   -0.05407411
    0.04029250
    0.10695935
    0.04889984
   -0.13618038
    0.06668146
    0.07252030
    0.06737606
