           1           2   1.32668777340032     
           2           3   1.35562114326261     
           3           4   1.47436490937139     
           4           5   1.39782715690392     
           1           6   1.40105796922822     
           3           6  0.106058759456611     
           5           6   1.44687391655529     
           6           7  0.947796919253593     
           5           8  0.968038722729702     
           3           9  0.961053915014590     
           2          10   1.08067069759646     
          10          11   1.31964811079934     
          11          12   1.39817695241348     
          12          13   1.44711235157984     
          13          14   1.39721879849504     
          10          15   1.35724780726719     
          12          15  0.105446545876696     
          14          15   1.47187836472552     
          15          16  0.960944516921918     
          13          17  0.968577192830151     
          12          18  0.943307362056055     
           1          19  0.408288210224760     
          11          19  0.387218074238533     
          19          20  0.530216189692980     
          19          21  0.752022471596804     
          21          22   1.08853672428922     
          22          23  0.941887039524656     
          23          24  0.996537133543456     
          24          25  0.982114872572662     
          24          26  0.983311290541964     
          24          27  0.982786666703592     
          23          28  0.990214290309896     
          28          29  0.983765931149672     
          28          30  0.983734932869687     
          28          31  0.982795859166826     
          23          32  0.940081287632608     
          21          33   1.11398975807636     
          32          33  0.939372031273507     
          32          34  0.991400961953413     
          34          35  0.982847965062067     
          34          36  0.982831987452001     
          34          37  0.980429191535146     
          32          38  0.996118946409964     
          38          39  0.983050172186900     
          38          40  0.982682101780649     
          38          41  0.983609731381961     
          19          42  0.860009355835415     
          42          43   1.14917842148609     
          43          44  0.935610153838637     
          44          45  0.996649819395044     
          45          46  0.981514543440236     
          45          47  0.982102241892975     
          45          48  0.983170270097162     
          44          49  0.990339693836102     
          49          50  0.983434587387295     
          49          51  0.982721646666871     
          49          52  0.977757221889744     
          44          53  0.936868987591259     
          42          54   1.10014221855664     
          53          54  0.933577243350382     
          53          55  0.994894419718486     
          55          56  0.982139074907208     
          55          57  0.982859534672874     
          55          58  0.983010661255735     
          53          59  0.992878602973688     
          59          60  0.982488625934658     
          59          61  0.982702172536368     
          59          62  0.982738473021007     
          19          63  0.866672614515928     
          63          64   1.09709315744400     
          64          65  0.936181413425585     
          65          66  0.992359372994166     
          66          67  0.982949568009892     
          66          68  0.982201699030028     
          66          69  0.982691178689012     
          65          70  0.995664757879248     
          70          71  0.982134052060071     
          70          72  0.982844970862012     
          70          73  0.982239994193957     
          65          74  0.937353556928004     
          63          75   1.14301684675529     
          74          75  0.937272027653792     
          74          76  0.996421520899062     
          76          77  0.982993841723414     
          76          78  0.982163579428813     
          76          79  0.981698198559928     
          74          80  0.989307436736557     
          80          81  0.983722406340648     
          80          82  0.981941082163738     
          80          83  0.982767114385374     
           4          84  0.968296982891567     
          14          85  0.968421140936706     
          19          86  0.588602585500750     
          20          86  0.357264905357724     
          86          87   1.45203230240225     
          86          88   1.26147065397199     
          87          89   1.30151465369820     
          87          90  0.957054762972075     
          88          91  0.946577319177233     
          87          92  0.108480482065993     
          88          92   1.51149122297813     
          89          93   1.22814055001029     
          92          93   1.27627180208127     
          89          94   1.25741223084628     
          91          95  0.955474647817153     
          91          96  0.932658508894243     
          91          97  0.919724247411298     
          92          98  0.962261977096851     
          93          99   1.28118530822335     
          94         100   1.58639597280550     
          94         101  0.966471873892329     
          99         102   1.51972547497403     
         100         102   1.25767253284353     
         100         103  0.967903821391172     
         102         104   1.02746975677018     
         104         105  0.966283688801935     
         104         106  0.982762775221282     
         104         107  0.964545871748360     
