   -0.12603005
    0.07543796
   -0.04378801
   -0.02262455
   -0.04420544
    0.04965462
    0.04951804
    0.05410394
    0.04612747
    0.07050912
   -0.12963052
    0.04294018
   -0.04425993
   -0.02524495
   -0.04602234
    0.04482695
    0.05165351
    0.07618664
   -0.15173630
    0.08783531
    0.40568968
   -0.40861863
    0.13034034
   -0.12067636
    0.05265257
    0.04459487
    0.05152177
   -0.10882907
    0.04759140
    0.04229142
    0.02694785
    0.13191581
   -0.41035709
   -0.11998917
    0.05075067
    0.04534013
    0.04850654
   -0.11903174
    0.04592204
    0.05238604
    0.04541971
    0.41259163
   -0.38845385
    0.13080316
   -0.12262351
    0.05538571
    0.05084861
    0.04897008
   -0.11883837
    0.04753833
    0.04523296
    0.04962253
    0.12840105
   -0.38542365
   -0.12295195
    0.04910268
    0.05417708
    0.04764758
   -0.12534011
    0.05274881
    0.04949428
    0.05245987
    0.40868751
   -0.38225317
    0.12767842
   -0.12316909
    0.05300180
    0.05194548
    0.04785803
   -0.12766527
    0.06040607
    0.04955283
    0.05212429
    0.12796045
   -0.38636980
   -0.12279719
    0.05005309
    0.05225843
    0.05448258
   -0.12104084
    0.03939494
    0.04937850
    0.05414221
    0.05172805
    0.04903866
   -0.03413431
   -0.06389534
    0.07150271
    0.07340333
    0.02951725
   -0.19895227
   -0.04858759
   -0.31231572
   -0.07262712
    0.05905752
    0.18484922
    0.19210534
    0.04266762
