           1           2   1.30870198381689     
           2           3   1.34664554160791     
           3           4   1.48525965970214     
           4           5   1.37994847226520     
           1           6   1.38832736727672     
           3           6  0.105970996316030     
           5           6   1.46121981387472     
           6           7  0.957262624626582     
           5           8  0.968688037280923     
           3           9  0.961743339431653     
           2          10   1.09523524085223     
          10          11   1.30042012375692     
          11          12   1.38208317808521     
          12          13   1.46022626471992     
          13          14   1.38216970375494     
          10          15   1.35163420557156     
          12          15  0.105008861873158     
          14          15   1.47955543002502     
          15          16  0.961730163170314     
          13          17  0.968885984595395     
          12          18  0.947316742960577     
           1          19  0.438702916485884     
          11          19  0.427413287469355     
          19          20  0.538267362399250     
          19          21  0.717159562843973     
          21          22   1.09526354671983     
          22          23  0.941796206564925     
          23          24  0.996470344644157     
          24          25  0.982716167916685     
          24          26  0.983608404299059     
          24          27  0.983193771506926     
          23          28  0.990145205543498     
          28          29  0.984048011300082     
          28          30  0.984031271874602     
          28          31  0.984907068249126     
          23          32  0.941221894727834     
          21          33   1.10305427423481     
          32          33  0.938833041935917     
          32          34  0.990916368399133     
          34          35  0.981441042892079     
          34          36  0.983649889917936     
          34          37  0.981485229802388     
          32          38  0.996999192292547     
          38          39  0.983207483246734     
          38          40  0.982684700773075     
          38          41  0.983719154573070     
          19          42  0.851240907336100     
          42          43   1.11877767858732     
          43          44  0.937434031223194     
          44          45  0.995591500870049     
          45          46  0.981464027975415     
          45          47  0.982222391398952     
          45          48  0.983048378126272     
          44          49  0.991372522185612     
          49          50  0.983351042473530     
          49          51  0.983024168847805     
          49          52  0.979772989772448     
          44          53  0.936856218813880     
          42          54   1.10353175590042     
          53          54  0.934639983079736     
          53          55  0.994961840618289     
          55          56  0.982831290194627     
          55          57  0.982725462785454     
          55          58  0.983188319334488     
          53          59  0.992439197468032     
          59          60  0.979140355694864     
          59          61  0.983010933573950     
          59          62  0.982674094318042     
          19          63  0.866351521450462     
          63          64   1.10855186128748     
          64          65  0.937884613040777     
          65          66  0.991205577292170     
          66          67  0.979668240012825     
          66          68  0.982473706192333     
          66          69  0.983376566263831     
          65          70  0.996554857719523     
          70          71  0.982079362735597     
          70          72  0.983533383760590     
          70          73  0.982356780044646     
          65          74  0.938466596793914     
          63          75   1.10940600485154     
          74          75  0.936549599980818     
          74          76  0.996061042509290     
          76          77  0.983016335059253     
          76          78  0.982481234660795     
          76          79  0.982336656551900     
          74          80  0.990920135470789     
          80          81  0.984081211804085     
          80          82  0.983315990743775     
          80          83  0.983389283045261     
           4          84  0.968897150389478     
          14          85  0.969031913470778     
          19          86  0.587063663894506     
          20          86  0.345380869921115     
          86          87   1.39853289246952     
          86          88   1.35447409865201     
          87          89   1.34502634045734     
          87          90  0.957939402615503     
          88          91  0.937017304399312     
          88          92   1.39806343378163     
          89          93   1.16060093309039     
          89          94   1.33770206571721     
          92          94   1.45258073274930     
          92          95  0.965390335314778     
          93          96  0.946301845771658     
          93          97  0.943789551589899     
          94          98  0.966861736704422     
