   -0.12153616
    0.07638801
   -0.04311294
   -0.02103023
   -0.04243727
    0.04803459
    0.05651317
    0.05988426
    0.05152018
    0.07267185
   -0.13025173
    0.04149334
   -0.04368136
   -0.02403261
   -0.04506436
    0.05066031
    0.05481670
    0.07693584
   -0.14498903
    0.10052122
    0.40481596
   -0.40250807
    0.12916055
   -0.12322438
    0.05476472
    0.04639126
    0.05363119
   -0.11135029
    0.04956496
    0.04417593
    0.02774406
    0.13062059
   -0.40406509
   -0.12319617
    0.05384251
    0.04733870
    0.05025649
   -0.12116191
    0.04681248
    0.05426194
    0.04717009
    0.40671942
   -0.37654053
    0.12871710
   -0.12580241
    0.05679864
    0.05513931
    0.05042034
   -0.12196279
    0.05017138
    0.04958887
    0.05095743
    0.12803866
   -0.38846139
   -0.12466575
    0.05304308
    0.05402451
    0.04952143
   -0.12192529
    0.04875261
    0.05111427
    0.04885908
    0.40391671
   -0.37902934
    0.12531142
   -0.13115168
    0.05951222
    0.05434522
    0.05123819
   -0.12945403
    0.06026151
    0.05171587
    0.05300091
    0.12662921
   -0.37530921
   -0.12562473
    0.05175047
    0.05478525
    0.05717563
   -0.12334409
    0.04184962
    0.05065677
    0.05590435
    0.05723684
    0.05379891
   -0.06086095
   -0.01711818
    0.24582943
   -0.05525696
    0.04382113
   -0.24281896
   -0.25547082
    0.04109897
    0.05085629
    0.05388676
