           1           2   1.31572288944966     
           2           3   1.35079417624739     
           3           4   1.48074826325769     
           4           5   1.38685362555134     
           1           6   1.39103586029476     
           3           6  0.105924012684281     
           5           6   1.45702737518113     
           6           7  0.956678348869453     
           5           8  0.967968110418212     
           3           9  0.961425342079068     
           2          10   1.08824089109233     
          10          11   1.30576900283326     
          11          12   1.38589012461391     
          12          13   1.45596407848483     
          13          14   1.38861251995377     
          10          15   1.35644133467023     
          12          15  0.104792247197485     
          14          15   1.47490979272063     
          15          16  0.961351893532070     
          13          17  0.968515599823080     
          12          18  0.946864327097124     
           1          19  0.437611789940255     
          11          19  0.423883151839268     
          19          20  0.542283775487358     
          19          21  0.736948300687304     
          21          22   1.10089629551018     
          22          23  0.939756388512253     
          23          24  0.996682170754006     
          24          25  0.982493759373340     
          24          26  0.983385802644303     
          24          27  0.982914085072037     
          23          28  0.990406527322778     
          28          29  0.983854121851147     
          28          30  0.983874148362969     
          28          31  0.984785454403956     
          23          32  0.941051050109689     
          21          33   1.11235801805621     
          32          33  0.936393604868729     
          32          34  0.991200895914619     
          34          35  0.980744280340080     
          34          36  0.983388527417112     
          34          37  0.981821764413847     
          32          38  0.997308636677325     
          38          39  0.983029933266400     
          38          40  0.982611809010402     
          38          41  0.983531410786903     
          19          42  0.845662623048710     
          42          43   1.13750717072921     
          43          44  0.934851812875785     
          44          45  0.996375197869465     
          45          46  0.981699994338969     
          45          47  0.981903724673039     
          45          48  0.982874647545628     
          44          49  0.990993093701995     
          49          50  0.983202076879097     
          49          51  0.982542089587576     
          49          52  0.980677237920165     
          44          53  0.937951426903401     
          42          54   1.10091299994595     
          53          54  0.932655112471797     
          53          55  0.995658639451765     
          55          56  0.982533548069502     
          55          57  0.982789048719230     
          55          58  0.983015880654526     
          53          59  0.992545715625038     
          59          60  0.982315905303724     
          59          61  0.982823617491889     
          59          62  0.982986806575261     
          19          63  0.849697504072978     
          63          64   1.11383224663305     
          64          65  0.934942797706215     
          65          66  0.991559042563991     
          66          67  0.978404931944877     
          66          68  0.982299525115472     
          66          69  0.982985525733177     
          65          70  0.996712918701953     
          70          71  0.982067952826243     
          70          72  0.983279857643095     
          70          73  0.982251366876002     
          65          74  0.937992458189792     
          63          75   1.12635212044738     
          74          75  0.933739642383592     
          74          76  0.996035897491233     
          76          77  0.982840373304924     
          76          78  0.982142294435584     
          76          79  0.981701660368059     
          74          80  0.991430481922220     
          80          81  0.984163383880583     
          80          82  0.983011073496722     
          80          83  0.983116109410292     
           4          84  0.968273752581314     
          14          85  0.968521648180226     
          19          86  0.581292146264516     
          20          86  0.343067158494479     
          86          87   1.39125667849962     
          86          88   1.31775595691377     
          87          89   1.42494291599110     
          87          90  0.963256751741834     
          88          91  0.931374443829765     
          88          92   1.43684944733644     
          86          93  0.103237964362720     
          89          93   1.44159801947633     
          92          93   1.38929102175447     
          89          94  0.967598922318270     
          93          95  0.962788905675448     
