   -0.12721179
    0.07894749
   -0.04228730
   -0.02120651
   -0.04359105
    0.04960779
    0.05023218
    0.05527651
    0.04619589
    0.07267489
   -0.12304211
    0.04275953
   -0.04382253
   -0.02592580
   -0.04375174
    0.04504503
    0.05113449
    0.07530225
   -0.14548933
    0.08682748
    0.40755497
   -0.40652284
    0.13022442
   -0.12080716
    0.05276018
    0.04538145
    0.05173399
   -0.11066085
    0.04847337
    0.04343463
    0.02876185
    0.13144864
   -0.40670394
   -0.12191849
    0.05492682
    0.04592978
    0.04769142
   -0.11922147
    0.04634581
    0.05214848
    0.04620881
    0.40553902
   -0.38572511
    0.12983753
   -0.12425602
    0.05563940
    0.05530059
    0.04947155
   -0.11982164
    0.04809912
    0.04393202
    0.05176522
    0.12813564
   -0.38178812
   -0.12368108
    0.05286549
    0.05463054
    0.04867278
   -0.12043062
    0.04458237
    0.05310138
    0.05044621
    0.40796734
   -0.37826398
    0.12618448
   -0.12672017
    0.05501673
    0.05466241
    0.04941781
   -0.12936294
    0.06091651
    0.05059765
    0.05272285
    0.12817577
   -0.38465610
   -0.12323132
    0.05134514
    0.05319327
    0.05411416
   -0.12173624
    0.03996977
    0.04948276
    0.05517049
    0.05288896
    0.04878809
   -0.03543336
    0.01375873
   -0.04816510
   -0.04578035
   -0.07326884
    0.06872318
    0.05735025
   -0.05146015
    0.04511798
   -0.00739692
    0.04104173
    0.05734416
   -0.21133160
    0.04577928
   -0.10453332
   -0.10882582
    0.02880127
    0.03510969
    0.02705769
    0.03440162
    0.03559873
    0.02793026
    0.04035592
