           1           2   1.30648645209815     
           2           3   1.34933042259967     
           3           4   1.48232326146053     
           4           5   1.38372691001509     
           1           6   1.39252589744693     
           3           6  0.105275261435603     
           5           6   1.45774278678424     
           6           7  0.957583065737077     
           5           8  0.968573707174738     
           3           9  0.961776507179056     
           2          10   1.09246472677611     
          10          11   1.29263955168987     
          11          12   1.37471292104131     
          12          13   1.46047832186636     
          13          14   1.38194818754121     
          10          15   1.35659501777099     
          12          15  0.104133824614658     
          14          15   1.47416953328485     
          15          16  0.961654910080179     
          13          17  0.968881032265746     
          12          18  0.948479676160996     
           1          19  0.423044101813501     
          11          19  0.445838401072369     
          19          20  0.549598431432228     
          19          21  0.696170416365139     
          21          22   1.09776739289287     
          22          23  0.940674413695653     
          23          24  0.996328211202229     
          24          25  0.982651982355998     
          24          26  0.983429607781019     
          24          27  0.983045065603924     
          23          28  0.990619484230638     
          28          29  0.983789421530836     
          28          30  0.983651380077738     
          28          31  0.984219992522730     
          23          32  0.940403212487916     
          21          33   1.11158201890792     
          32          33  0.936949608026016     
          32          34  0.991405096868752     
          34          35  0.979205445085543     
          34          36  0.983245743762361     
          34          37  0.981336675334462     
          32          38  0.996942241775537     
          38          39  0.983005322513594     
          38          40  0.982677119927094     
          38          41  0.983564971585586     
          19          42  0.845629960887339     
          42          43   1.11445200581336     
          43          44  0.934921414548232     
          44          45  0.996608416774248     
          45          46  0.981513674299538     
          45          47  0.981206072290210     
          45          48  0.982970128283973     
          44          49  0.991060612885516     
          49          50  0.983301847070867     
          49          51  0.982666146530935     
          49          52  0.978588578399159     
          44          53  0.938122127647849     
          42          54   1.11661403668928     
          53          54  0.932045797632807     
          53          55  0.995936790821758     
          55          56  0.982380744046408     
          55          57  0.982717602677584     
          55          58  0.982914055977911     
          53          59  0.992644352983661     
          59          60  0.980791463305740     
          59          61  0.982658920703764     
          59          62  0.982835651401071     
          19          63  0.838397760493991     
          63          64   1.11221363200946     
          64          65  0.937144791172251     
          65          66  0.991515939434336     
          66          67  0.979098266726867     
          66          68  0.982391630099690     
          66          69  0.983037660639857     
          65          70  0.996171235138007     
          70          71  0.981958355039718     
          70          72  0.983372844912345     
          70          73  0.982246392185298     
          65          74  0.938650655210767     
          63          75   1.11469750223310     
          74          75  0.933448614259062     
          74          76  0.996834384171024     
          76          77  0.982460193240733     
          76          78  0.981784374317390     
          76          79  0.982052740524551     
          74          80  0.991235046696209     
          80          81  0.983595705947619     
          80          82  0.983165902393638     
          80          83  0.983134422049340     
           4          84  0.968797928732939     
          14          85  0.969125657420670     
          19          86  0.598637756073479     
          20          86  0.331606744894577     
          86          87   1.35932467710085     
          86          88   1.36483616245488     
          87          89   1.40180560602889     
          88          89  0.100215285310468     
          87          90   1.00898595443136     
          88          91   1.43513648846762     
          88          92  0.953791694370745     
          89          93   1.43879053483892     
          91          93   1.39452107681809     
          89          94  0.960182342603136     
          90          95  0.990019143150709     
          90          96  0.956305362004526     
          90          97  0.953231952342233     
          91          98  0.943131133627323     
          93          99  0.968454814605323     
          95         100   1.00996578926378     
          95         101   1.00779887311158     
          95         102  0.965413946535186     
         100         103  0.986807891036543     
         100         104  0.983961446024911     
         100         105  0.983730796277258     
         101         106  0.986853402239765     
         101         107  0.986232915513329     
         101         108  0.986146573217026     
