           1           2   1.40273406418359     
           2           3   1.01725930028846     
           3           4  0.974532585579268     
           4           5   1.01050757791738     
           4           6   1.00844495893694     
           2           7   1.40769693640377     
           1           8  0.108177345278401     
           7           8   1.43987436043356     
           8           9   1.41324669655712     
           9          10  0.960072585808114     
           1          11   1.44672952380642     
           7          11  0.106906973494205     
           9          11   1.40807079963879     
           1          12  0.965999835531045     
           3          13  0.965526083711481     
           3          14  0.973316288873040     
           4          15  0.968832586199008     
           5          16  0.986177454880689     
           5          17  0.985211665877825     
           5          18  0.985994184350043     
           6          19  0.986406071213994     
           6          20  0.985342422793603     
           6          21  0.986444153603965     
           7          22  0.965590299828618     
           8          23  0.967544571612710     
          11          24  0.967560224684313     
