   -0.11237181
    0.08632986
   -0.03860491
   -0.01748968
   -0.03924314
    0.05026152
    0.05530596
    0.06494444
    0.05742306
    0.08415141
   -0.12274978
    0.04429073
   -0.04153857
   -0.01928712
   -0.04113827
    0.05899163
    0.05757147
    0.06892644
   -0.13539002
    0.08750486
    0.40657318
   -0.40364247
    0.13002493
   -0.12403003
    0.05565184
    0.04841305
    0.05421254
   -0.11257322
    0.05158366
    0.04521303
    0.02920151
    0.13089987
   -0.39995970
   -0.12200612
    0.05131058
    0.05001880
    0.05024940
   -0.12113337
    0.04861084
    0.05392392
    0.04868565
    0.40370238
   -0.38314472
    0.12871571
   -0.12501992
    0.04911056
    0.05917071
    0.05252917
   -0.12297369
    0.05131638
    0.04783466
    0.05543073
    0.12828284
   -0.38662175
   -0.12471491
    0.05639765
    0.05481410
    0.05118183
   -0.11815584
    0.03257738
    0.05594870
    0.05023059
    0.40247679
   -0.37978524
    0.12579740
   -0.12847516
    0.05625412
    0.05315095
    0.05198147
   -0.12972966
    0.05988124
    0.05283962
    0.05371038
    0.12700695
   -0.37971539
   -0.12538110
    0.05282807
    0.05598139
    0.05500456
   -0.12428029
    0.04083141
    0.05408087
    0.05678064
    0.06398469
    0.06136913
   -0.02876054
    0.06264072
   -0.03711998
    0.05182499
   -0.17833385
    0.09412588
    0.06271794
   -0.25281847
    0.05967780
    0.11738007
   -0.24365595
