           1           2   1.32462036087048     
           2           3   1.35985396778499     
           3           4   1.47150793521562     
           4           5   1.39998454017650     
           1           6   1.39777650114052     
           3           6  0.105062406486421     
           5           6   1.44799845948677     
           6           7  0.956334065379778     
           5           8  0.967303972345315     
           3           9  0.960561090926042     
           2          10   1.07649101357716     
          10          11   1.31474732863898     
          11          12   1.39279528976205     
          12          13   1.44836186567123     
          13          14   1.39948167880903     
          10          15   1.36458226956823     
          12          15  0.104292128279036     
          14          15   1.46818365851672     
          15          16  0.960188545178029     
          13          17  0.968153274701293     
          12          18  0.949696711613733     
           1          19  0.420020294126002     
          11          19  0.429753267425137     
          19          20  0.537343611853828     
          19          21  0.728433755553818     
          21          22   1.10279783089914     
          22          23  0.937279557980636     
          23          24  0.997161611132950     
          24          25  0.982326548100775     
          24          26  0.983085604890263     
          24          27  0.982770559868792     
          23          28  0.990672788350984     
          28          29  0.983451243953214     
          28          30  0.983522725997330     
          28          31  0.985233484594949     
          23          32  0.941339934025862     
          21          33   1.12239596014022     
          32          33  0.933798394121029     
          32          34  0.991481505506945     
          34          35  0.981779503004683     
          34          36  0.983088313443000     
          34          37  0.981934146320834     
          32          38  0.997340566666609     
          38          39  0.982869509491951     
          38          40  0.982237561293454     
          38          41  0.983132466781080     
          19          42  0.830807099117865     
          42          43   1.12683701333977     
          43          44  0.932823992292458     
          44          45  0.996906782068118     
          45          46  0.982181754145208     
          45          47  0.981052096988894     
          45          48  0.982636113243190     
          44          49  0.991590194419724     
          49          50  0.982727993524536     
          49          51  0.982477399994382     
          49          52  0.978583806619943     
          44          53  0.937637266654934     
          42          54   1.11262884714312     
          53          54  0.931380484475701     
          53          55  0.995885811056552     
          55          56  0.981782534296099     
          55          57  0.982572197916281     
          55          58  0.982509177107520     
          53          59  0.993071169031946     
          59          60  0.982279221199586     
          59          61  0.982295793871339     
          59          62  0.982757243858332     
          19          63  0.840177320591601     
          63          64   1.11737240327283     
          64          65  0.934441461018039     
          65          66  0.991806129207616     
          66          67  0.978830572285332     
          66          68  0.982488610232875     
          66          69  0.982668717016603     
          65          70  0.996701050224198     
          70          71  0.981947372754287     
          70          72  0.982994108763924     
          70          73  0.981975002147880     
          65          74  0.938313022776837     
          63          75   1.12687460520527     
          74          75  0.931261156088211     
          74          76  0.996618050203269     
          76          77  0.982390501025176     
          76          78  0.981821490817263     
          76          79  0.982039072483963     
          74          80  0.992004845332980     
          80          81  0.983291282743537     
          80          82  0.982693592258196     
          80          83  0.982774908708456     
           4          84  0.967413234896548     
          14          85  0.967614508743172     
          19          86  0.615178793775384     
          20          86  0.342613083343069     
          86          87   1.35019110100044     
          86          88   1.34267064799313     
          87          89   1.38481834733603     
          87          90  0.962740042592398     
          88          91   1.39183035451028     
          88          92  0.955173370027887     
          89          93   1.45840839192598     
          91          93   1.31668167749070     
          89          94  0.957412280362797     
          91          95   1.07918012893797     
          95          96   2.80175234853966     
