           1           2   1.63420041711820     
           2           3   1.25398367776970     
           1           4  0.134985178754124     
           3           4   1.63562453883852     
           1           5   1.14163758875778     
           4           5   1.14205287941538     
           5           6   1.07529091296967     
           6           7   1.64553864870957     
           6           8   1.14473441392566     
           7           8  0.157684824190865     
           8           9  0.872442501425860     
           9          10  0.996809692642991     
           9          11  0.996142050943451     
           9          12  0.996870283940275     
           1          13  0.967257510687838     
           2          14  0.972537562654641     
           3          15  0.972595772466400     
           4          16  0.967963375033031     
          10          17  0.984269508580797     
          10          18  0.981230922374428     
          10          19  0.981126090729273     
          11          20  0.983244391406284     
          11          21  0.981386948559054     
          11          22  0.983263030011509     
          12          23  0.981168182706655     
          12          24  0.984272190955816     
          12          25  0.981097286870133     
