           1           2   1.30820541474400     
           2           3   1.50729905318624     
           3           4   1.35188732081895     
           4           5  0.956912447908676     
           5           6  0.942158233327183     
           5           7  0.937779075727195     
           5           8  0.937068503642758     
           1           9   1.25746587590848     
           2           9  0.157689385021686     
           4           9   1.46004375171819     
           1          10  0.910200541794445     
           2          11  0.962345719844115     
           3          12  0.971815768444791     
