   -0.12909979
    0.07673271
   -0.04287320
   -0.02064359
   -0.04262145
    0.05068801
    0.05403265
    0.05899177
    0.04713386
    0.07321684
   -0.14172883
    0.04280291
   -0.04453989
   -0.02400079
   -0.04511319
    0.04688534
    0.05051931
    0.07154311
   -0.14003764
    0.08335618
    0.40940335
   -0.40672557
    0.13060239
   -0.12216354
    0.05569286
    0.04601801
    0.05196337
   -0.10844472
    0.04864159
    0.04206072
    0.02532303
    0.13192332
   -0.40889791
   -0.12237308
    0.05259918
    0.04794034
    0.05101067
   -0.11936626
    0.04444378
    0.05443547
    0.04664438
    0.40882676
   -0.37513221
    0.12945206
   -0.13177271
    0.06336692
    0.05932319
    0.05330132
   -0.12164965
    0.04884483
    0.04950748
    0.05102377
    0.12943832
   -0.39364279
   -0.12082119
    0.04738869
    0.04964976
    0.04971045
   -0.12391563
    0.05424339
    0.05364180
    0.04781504
    0.40525062
   -0.35901084
    0.12542705
   -0.13482220
    0.05724897
    0.06490801
    0.05576576
   -0.13298324
    0.06775503
    0.05378297
    0.05386400
    0.12752656
   -0.38236174
   -0.12600536
    0.05386645
    0.05280327
    0.05746186
   -0.12353729
    0.03947254
    0.05180608
    0.05711130
    0.05496671
    0.05072371
   -0.03816510
   -0.02908296
    0.04583587
   -0.06155392
    0.04631288
   -0.05935732
   -0.11161273
    0.15632216
    0.05595883
    0.07865109
   -0.25890433
