           1           2   1.31553786026638     
           2           3   1.34905402127565     
           3           4   1.48237439851227     
           4           5   1.38554392210190     
           1           6   1.39134916720179     
           3           6  0.105865916885300     
           5           6   1.45765950567226     
           6           7  0.956447551708936     
           5           8  0.968111948453047     
           3           9  0.961547814048678     
           2          10   1.09169665400244     
          10          11   1.30550608815170     
          11          12   1.38450489404474     
          12          13   1.45928744942889     
          13          14   1.38464110168287     
          10          15   1.35371054684576     
          12          15  0.105005521410665     
          14          15   1.47791998139025     
          15          16  0.961416415537538     
          13          17  0.968993720568711     
          12          18  0.947789355196434     
           1          19  0.422897393176941     
          11          19  0.398056269824134     
          19          20  0.545655404478066     
          19          21  0.719956480146040     
          21          22   1.10144177497257     
          22          23  0.939635271081301     
          23          24  0.996788283858272     
          24          25  0.982290120906844     
          24          26  0.983356521848141     
          24          27  0.983114022063058     
          23          28  0.990511551930092     
          28          29  0.983772919110490     
          28          30  0.984005462418115     
          28          31  0.984933463164606     
          23          32  0.941384981806570     
          21          33   1.10583595065382     
          32          33  0.936119990829671     
          32          34  0.991357188635817     
          34          35  0.981272212188324     
          34          36  0.983423391725492     
          34          37  0.981337058646273     
          32          38  0.997330270065370     
          38          39  0.983384138508915     
          38          40  0.982059218231262     
          38          41  0.983365183381405     
          19          42  0.853320185973987     
          42          43   1.13936641766063     
          43          44  0.933791258768249     
          44          45  0.996015429657376     
          45          46  0.976355026570705     
          45          47  0.980991638011320     
          45          48  0.982270162195673     
          44          49  0.991715036812890     
          49          50  0.982869030811763     
          49          51  0.982457533199510     
          49          52  0.978874939415481     
          44          53  0.936245187313055     
          42          54   1.09952032365221     
          53          54  0.931673203684203     
          53          55  0.994466308067813     
          55          56  0.982842793790620     
          55          57  0.983029269151602     
          55          58  0.982664156247152     
          53          59  0.993920021560275     
          59          60  0.976539056769195     
          59          61  0.982173598933737     
          59          62  0.982935043507133     
          19          63  0.861755799610791     
          63          64   1.12397981726053     
          64          65  0.929767426497470     
          65          66  0.992127688882775     
          66          67  0.979934679815676     
          66          68  0.976886466965692     
          66          69  0.981925067290563     
          65          70  0.997231089099854     
          70          71  0.980742903588879     
          70          72  0.982846066749876     
          70          73  0.981946253806136     
          65          74  0.938841072010157     
          63          75   1.11541254958627     
          74          75  0.931396718129227     
          74          76  0.996833914998457     
          76          77  0.982282672015113     
          76          78  0.982407790115063     
          76          79  0.981844949238290     
          74          80  0.991512947950526     
          80          81  0.983439485912696     
          80          82  0.983030793434129     
          80          83  0.982892719349752     
           4          84  0.968505918802590     
          14          85  0.968866479322793     
          19          86  0.591481812882502     
          20          86  0.344493287636867     
          86          87   1.36178747186978     
          86          88   1.38301360808059     
          87          89   1.44495659842477     
          87          90  0.958001232462167     
          87          91  0.104257975903552     
          88          91   1.42233679912571     
          88          92  0.952330486683718     
          89          93   1.38692941442164     
          91          93   1.39664690393225     
          89          94  0.965626815183117     
          91          95  0.961657423838727     
          93          96  0.928620794249621     
