   -0.11922389
    0.07727118
   -0.04196983
   -0.02211004
   -0.04295190
    0.04819007
    0.05221738
    0.05683781
    0.04798840
    0.07293731
   -0.12370653
    0.04023792
   -0.04513436
   -0.02448132
   -0.04486841
    0.04722091
    0.05239856
    0.07654358
   -0.16502775
    0.09863271
    0.40333937
   -0.40862575
    0.13039894
   -0.12135093
    0.05379778
    0.04504228
    0.05085764
   -0.10951463
    0.04770268
    0.04202981
    0.02834956
    0.13112989
   -0.40510917
   -0.12027853
    0.05111612
    0.04632730
    0.04830354
   -0.11970898
    0.04682433
    0.05300913
    0.04544005
    0.40367378
   -0.38073982
    0.12910133
   -0.12194373
    0.05138098
    0.05818707
    0.04797292
   -0.12131059
    0.04835470
    0.04523342
    0.05295337
    0.12795881
   -0.38560290
   -0.12399507
    0.05399557
    0.05422842
    0.04862202
   -0.11545699
    0.03102324
    0.05198696
    0.04920312
    0.40278970
   -0.37793141
    0.12649698
   -0.12473914
    0.05541164
    0.05238764
    0.04894561
   -0.12824021
    0.05969455
    0.05040879
    0.05233819
    0.12708819
   -0.38371605
   -0.12385192
    0.05106533
    0.05313711
    0.05411211
   -0.12278694
    0.03986286
    0.05167715
    0.05478008
    0.05392413
    0.05108225
   -0.06210296
    0.00186940
   -0.02475080
   -0.12935515
    0.04194683
   -0.03204121
    0.12989786
    0.22007216
    0.04923606
    0.07539473
   -0.27469355
   -0.19754659
    0.04155620
    0.05167156
