           1           2   1.30906043341202     
           2           3   1.34967081821633     
           3           4   1.48257840472674     
           4           5   1.38251825012471     
           1           6   1.38647384101479     
           3           6  0.105708436321808     
           5           6   1.46083561846746     
           6           7  0.956305928964524     
           5           8  0.968338626289515     
           3           9  0.961468086588449     
           2          10   1.09181801186980     
          10          11   1.30380014259672     
          11          12   1.38450958928337     
          12          13   1.45828513219739     
          13          14   1.38454899904233     
          10          15   1.35370557421967     
          12          15  0.104981830289029     
          14          15   1.47843345592468     
          15          16  0.961415765147047     
          13          17  0.968802105612472     
          12          18  0.947697003273810     
           1          19  0.450815563963826     
          11          19  0.445564958624572     
          19          20  0.555065604828122     
          19          21  0.725584267527822     
          21          22   1.09298471748146     
          22          23  0.942232405551641     
          23          24  0.996618359696293     
          24          25  0.982563649222698     
          24          26  0.983619247459478     
          24          27  0.983239871866259     
          23          28  0.990095653669463     
          28          29  0.983985667994939     
          28          30  0.983976368969273     
          28          31  0.985423112427750     
          23          32  0.941249821636415     
          21          33   1.11047533505026     
          32          33  0.938371108261372     
          32          34  0.990980593647908     
          34          35  0.981424082538250     
          34          36  0.983707332364388     
          34          37  0.982622661840891     
          32          38  0.996982640494400     
          38          39  0.983215970794005     
          38          40  0.982564395915902     
          38          41  0.983639100087680     
          19          42  0.858894708879293     
          42          43   1.12181602042243     
          43          44  0.936740146786296     
          44          45  0.996768223044215     
          45          46  0.980574259763444     
          45          47  0.981206172185326     
          45          48  0.983096951375918     
          44          49  0.990635413019870     
          49          50  0.983337815364607     
          49          51  0.983050093149278     
          49          52  0.979447459435452     
          44          53  0.938613357086054     
          42          54   1.10261242766053     
          53          54  0.935899779497064     
          53          55  0.996199165099532     
          55          56  0.982505097101398     
          55          57  0.982751646607067     
          55          58  0.983064492936504     
          53          59  0.991593034981781     
          59          60  0.982281508213735     
          59          61  0.983025834916145     
          59          62  0.983136428290952     
          19          63  0.860216352168365     
          63          64   1.10836092586308     
          64          65  0.938282575939534     
          65          66  0.991384603410467     
          66          67  0.979031406729298     
          66          68  0.981944896131718     
          66          69  0.982897738264929     
          65          70  0.996279055229166     
          70          71  0.982011755858203     
          70          72  0.983332149195695     
          70          73  0.982242868898106     
          65          74  0.938086165167426     
          63          75   1.11665627850539     
          74          75  0.934602524683293     
          74          76  0.996432021862035     
          76          77  0.982604758395592     
          76          78  0.982190934037458     
          76          79  0.982341902682740     
          74          80  0.991503877992408     
          80          81  0.983433619667208     
          80          82  0.983059311060790     
          80          83  0.983089817690248     
           4          84  0.968688634151859     
          14          85  0.968840688448164     
          19          86  0.595593229540465     
          20          86  0.328365020086688     
          86          87   1.56052710055542     
          86          88   1.19459923681196     
          87          89   1.16071383658370     
          87          90  0.967053870655367     
          88          91   1.35778102487069     
          88          92   1.18571024996359     
          89          92   1.21914126429885     
          89          93  0.922371563348126     
          91          94   1.44653875172570     
          91          95  0.955296559633224     
          92          96   1.34099971365462     
          94          97  0.954915206922447     
          94          98   1.35698320511443     
          96          98   1.45618725439474     
          98          99  0.962686261136216     
