   -0.12241560
    0.07870335
   -0.04080029
   -0.01973655
   -0.04086859
    0.04846859
    0.05719844
    0.06077978
    0.05100548
    0.07374250
   -0.12793141
    0.04240866
   -0.04235169
   -0.02138442
   -0.04450271
    0.05229374
    0.05582920
    0.07963496
   -0.15523591
    0.10032015
    0.40165864
   -0.40742910
    0.12999058
   -0.12240778
    0.05455550
    0.04572405
    0.05152157
   -0.11013848
    0.04837442
    0.04208386
    0.02830244
    0.13050114
   -0.39988690
   -0.12123439
    0.04980649
    0.04727358
    0.05082760
   -0.12083513
    0.04775550
    0.05387701
    0.04587422
    0.40329426
   -0.37753422
    0.12814972
   -0.12662407
    0.05491440
    0.05735042
    0.05070126
   -0.12357306
    0.04991651
    0.04721289
    0.05510117
    0.12734989
   -0.37877990
   -0.12540022
    0.05582710
    0.05504729
    0.04953255
   -0.12271365
    0.04341796
    0.05327668
    0.04992344
    0.39937289
   -0.37484353
    0.12448397
   -0.13202614
    0.06035435
    0.05431339
    0.05138495
   -0.13013977
    0.06070965
    0.05183860
    0.05290160
    0.12607521
   -0.37508370
   -0.12522737
    0.05169042
    0.05476070
    0.05546926
   -0.12419167
    0.04171870
    0.05182722
    0.05563978
    0.05775487
    0.05567738
    0.00393572
   -0.10815391
   -0.08227052
    0.12725640
    0.19233378
   -0.02195592
    0.03498600
   -0.28154583
   -0.03793859
    0.03798992
    0.05074815
    0.04933861
    0.04403743
   -0.21096486
