           1           2   1.31827891494941     
           2           3   1.35545987620879     
           3           4   1.47609908458423     
           4           5   1.39152173445567     
           1           6   1.39170738660586     
           3           6  0.105304605812125     
           5           6   1.45450508432329     
           6           7  0.956432951034136     
           5           8  0.967859520447427     
           3           9  0.961705988010419     
           2          10   1.08295761631610     
          10          11   1.31197482266034     
          11          12   1.39177914042002     
          12          13   1.45126182171422     
          13          14   1.39410964004568     
          10          15   1.35959036769769     
          12          15  0.104851666433042     
          14          15   1.47237597032705     
          15          16  0.961469306071938     
          13          17  0.968411780835417     
          12          18  0.947177419305185     
           1          19  0.424961859918041     
          11          19  0.423540336890076     
          19          20  0.549713906655537     
          19          21  0.740927873714531     
          21          22   1.09234776579226     
          22          23  0.941718415402273     
          23          24  0.996847277136179     
          24          25  0.982570539519552     
          24          26  0.983452974956923     
          24          27  0.983150465507103     
          23          28  0.990047663690625     
          28          29  0.983929856051303     
          28          30  0.983908174047901     
          28          31  0.985307889687387     
          23          32  0.941429597391654     
          21          33   1.11648320652777     
          32          33  0.938106903208386     
          32          34  0.990962764845835     
          34          35  0.982490012080078     
          34          36  0.983545937173656     
          34          37  0.982204170464981     
          32          38  0.997060074665752     
          38          39  0.983063744539437     
          38          40  0.982621484893271     
          38          41  0.983567123551854     
          19          42  0.850457685600788     
          42          43   1.12918885452686     
          43          44  0.933129100041137     
          44          45  0.997214529420334     
          45          46  0.982235795910068     
          45          47  0.981580621766337     
          45          48  0.982820278219164     
          44          49  0.991111959057645     
          49          50  0.983203420185998     
          49          51  0.982383185861727     
          49          52  0.978994571443803     
          44          53  0.939381744855251     
          42          54   1.11270035405620     
          53          54  0.932641304482579     
          53          55  0.996679697049930     
          55          56  0.982231309504169     
          55          57  0.982663791840057     
          55          58  0.982891529186593     
          53          59  0.991770431684754     
          59          60  0.982497708220984     
          59          61  0.982865676493540     
          59          62  0.983021137813569     
          19          63  0.856322566062047     
          63          64   1.11794046030556     
          64          65  0.936147416514016     
          65          66  0.991561281965594     
          66          67  0.978216476306410     
          66          68  0.982429857940770     
          66          69  0.982813858492808     
          65          70  0.996530331658032     
          70          71  0.981878071249562     
          70          72  0.983184510331998     
          70          73  0.982103629887289     
          65          74  0.937273526852548     
          63          75   1.12602103587910     
          74          75  0.934467015774426     
          74          76  0.995953232230540     
          76          77  0.982790614860317     
          76          78  0.982162421915620     
          76          79  0.981472363263481     
          74          80  0.991638124116809     
          80          81  0.983779337761409     
          80          82  0.982948243691668     
          80          83  0.983034339902803     
           4          84  0.968239777043405     
          14          85  0.968325103248602     
          19          86  0.598123775276419     
          20          86  0.336207222157276     
          86          87   1.16548564117980     
          86          88   1.51475438243026     
          87          89   1.20765749022438     
          87          90  0.930302677922686     
          88          91   1.25341983294419     
          89          91   1.17013653161038     
          88          92  0.968496047169469     
          89          93   1.36163897779024     
          91          94   1.34379363451812     
          93          95   1.43213109292903     
          94          96   1.44013516814925     
          95          96   1.36540599784672     
          94          97  0.966215966158264     
          95          98  0.963623391194922     
          96          99  0.952793037859950     
