   -0.12081752
    0.07754842
   -0.04304160
   -0.02335531
   -0.04423024
    0.04528886
    0.06069236
    0.05327902
    0.04512978
    0.07648835
   -0.11865073
    0.04260866
   -0.04478890
   -0.02354866
   -0.04524604
    0.04346855
    0.04962636
    0.07554152
   -0.15675207
    0.06906959
    0.39845000
   -0.41284038
    0.13131148
   -0.12041224
    0.05208115
    0.04454766
    0.04965297
   -0.10893370
    0.04643071
    0.03926961
    0.03149642
    0.13079151
   -0.40469195
   -0.11714651
    0.04314177
    0.04744272
    0.04841656
   -0.11886655
    0.04622138
    0.05379216
    0.04475272
    0.39981044
   -0.37307750
    0.12691781
   -0.12850713
    0.05710711
    0.05744054
    0.04946575
   -0.12415126
    0.04879527
    0.05174820
    0.04949443
    0.12802805
   -0.38776079
   -0.12285548
    0.05011938
    0.05340757
    0.04890921
   -0.12419199
    0.04556398
    0.05269700
    0.04968130
    0.39697065
   -0.37577762
    0.12694370
   -0.12438123
    0.04801220
    0.05640820
    0.05108712
   -0.13037416
    0.06105531
    0.05080842
    0.05695569
    0.12757344
   -0.38647363
   -0.12520435
    0.05070202
    0.05425599
    0.05323847
   -0.12433149
    0.04278420
    0.05102200
    0.05442482
    0.05037349
    0.04770997
   -0.03907725
   -0.04211660
    0.03263273
   -0.05030713
    0.01434564
   -0.10251774
   -0.02571796
   -0.05178369
    0.01652421
   -0.00871760
    0.21689741
   -0.04174057
    0.01754449
    0.04468570
   -0.06791711
    0.02310442
    0.05620814
    0.06678921
   -0.19432485
    0.35094574
    0.09304075
    0.40844461
    0.21568532
   -0.44075947
   -0.25575666
   -0.51964015
   -0.32284240
    0.00742761
    0.15793713
    0.09965379
    0.07573546
    0.07776682
   -0.12551090
   -0.13188605
   -0.12773994
    0.04659441
    0.05843227
    0.05630034
    0.05841382
    0.06186482
    0.05950455
    0.06000704
    0.04930344
    0.05692322
