           1           2   1.30986517382895     
           2           3   1.34903724025722     
           3           4   1.48340940883928     
           4           5   1.38155667325557     
           1           6   1.38677451503718     
           3           6  0.106175479779667     
           5           6   1.46144200721216     
           6           7  0.955071960427463     
           5           8  0.968750823933760     
           3           9  0.961383685815285     
           2          10   1.09214201316105     
          10          11   1.30763985814432     
          11          12   1.38900700017484     
          12          13   1.45637041149015     
          13          14   1.38480916425162     
          10          15   1.35026900956130     
          12          15  0.105643395265162     
          14          15   1.48101605490400     
          15          16  0.961462284633658     
          13          17  0.969112707679263     
          12          18  0.947085277310391     
           1          19  0.447857770948690     
          11          19  0.441985332821442     
          19          20  0.540151006353701     
          19          21  0.708041765501222     
          21          22   1.08547309637456     
          22          23  0.944361637854323     
          23          24  0.996582911924614     
          24          25  0.982722759059544     
          24          26  0.983708553838174     
          24          27  0.983361385498746     
          23          28  0.989685944270683     
          28          29  0.984029554676024     
          28          30  0.983959245088677     
          28          31  0.985023709712272     
          23          32  0.940813897150254     
          21          33   1.11091983239476     
          32          33  0.941333958790503     
          32          34  0.990729032283787     
          34          35  0.984130972892986     
          34          36  0.983776003186944     
          34          37  0.983165814845565     
          32          38  0.996305693385586     
          38          39  0.983023017400384     
          38          40  0.982377698725502     
          38          41  0.983649504905353     
          19          42  0.853511205371707     
          42          43   1.12612917655641     
          43          44  0.938068137124096     
          44          45  0.996208543633150     
          45          46  0.980486786363021     
          45          47  0.981846522264286     
          45          48  0.983396833324156     
          44          49  0.990866966895735     
          49          50  0.983273457105963     
          49          51  0.981990215247335     
          49          52  0.981240356151442     
          44          53  0.938781740710175     
          42          54   1.10102054085936     
          53          54  0.935085260125030     
          53          55  0.996741541766781     
          55          56  0.982647233794337     
          55          57  0.982832745679246     
          55          58  0.983100785807640     
          53          59  0.991456985418403     
          59          60  0.982356405210371     
          59          61  0.983032316411040     
          59          62  0.982980155465913     
          19          63  0.875082464607280     
          63          64   1.10281050535255     
          64          65  0.932909525637470     
          65          66  0.991582848151613     
          66          67  0.982484748992776     
          66          68  0.981479493809443     
          66          69  0.983287726570855     
          65          70  0.997429735503821     
          70          71  0.981874007667317     
          70          72  0.982985108565733     
          70          73  0.981871408085241     
          65          74  0.939963153340204     
          63          75   1.10650714486179     
          74          75  0.935845194755581     
          74          76  0.996641297750084     
          76          77  0.983063816668107     
          76          78  0.982802358505663     
          76          79  0.981909195525554     
          74          80  0.990991964173637     
          80          81  0.983760709262497     
          80          82  0.982945692393494     
          80          83  0.982981993282870     
           4          84  0.968997925931475     
          14          85  0.969096147366626     
          19          86  0.605229389857180     
          20          86  0.322672047070864     
          86          87   1.44786692567858     
          86          88   1.28293969630247     
          87          89   1.35065050858154     
          87          90  0.964681914362401     
          88          91   1.19634249101276     
          88          92   1.23976437000480     
          86          93  0.100490345168305     
          89          93   1.50991399763997     
          92          93   1.31044842465547     
          89          94  0.970470417905182     
          91          95   1.23844610081638     
          91          96  0.895323002621754     
          92          97   1.21786084438412     
          95          97   1.54442617822162     
          93          98  0.966999090247086     
          95          99  0.967938059641692     
          97         100   1.01321741192246     
         100         101  0.947873010223816     
         100         102  0.972661505430552     
         100         103  0.967203596852633     
         101         104  0.995704705403648     
         101         105  0.941276660300802     
         101         106  0.943320185415604     
         104         107   1.22226213379708     
         104         108  0.921438529853776     
         105         109   1.72706341822586     
         105         110   1.16173121217951     
         109         110  0.175048901824579     
         104         111  0.160257376135742     
         107         111   1.58587402586541     
         107         112   1.08678401073587     
         111         112  0.130138872415779     
         110         113  0.939246888753636     
         112         114  0.889595509417120     
         113         115  0.977337449094264     
         113         116  0.976456872661311     
         113         117  0.975812498196897     
         114         118  0.996094527864679     
         114         119  0.995017061964003     
         114         120  0.996029955103412     
         118         121  0.985029476120212     
         118         122  0.981274258491523     
         118         123  0.982759145131092     
         119         124  0.983999432600692     
         119         125  0.982753254630916     
         119         126  0.983821234955027     
         120         127  0.981075204092928     
         120         128  0.984848742031163     
         120         129  0.982713949136473     
