   -0.13121646
    0.07659493
   -0.04395417
   -0.02271821
   -0.04434312
    0.04404893
    0.07494468
    0.05127339
    0.04105066
    0.07190903
   -0.12849011
    0.04354396
   -0.04572006
   -0.02589110
   -0.04710968
    0.04363537
    0.04867730
    0.07612242
   -0.15001771
    0.09702833
    0.39921716
   -0.41669497
    0.13090723
   -0.12085756
    0.05105511
    0.04489776
    0.05125617
   -0.10890929
    0.04646919
    0.04154228
    0.02712319
    0.13065939
   -0.40328411
   -0.11938207
    0.04403644
    0.04794435
    0.04948999
   -0.11837852
    0.04505091
    0.05205846
    0.04500066
    0.40392360
   -0.37043506
    0.12699202
   -0.12299420
    0.04650925
    0.05740159
    0.04987061
   -0.12471699
    0.04770784
    0.05340048
    0.05199786
    0.12665512
   -0.38133856
   -0.12406083
    0.05367626
    0.05410016
    0.04829715
   -0.11910847
    0.04009844
    0.04998902
    0.04929139
    0.40215131
   -0.38838727
    0.12529086
   -0.12768901
    0.04898501
    0.05716894
    0.05079053
   -0.12646903
    0.05674334
    0.04931235
    0.04804342
    0.12717209
   -0.37020954
   -0.12484490
    0.05156230
    0.05507726
    0.05395899
   -0.11900680
    0.03913032
    0.04784282
    0.05334269
    0.04669223
    0.04630797
   -0.03510158
    0.00139412
   -0.03391438
   -0.04772670
   -0.05428315
    0.03101087
   -0.02351931
   -0.06084703
    0.03005198
   -0.10496465
    0.04689843
    0.01789379
    0.07822582
   -0.03906747
    0.02528476
    0.03524321
    0.03693236
    0.03468832
    0.03693645
   -0.32793103
   -0.04200821
    0.05618401
   -0.06603509
    0.55375106
   -0.04206343
    0.02425711
    0.03835944
   -0.21702807
   -0.21670959
   -0.21529993
    0.03517176
    0.04331844
    0.03992988
    0.04232987
    0.04542188
    0.04158036
    0.04719064
    0.04224972
    0.04188865
    0.03151399
