           1           2   1.30925212272220     
           2           3   1.35331756978177     
           3           4   1.47806126399336     
           4           5   1.38873524507603     
           1           6   1.39738203212080     
           3           6  0.105223481914030     
           5           6   1.45180025102286     
           6           7  0.950391643243295     
           5           8  0.969068482875221     
           3           9  0.962196233777867     
           2          10   1.09016724135655     
          10          11   1.30633633287960     
          11          12   1.38771135249602     
          12          13   1.45590784160217     
          13          14   1.38505975209055     
          10          15   1.35182371712641     
          12          15  0.105168499292485     
          14          15   1.47764898678207     
          15          16  0.962099858034725     
          13          17  0.969202059687080     
          12          18  0.946787496630787     
           1          19  0.407022746296795     
          11          19  0.419913105412350     
          19          20  0.511917177208920     
          19          21  0.731002608853818     
          21          22   1.07996714216804     
          22          23  0.944211658971421     
          23          24  0.996255033910307     
          24          25  0.982284044922470     
          24          26  0.983607601499331     
          24          27  0.983074232831494     
          23          28  0.990081549558940     
          28          29  0.983892566939222     
          28          30  0.983545219437156     
          28          31  0.983081553577803     
          23          32  0.939815363013970     
          21          33   1.11220674377717     
          32          33  0.941967224997829     
          32          34  0.990944352618218     
          34          35  0.981316523603535     
          34          36  0.983243304262022     
          34          37  0.980918811368772     
          32          38  0.995697418675255     
          38          39  0.983130194345413     
          38          40  0.982740757169134     
          38          41  0.983862293745291     
          19          42  0.860431588820203     
          42          43   1.13490621039111     
          43          44  0.940036911285147     
          44          45  0.995653599963847     
          45          46  0.980713985977380     
          45          47  0.982340555984484     
          45          48  0.983668163841471     
          44          49  0.989879706513829     
          49          50  0.983796848024278     
          49          51  0.982714934015462     
          49          52  0.978831487538006     
          44          53  0.937058525854896     
          42          54   1.10676033800112     
          53          54  0.935756646349228     
          53          55  0.995557982913895     
          55          56  0.982176813608430     
          55          57  0.982962897068989     
          55          58  0.983224821165268     
          53          59  0.991967860058437     
          59          60  0.981028707087670     
          59          61  0.982475317607807     
          59          62  0.983192228512351     
          19          63  0.866924886499132     
          63          64   1.06372118704034     
          64          65  0.944673823198814     
          65          66  0.992059743392781     
          66          67  0.979418197277597     
          66          68  0.982159365629682     
          66          69  0.983159835623082     
          65          70  0.993360725855720     
          70          71  0.982168314534871     
          70          72  0.983026984252571     
          70          73  0.982260725748707     
          65          74  0.934631684112099     
          63          75   1.12983370241858     
          74          75  0.941630999070879     
          74          76  0.995220823648500     
          76          77  0.983110640097176     
          76          78  0.982416806845973     
          76          79  0.981059377157539     
          74          80  0.989976256171959     
          80          81  0.983048764877133     
          80          82  0.980913159643105     
          80          83  0.982602606391464     
           4          84  0.969304718258134     
          14          85  0.969262965547736     
          19          86  0.571400436756039     
          20          86  0.367204145175013     
          86          87   1.39713352678679     
          86          88   1.29835145560475     
          87          89   1.35625410003971     
          87          90   1.00505925232974     
          88          91   1.25649830862707     
          88          92   1.15084552224482     
          89          93   1.47544886436827     
          91          93   1.33651989118523     
          89          94  0.966219944520883     
          90          95   1.00300493295149     
          90          96  0.961097811187289     
          90          97  0.971655814174674     
          91          98   1.12725216752726     
          92          99   1.35992111515790     
          92         100   1.24031380003047     
          98         100   1.14651015269873     
          93         101  0.966994468102772     
          95         102  0.988831605597242     
          95         103  0.986550097285578     
          95         104  0.986350258878093     
          98         105  0.972360976905988     
          99         106   1.47383980950890     
          99         107  0.937730196411761     
          99         108  0.105162090309089     
         100         108   1.34749991772581     
         105         109   1.02695284423945     
         106         110   1.39009458168269     
         108         110   1.46923342584719     
         106         111  0.968170550031855     
         108         112  0.960328254336318     
         109         113  0.886131545053405     
         109         114  0.899208451380940     
         109         115  0.876827357288066     
         110         116  0.971233585273265     
         113         117  0.984845722725395     
         113         118  0.989021735036562     
         113         119  0.985387135436736     
         114         120  0.982370140313948     
         114         121  0.982728907349624     
         114         122  0.988440716229442     
         115         123  0.987205653888920     
         115         124  0.987996871332365     
         115         125  0.995941748767819     
