   -0.13179795
    0.07549478
   -0.04384783
   -0.02184475
   -0.04411158
    0.05097271
    0.05021397
    0.05513955
    0.04421922
    0.07184373
   -0.13948964
    0.04359601
   -0.04554273
   -0.02516459
   -0.04562646
    0.04347815
    0.04919594
    0.07100403
   -0.14127252
    0.07931348
    0.40939542
   -0.41135765
    0.13116912
   -0.12060299
    0.05363595
    0.04468094
    0.05109545
   -0.10657468
    0.04714018
    0.04041280
    0.02449034
    0.13249907
   -0.41180242
   -0.11967885
    0.04966112
    0.04613562
    0.05042265
   -0.11824145
    0.04411804
    0.05326354
    0.04541861
    0.41355791
   -0.38066961
    0.13012353
   -0.12980474
    0.06344518
    0.05529735
    0.05267288
   -0.11950823
    0.04820900
    0.04768195
    0.04816652
    0.12959292
   -0.39206109
   -0.12093602
    0.04600221
    0.05114394
    0.04851289
   -0.12324268
    0.05668855
    0.05183169
    0.04842781
    0.40929082
   -0.36981619
    0.12644512
   -0.13291708
    0.05622655
    0.06402905
    0.05275558
   -0.13052734
    0.06590832
    0.05125949
    0.05156164
    0.12782489
   -0.38675462
   -0.12425362
    0.05185640
    0.05106507
    0.05681475
   -0.12107191
    0.03789036
    0.04879080
    0.05502143
    0.05179797
    0.04804362
   -0.03205805
   -0.03458775
    0.05856780
   -0.04358038
    0.02341507
   -0.17816974
    0.00712357
   -0.04830281
    0.02825991
   -0.01738305
    0.04616694
   -0.11094952
   -0.11436400
    0.05870011
    0.04067426
    0.03579735
    0.04646371
    0.03830961
    0.05131491
    0.04717462
