           1           2   1.31051966528426     
           2           3   1.34522027822272     
           3           4   1.48628184609828     
           4           5   1.38012170945880     
           1           6   1.39003556705897     
           3           6  0.106101624652469     
           5           6   1.46077661031699     
           6           7  0.957232434262928     
           5           8  0.968593755044321     
           3           9  0.961912533971203     
           2          10   1.09665602357382     
          10          11   1.30044315592319     
          11          12   1.38031807763148     
          12          13   1.46350035751278     
          13          14   1.37860740868112     
          10          15   1.34918230018544     
          12          15  0.105315450901348     
          14          15   1.48203868313615     
          15          16  0.961828904543160     
          13          17  0.969134823070172     
          12          18  0.948267549726335     
           1          19  0.426288245066912     
          11          19  0.407108537844856     
          19          20  0.543513434906995     
          19          21  0.705658232845411     
          21          22   1.09497917608722     
          22          23  0.941202359056978     
          23          24  0.996720634661021     
          24          25  0.982636872839319     
          24          26  0.983516180242312     
          24          27  0.983240668469303     
          23          28  0.990143034970529     
          28          29  0.984020167659079     
          28          30  0.984140725360314     
          28          31  0.984655790348287     
          23          32  0.941606967726533     
          21          33   1.10201847600832     
          32          33  0.938158858220286     
          32          34  0.991127266210739     
          34          35  0.982329750358959     
          34          36  0.983617364319525     
          34          37  0.981351911019055     
          32          38  0.997071310590712     
          38          39  0.983351516379142     
          38          40  0.982461441207297     
          38          41  0.983624846026472     
          19          42  0.850596043401486     
          42          43   1.13233400680872     
          43          44  0.935232683446161     
          44          45  0.995402800041506     
          45          46  0.979146951179854     
          45          47  0.981583095394724     
          45          48  0.982541550026535     
          44          49  0.991814452022386     
          49          50  0.983114484898880     
          49          51  0.982689916737249     
          49          52  0.979734733484469     
          44          53  0.936407508132532     
          42          54   1.09849693112375     
          53          54  0.932684208356923     
          53          55  0.994751600741636     
          55          56  0.982982307209941     
          55          57  0.983019496873440     
          55          58  0.982902442311332     
          53          59  0.993252381071490     
          59          60  0.977054173426600     
          59          61  0.982585545936706     
          59          62  0.982896525157566     
          19          63  0.864951113157305     
          63          64   1.12344583965803     
          64          65  0.932799875154938     
          65          66  0.991970919726674     
          66          67  0.979727030221009     
          66          68  0.979762846701386     
          66          69  0.982658194343931     
          65          70  0.997110320058014     
          70          71  0.981300593407216     
          70          72  0.983189239634013     
          70          73  0.982341423788537     
          65          74  0.938862663749460     
          63          75   1.10723006927927     
          74          75  0.934766897721295     
          74          76  0.996353625607445     
          76          77  0.982855914785502     
          76          78  0.982717880048626     
          76          79  0.982074317072501     
          74          80  0.990914031516847     
          80          81  0.983884591656531     
          80          82  0.983400482393387     
          80          83  0.983284730187637     
           4          84  0.968858565321259     
          14          85  0.969147199198472     
          19          86  0.595276152676014     
          20          86  0.343331175816800     
          86          87   1.36992406344145     
          86          88   1.37896082712772     
          87          89   1.43943477948638     
          87          90  0.959664365343803     
          88          91  0.944152643880711     
          87          92  0.102715977468043     
          88          92   1.38457419053549     
          89          93   1.43258238349528     
          92          93   1.40082154043372     
          89          94  0.969032628314602     
          92          95  0.998516566952819     
          93          96  0.963196437378734     
          95          97   1.00373423004286     
          95          98  0.989870835319990     
          95          99  0.952096790548272     
          97         100  0.983163816267161     
          97         101  0.986894892396266     
          97         102  0.985315955568380     
          98         103  0.986814600061379     
          98         104  0.983537344137569     
          98         105  0.984671948150948     
