   -0.12395852
    0.08074270
   -0.04294416
   -0.02006805
   -0.04262370
    0.05051791
    0.05298785
    0.05832020
    0.04840710
    0.07528290
   -0.13086545
    0.04383392
   -0.04346692
   -0.02285041
   -0.04520364
    0.04814845
    0.05362092
    0.07582991
   -0.14956126
    0.08603363
    0.40157380
   -0.40489314
    0.12966760
   -0.12129013
    0.05422869
    0.04526194
    0.04998442
   -0.11021425
    0.04803910
    0.04159455
    0.02899218
    0.13090211
   -0.40294423
   -0.12283872
    0.05454208
    0.04643151
    0.04931395
   -0.12013076
    0.04674053
    0.05337853
    0.04573024
    0.39452618
   -0.38386584
    0.12824535
   -0.12497786
    0.05019501
    0.05824111
    0.04964651
   -0.12381007
    0.04781319
    0.04682306
    0.05654064
    0.12742584
   -0.38237749
   -0.12381690
    0.05464677
    0.05207648
    0.04843452
   -0.12029419
    0.04073031
    0.05190905
    0.05125482
    0.40042864
   -0.38005472
    0.12556677
   -0.13248948
    0.06078317
    0.05470548
    0.05122223
   -0.12949146
    0.06003479
    0.05120330
    0.05346762
    0.12733041
   -0.37779283
   -0.12575805
    0.05179381
    0.05456217
    0.05671371
   -0.12307959
    0.04025419
    0.05099751
    0.05550546
    0.05509382
    0.05249461
   -0.04866844
   -0.01461126
    0.09065455
   -0.05449140
    0.02596247
   -0.25132565
   -0.03694048
    0.04517258
    0.02823708
    0.02231646
    0.08266697
    0.09222569
    0.03144148
   -0.02569459
   -0.02866749
   -0.07535213
    0.01771255
   -0.07489112
    0.02317048
    0.01152316
    0.01044770
