           1           2   1.32382862751025     
           2           3   1.35313879897274     
           3           4   1.47732030358693     
           4           5   1.39319595498639     
           1           6   1.40091731520875     
           3           6  0.105688598202539     
           5           6   1.45020793424285     
           6           7  0.956990294277109     
           5           8  0.968181030863449     
           3           9  0.961418788385257     
           2          10   1.08220781047431     
          10          11   1.31380885852745     
          11          12   1.39695789390862     
          12          13   1.44859222437551     
          13          14   1.39545636304159     
          10          15   1.36025959688767     
          12          15  0.104701772146329     
          14          15   1.47133627640809     
          15          16  0.961271382551133     
          13          17  0.968702521055368     
          12          18  0.949031052574483     
           1          19  0.399218279874459     
          11          19  0.403598708527072     
          19          20  0.523505552026568     
          19          21  0.735541126287132     
          21          22   1.09292069193098     
          22          23  0.942304235804238     
          23          24  0.996171578130616     
          24          25  0.982569336880346     
          24          26  0.983573383400767     
          24          27  0.983288852245154     
          23          28  0.990051098313363     
          28          29  0.984004722899993     
          28          30  0.983989539417893     
          28          31  0.985352620102710     
          23          32  0.940818441443292     
          21          33   1.11335332599730     
          32          33  0.938034217526146     
          32          34  0.991128846094409     
          34          35  0.980404337465108     
          34          36  0.983375383424953     
          34          37  0.981712338103659     
          32          38  0.997145759845522     
          38          39  0.983096846812206     
          38          40  0.982572775896402     
          38          41  0.983565493589281     
          19          42  0.873763018869874     
          42          43   1.10844521372491     
          43          44  0.937556355372680     
          44          45  0.996106875875778     
          45          46  0.980757287199908     
          45          47  0.981290911342973     
          45          48  0.982984164907200     
          44          49  0.991224160955934     
          49          50  0.983080996268270     
          49          51  0.982614124807850     
          49          52  0.977248728218256     
          44          53  0.936342415922368     
          42          54   1.10863735043651     
          53          54  0.935843945606999     
          53          55  0.995052493957928     
          55          56  0.981907198028575     
          55          57  0.982853855965283     
          55          58  0.982921334214406     
          53          59  0.992483503600679     
          59          60  0.981055814123243     
          59          61  0.982856496637266     
          59          62  0.982738841077520     
          19          63  0.878394266687089     
          63          64   1.10283306290199     
          64          65  0.935527299401390     
          65          66  0.991480383196380     
          66          67  0.977739185406992     
          66          68  0.982105979957294     
          66          69  0.982758615242163     
          65          70  0.996842382061636     
          70          71  0.981960133261366     
          70          72  0.983117974796522     
          70          73  0.982228563555193     
          65          74  0.939009041736989     
          63          75   1.12485509561263     
          74          75  0.932531648723824     
          74          76  0.996766494361543     
          76          77  0.982474282940099     
          76          78  0.982012071195360     
          76          79  0.981879002217267     
          74          80  0.991596630272001     
          80          81  0.983789864177794     
          80          82  0.983113571836493     
          80          83  0.982978556525938     
           4          84  0.968491405241466     
          14          85  0.968619495727124     
          19          86  0.578001149040926     
          20          86  0.356649626514697     
          86          87   1.40636295828957     
          86          88   1.32817673140844     
          87          89   1.42300233552581     
          88          89  0.102326560374568     
          87          90  0.962681636016327     
          88          91   1.42453334269205     
          88          92  0.987983831810954     
          86          93  0.104396598462186     
          89          93   1.43254194222087     
          91          93   1.41631019301133     
          89          94  0.969299666767443     
          92          95   1.00220824592186     
          92          96  0.936782314015618     
          92          97  0.941360690491985     
          93          98  0.963127938819897     
          95          99   1.23412085938876     
          95         100   1.23333297562897     
          99         100  0.127710635827419     
          99         101   1.54154269049349     
          99         102  0.967176913112247     
         100         103   1.54324609850342     
         101         103   1.33374506666858     
         100         104  0.970768390874055     
         101         105  0.975685957982323     
         103         106  0.975705066834005     
