   -0.12598226
    0.07836896
   -0.04156178
   -0.02130954
   -0.04260417
    0.04878348
    0.05489822
    0.05780254
    0.04587929
    0.07416794
   -0.13100489
    0.04314119
   -0.04472072
   -0.02343048
   -0.04588945
    0.04770867
    0.05053193
    0.07393454
   -0.14363279
    0.09875648
    0.40300411
   -0.40924958
    0.13027021
   -0.12190927
    0.05452742
    0.04560839
    0.05088498
   -0.10865806
    0.04777082
    0.04081269
    0.02668669
    0.13085726
   -0.40086176
   -0.12064835
    0.04910405
    0.04734894
    0.05086371
   -0.11947263
    0.04638140
    0.05301324
    0.04556672
    0.41202968
   -0.37153879
    0.12797965
   -0.12593931
    0.05688232
    0.05515298
    0.04891032
   -0.12262892
    0.04796606
    0.04795775
    0.05293951
    0.12780614
   -0.38028457
   -0.12248444
    0.05164993
    0.05069893
    0.04783923
   -0.12612455
    0.05859350
    0.04933240
    0.04612584
    0.40041165
   -0.37908247
    0.12517826
   -0.13405628
    0.06211640
    0.05297178
    0.05319078
   -0.13059486
    0.06006270
    0.05264680
    0.05367439
    0.12670564
   -0.37586697
   -0.12572668
    0.05128231
    0.05376306
    0.05741519
   -0.12406625
    0.04079788
    0.05101540
    0.05566175
    0.05393319
    0.05103549
   -0.05290669
   -0.06114268
    0.12823978
    0.09826958
    0.04441882
   -0.07233271
   -0.31985132
    0.04741834
   -0.26040774
    0.06486978
    0.02230566
   -0.31301028
    0.22636108
    0.06759336
    0.06557472
    0.03583397
   -0.14613598
    0.09058248
    0.08664943
    0.08659948
