           1           2   1.31567593837584     
           2           3   1.35216728865121     
           3           4   1.47948313557873     
           4           5   1.38646134970512     
           1           6   1.38942575625197     
           3           6  0.105716360420627     
           5           6   1.45766967725751     
           6           7  0.956526373445980     
           5           8  0.968246969458340     
           3           9  0.962467803392773     
           2          10   1.08610711434594     
          10          11   1.31076144802326     
          11          12   1.39243575174429     
          12          13   1.45359187691101     
          13          14   1.38922972494737     
          10          15   1.35551343460079     
          12          15  0.105627102579434     
          14          15   1.47638600745887     
          15          16  0.962241170595366     
          13          17  0.969030120419209     
          12          18  0.948422356906646     
           1          19  0.423285752875543     
          11          19  0.415703488742069     
          19          20  0.533887161336259     
          19          21  0.740333958254005     
          21          22   1.08863589460891     
          22          23  0.942600491536050     
          23          24  0.996634845322237     
          24          25  0.982604329612044     
          24          26  0.983529190064398     
          24          27  0.983256385600329     
          23          28  0.989814120486693     
          28          29  0.984014462367325     
          28          30  0.983976308937106     
          28          31  0.985410478049765     
          23          32  0.941241569142802     
          21          33   1.11408299981228     
          32          33  0.939167189051799     
          32          34  0.990745000033327     
          34          35  0.982819612744838     
          34          36  0.983540879840065     
          34          37  0.981614655281857     
          32          38  0.996739777020174     
          38          39  0.983247441503506     
          38          40  0.982557515174579     
          38          41  0.983665550705824     
          19          42  0.840265811696138     
          42          43   1.13134309105205     
          43          44  0.937308946956005     
          44          45  0.995740494970673     
          45          46  0.980920581554500     
          45          47  0.981754479601667     
          45          48  0.983161944638439     
          44          49  0.991224541273916     
          49          50  0.983318975870359     
          49          51  0.982802026202990     
          49          52  0.978916457532312     
          44          53  0.936421420317049     
          42          54   1.10880180255477     
          53          54  0.934708877233381     
          53          55  0.995016703542591     
          55          56  0.982445999188729     
          55          57  0.983076876221224     
          55          58  0.983236103408824     
          53          59  0.992388997972180     
          59          60  0.977974609199840     
          59          61  0.983060988877675     
          59          62  0.983295969664136     
          19          63  0.872935710144177     
          63          64   1.10885905177843     
          64          65  0.933914915244464     
          65          66  0.991812933343984     
          66          67  0.978458521118666     
          66          68  0.981409594907442     
          66          69  0.982203300394182     
          65          70  0.997033860960031     
          70          71  0.981961381893154     
          70          72  0.983026024590445     
          70          73  0.982094634947361     
          65          74  0.938287598888587     
          63          75   1.11793136855346     
          74          75  0.936186767344153     
          74          76  0.995566814985134     
          76          77  0.982837998884528     
          76          78  0.982218153967820     
          76          79  0.981817427621323     
          74          80  0.990817916557578     
          80          81  0.983727587086234     
          80          82  0.983146228949800     
          80          83  0.983215668015349     
           4          84  0.968649397704401     
          14          85  0.968797206277420     
          19          86  0.576887029871898     
          20          86  0.350796420948208     
          86          87   1.40771796326459     
          86          88   1.30808768309075     
          87          89   1.37290865803223     
          87          90  0.959993913849387     
          87          91  0.103742002145650     
          88          91   1.44145952745353     
          88          92  0.995722957985013     
          89          93   1.27672445982962     
          91          93   1.33903619379906     
          89          94   1.04660616912297     
          91          95  0.963013243726724     
          92          96  0.956143182949304     
          93          97   1.16802058150718     
          94          97  0.105821600925187     
          94          98   1.07823452253439     
          97          98   1.62866257209480     
          96          99  0.977423793642078     
          96         100  0.968190609767395     
          96         101  0.980304586346601     
          98         102   1.03430954338599     
         102         103  0.977848184494842     
         102         104  0.961268172387669     
         102         105  0.959010772926007     
