   -0.12166633
    0.07770604
   -0.04287087
   -0.02059674
   -0.04278969
    0.04840472
    0.05387140
    0.05991471
    0.05226855
    0.07452009
   -0.13073824
    0.04224589
   -0.04303265
   -0.02289891
   -0.04368097
    0.05079120
    0.05516066
    0.07486188
   -0.15007850
    0.08370365
    0.40438108
   -0.40397060
    0.12954910
   -0.12285325
    0.05445251
    0.04642855
    0.05289522
   -0.11104349
    0.04948581
    0.04348923
    0.02842329
    0.13038755
   -0.40144840
   -0.12257055
    0.05260303
    0.04768412
    0.05045306
   -0.12112296
    0.04770244
    0.05424243
    0.04697404
    0.40186846
   -0.38359748
    0.12855282
   -0.12630552
    0.05371933
    0.05762168
    0.05119759
   -0.12295966
    0.05044939
    0.04726416
    0.05375919
    0.12802931
   -0.38479918
   -0.12532267
    0.05578269
    0.05511863
    0.05006554
   -0.12181765
    0.03919274
    0.05476370
    0.05051588
    0.40387521
   -0.37963109
    0.12519441
   -0.13064752
    0.05880854
    0.05352290
    0.05180346
   -0.12956029
    0.06040478
    0.05212841
    0.05257337
    0.12697511
   -0.37699840
   -0.12543703
    0.05234476
    0.05552422
    0.05563053
   -0.12308765
    0.04072577
    0.05136098
    0.05607935
    0.05793234
    0.05498387
   -0.02183272
    0.05538051
   -0.02877075
   -0.16601805
    0.02988727
    0.04794332
    0.04643805
   -0.17367875
    0.04180801
