           1           2   1.31758564275255     
           2           3   1.34979144917599     
           3           4   1.48176868333826     
           4           5   1.38621261312488     
           1           6   1.39091684656727     
           3           6  0.106180597176348     
           5           6   1.45791851106134     
           6           7  0.956753918147355     
           5           8  0.967956980556215     
           3           9  0.961582501911722     
           2          10   1.08774862909913     
          10          11   1.30610043214385     
          11          12   1.38628997272510     
          12          13   1.45585219975070     
          13          14   1.38902615776894     
          10          15   1.35706480296921     
          12          15  0.104814137505397     
          14          15   1.47470635549276     
          15          16  0.961550312996315     
          13          17  0.968476035105566     
          12          18  0.947712746934522     
           1          19  0.435408569866172     
          11          19  0.424247724331993     
          19          20  0.531049551400411     
          19          21  0.728866020927131     
          21          22   1.09984226315532     
          22          23  0.939786523300805     
          23          24  0.996700446694971     
          24          25  0.982510984601216     
          24          26  0.983373703064264     
          24          27  0.982999960852078     
          23          28  0.990537416259621     
          28          29  0.983739120535936     
          28          30  0.983847978839715     
          28          31  0.985091468525463     
          23          32  0.941086657230885     
          21          33   1.11603783379279     
          32          33  0.936405034675010     
          32          34  0.991130092987388     
          34          35  0.981057390167147     
          34          36  0.983415809262227     
          34          37  0.982047475266096     
          32          38  0.997209722270844     
          38          39  0.983004594997690     
          38          40  0.982606869775817     
          38          41  0.983467071314047     
          19          42  0.853482386204310     
          42          43   1.11994835437179     
          43          44  0.933881914941658     
          44          45  0.997093507302606     
          45          46  0.982249090387026     
          45          47  0.981584951954543     
          45          48  0.982881152952213     
          44          49  0.991167701315892     
          49          50  0.983145793219947     
          49          51  0.982492013615785     
          49          52  0.979471465746291     
          44          53  0.939234277808225     
          42          54   1.10999921130542     
          53          54  0.932231045446815     
          53          55  0.996418941477964     
          55          56  0.982235178940362     
          55          57  0.982657594713710     
          55          58  0.982874373177049     
          53          59  0.991889397829801     
          59          60  0.982783511484975     
          59          61  0.982779445633174     
          59          62  0.982936647438465     
          19          63  0.860477369487482     
          63          64   1.11186247636833     
          64          65  0.935600306999272     
          65          66  0.991460206718533     
          66          67  0.978731733003465     
          66          68  0.982552755196584     
          66          69  0.982783211123521     
          65          70  0.996693314483744     
          70          71  0.981928297444216     
          70          72  0.983166010202526     
          70          73  0.982156096794876     
          65          74  0.938052753090406     
          63          75   1.12673405637553     
          74          75  0.932959001215149     
          74          76  0.996261662707821     
          76          77  0.982589507612005     
          76          78  0.981933951830310     
          76          79  0.981653405777995     
          74          80  0.991646774649905     
          80          81  0.983825117973897     
          80          82  0.982936669057102     
          80          83  0.982994572333560     
           4          84  0.968174942195742     
          14          85  0.968365142927772     
          19          86  0.601887774023191     
          20          86  0.346789814392828     
          86          87   1.32195686621276     
          86          88   1.39700290737142     
          87          89   1.48967330921309     
          87          90  0.957539155250139     
          88          91   1.40857570174909     
          88          92  0.960913912119773     
          89          93   1.36162465467937     
          91          93   1.45522535693509     
          91          94  0.961131765841682     
