   -0.12271800
    0.07704156
   -0.04345256
   -0.02168854
   -0.04382938
    0.04907090
    0.05079475
    0.05445175
    0.04617659
    0.07348659
   -0.12692476
    0.04008400
   -0.04584922
   -0.02543536
   -0.04476660
    0.04371114
    0.05024031
    0.07779062
   -0.15443456
    0.08548761
    0.40186182
   -0.40854338
    0.13022074
   -0.12096781
    0.05318103
    0.04406775
    0.05045186
   -0.10858801
    0.04675742
    0.04077788
    0.02774660
    0.13089320
   -0.40507046
   -0.12020265
    0.05004874
    0.04550221
    0.04925472
   -0.11967388
    0.04668944
    0.05305595
    0.04460759
    0.40059992
   -0.38322772
    0.12836470
   -0.12608927
    0.05517789
    0.05567216
    0.04917611
   -0.12175317
    0.04781112
    0.04457198
    0.05307816
    0.12720956
   -0.38207065
   -0.12436567
    0.05332427
    0.05426511
    0.04784032
   -0.12445254
    0.04530558
    0.05226833
    0.05160635
    0.40136311
   -0.37740177
    0.12513368
   -0.13035830
    0.05939719
    0.05400680
    0.04931407
   -0.12899321
    0.06044841
    0.05010961
    0.05165786
    0.12685125
   -0.38164038
   -0.12384226
    0.05032950
    0.05272324
    0.05472459
   -0.12199584
    0.03974916
    0.05000380
    0.05383917
    0.05162012
    0.04779787
   -0.01757782
   -0.03393364
   -0.03772187
   -0.00010333
    0.02412370
   -0.03507513
    0.04352611
   -0.01209596
   -0.04991959
    0.03620301
   -0.00157715
    0.06032062
    0.05781630
    0.03262486
   -0.02689665
   -0.02960040
   -0.07425309
    0.02552430
   -0.07549464
    0.01975259
    0.01260301
    0.01129693
