           1           2   1.31327043310540     
           2           3   1.34698461200078     
           3           4   1.48450372425701     
           4           5   1.38229104367926     
           1           6   1.39172747367547     
           3           6  0.106271753699186     
           5           6   1.45946950813547     
           6           7  0.957338765797922     
           5           8  0.968645378562303     
           3           9  0.962058554201292     
           2          10   1.09188532544709     
          10          11   1.30246957761374     
          11          12   1.38327207281197     
          12          13   1.45978939150778     
          13          14   1.38271893415511     
          10          15   1.35302306093971     
          12          15  0.105176096628130     
          14          15   1.47865487567133     
          15          16  0.962077238172758     
          13          17  0.969034130521380     
          12          18  0.947234951171865     
           1          19  0.432467560358564     
          11          19  0.431347228818906     
          19          20  0.525627955226392     
          19          21  0.721214366603742     
          21          22   1.09034753681328     
          22          23  0.943443833947671     
          23          24  0.996392631027961     
          24          25  0.982764913871992     
          24          26  0.983693240183029     
          24          27  0.983309451063481     
          23          28  0.989852483982607     
          28          29  0.984106312470640     
          28          30  0.984022922457714     
          28          31  0.985039690388559     
          23          32  0.941081020633274     
          21          33   1.10753497480149     
          32          33  0.939967464258012     
          32          34  0.990795797471696     
          34          35  0.982124917480233     
          34          36  0.983743494276390     
          34          37  0.982387609341522     
          32          38  0.996798055583310     
          38          39  0.983158988648087     
          38          40  0.982761745143682     
          38          41  0.983789672701150     
          19          42  0.864285774686935     
          42          43   1.11554114416856     
          43          44  0.937083163597171     
          44          45  0.996560632886298     
          45          46  0.982196657489565     
          45          47  0.981724787479671     
          45          48  0.983203465023141     
          44          49  0.990789203945756     
          49          50  0.983475305472950     
          49          51  0.983032030935233     
          49          52  0.979245470789194     
          44          53  0.938797871392684     
          42          54   1.10569263452448     
          53          54  0.935587527198703     
          53          55  0.996105233570847     
          55          56  0.982570507511848     
          55          57  0.982799381710305     
          55          58  0.983222790260459     
          53          59  0.991422829991694     
          59          60  0.982387852031289     
          59          61  0.983141060896746     
          59          62  0.982926998294968     
          19          63  0.872219794308253     
          63          64   1.11240728006479     
          64          65  0.938804408301654     
          65          66  0.991142050620630     
          66          67  0.978299784907189     
          66          68  0.982564388563995     
          66          69  0.983107678449540     
          65          70  0.996344326046596     
          70          71  0.981975738074923     
          70          72  0.983496494751207     
          70          73  0.982259246492179     
          65          74  0.937550750928300     
          63          75   1.11556002681544     
          74          75  0.936553313035838     
          74          76  0.995873568988344     
          76          77  0.982944339154940     
          76          78  0.982333994033971     
          76          79  0.982093645000180     
          74          80  0.991255289506273     
          80          81  0.983803271678477     
          80          82  0.983193993152608     
          80          83  0.983346628319015     
           4          84  0.968896642436154     
          14          85  0.969147070040424     
          19          86  0.590096392241006     
          20          86  0.352848485194355     
          86          87   1.40025234947916     
          86          88   1.37226196243481     
          87          89   1.40398766109765     
          88          89  0.104775322948276     
          87          90  0.962809700836024     
          87          91  0.103830730305534     
          88          91   1.45306335574275     
          88          92  0.960160554624179     
          89          93  0.991936817235805     
          89          94   1.41828948418702     
          91          94   1.42247201593280     
          91          95  0.968751237598843     
          93          96  0.986229097875907     
          93          97  0.961509511511047     
          93          98  0.962670804644469     
          94          99  0.968063059973717     
          96         100   1.23113097057465     
          96         101   1.23120815334223     
         100         101  0.130117420228725     
         100         102   1.54675933976244     
         100         103  0.970806726277130     
         101         104   1.54152766443656     
         102         104   1.33440436037792     
         101         105  0.969937503196326     
         102         106  0.975550759828358     
         104         107  0.975465275376058     
