   -0.11973978
    0.08703208
   -0.03676695
   -0.01839989
   -0.04134138
    0.04924922
    0.05342628
    0.06090709
    0.05439430
    0.08143451
   -0.13031571
    0.04156896
   -0.04426824
   -0.02251117
   -0.04128116
    0.05351482
    0.05663042
    0.07623482
   -0.15097778
    0.09341063
    0.40579493
   -0.40547746
    0.12985381
   -0.12276015
    0.05454054
    0.04687898
    0.05279815
   -0.11141448
    0.05023814
    0.04351315
    0.02824630
    0.13045296
   -0.40026670
   -0.12249414
    0.05231661
    0.04799733
    0.05073009
   -0.12122943
    0.04807288
    0.05423290
    0.04727787
    0.40157731
   -0.38212035
    0.12862173
   -0.12486622
    0.05339489
    0.05659592
    0.05014650
   -0.12300425
    0.04973949
    0.04679580
    0.05455241
    0.12743206
   -0.38137438
   -0.12513138
    0.05541781
    0.05508608
    0.04947590
   -0.12095052
    0.04216899
    0.05266702
    0.05026208
    0.40249531
   -0.37858696
    0.12513841
   -0.13020317
    0.05854137
    0.05388689
    0.05128441
   -0.12955161
    0.06045359
    0.05184594
    0.05260571
    0.12688212
   -0.37684939
   -0.12507533
    0.05201919
    0.05509790
    0.05550935
   -0.12309278
    0.04089634
    0.05114225
    0.05585551
    0.05987920
    0.05647967
   -0.02182489
    0.00685686
   -0.04390025
   -0.02744815
    0.12458559
    0.09958594
    0.06872302
   -0.05062091
    0.05292153
   -0.30369789
   -0.19557823
    0.06575326
