           1           2   1.32336557839083     
           2           3   1.35454582425324     
           3           4   1.47706557427312     
           4           5   1.39351472858937     
           1           6   1.39495258164102     
           3           6  0.105947493789826     
           5           6   1.45296266003881     
           6           7  0.956959358745317     
           5           8  0.967820218084252     
           3           9  0.960857668891024     
           2          10   1.08062013521874     
          10          11   1.31243064671486     
          11          12   1.38754137397878     
          12          13   1.45276717673526     
          13          14   1.39432728385586     
          10          15   1.36192394778940     
          12          15  0.104595707168435     
          14          15   1.47077347282022     
          15          16  0.960758452180103     
          13          17  0.968256952575888     
          12          18  0.948286286452572     
           1          19  0.423875943620458     
          11          19  0.423168893521767     
          19          20  0.534918322485044     
          19          21  0.733046341184227     
          21          22   1.09860289162867     
          22          23  0.939579091687269     
          23          24  0.996673101176918     
          24          25  0.982528036791766     
          24          26  0.983351470654986     
          24          27  0.982994619283746     
          23          28  0.990428260712358     
          28          29  0.983691731977025     
          28          30  0.983735955542791     
          28          31  0.984978176637509     
          23          32  0.941149356802728     
          21          33   1.11743982211145     
          32          33  0.935975831155880     
          32          34  0.991193153344236     
          34          35  0.981221762384266     
          34          36  0.983336389865127     
          34          37  0.981734901895523     
          32          38  0.997228477193949     
          38          39  0.982957431165789     
          38          40  0.982583530544815     
          38          41  0.983432618889028     
          19          42  0.850007779722703     
          42          43   1.12076367494717     
          43          44  0.934167330020717     
          44          45  0.996967321780534     
          45          46  0.982194073424733     
          45          47  0.981565303415733     
          45          48  0.982992697130047     
          44          49  0.991203111928722     
          49          50  0.983170668545545     
          49          51  0.982366426478923     
          49          52  0.978759314477968     
          44          53  0.938798878120486     
          42          54   1.11379016132836     
          53          54  0.932539561019403     
          53          55  0.996272500611342     
          55          56  0.982198174200177     
          55          57  0.982641979839719     
          55          58  0.982923747779146     
          53          59  0.992052118013268     
          59          60  0.982185821024167     
          59          61  0.982916762817507     
          59          62  0.982942619422326     
          19          63  0.855028257252122     
          63          64   1.11318619682776     
          64          65  0.935811249013572     
          65          66  0.991488127446694     
          66          67  0.978828569997139     
          66          68  0.982510397599149     
          66          69  0.982844702863938     
          65          70  0.996657489428312     
          70          71  0.981938812666218     
          70          72  0.983183908006145     
          70          73  0.982144949744865     
          65          74  0.937981331863200     
          63          75   1.12638957758473     
          74          75  0.933325230133462     
          74          76  0.996153056344300     
          76          77  0.982648626036344     
          76          78  0.981923073007707     
          76          79  0.981496094197780     
          74          80  0.991593611824513     
          80          81  0.983788143607623     
          80          82  0.982950756573310     
          80          83  0.983032251218631     
           4          84  0.967951171176712     
          14          85  0.968211275889380     
          19          86  0.609314350806743     
          20          86  0.349149362351054     
          86          87   1.30144621069936     
          86          88   1.36010485392105     
          87          89   1.32853134944167     
          88          89  0.101505336705444     
          87          90   1.11419089953563     
          88          91   1.43861246892750     
          88          92  0.955113033988877     
          89          93   1.47450399012369     
          91          93   1.35845137105772     
          89          94  0.966343207305807     
          90          95   2.75054763425669     
          91          96  0.956462543330033     
          93          97  0.964927970763146     
