   -0.12387274
    0.07542339
   -0.04353090
   -0.02250449
   -0.04439089
    0.04843130
    0.05294620
    0.05437515
    0.04342613
    0.07249700
   -0.13533366
    0.04232540
   -0.04583369
   -0.02458748
   -0.04611807
    0.04149439
    0.04708462
    0.07535415
   -0.15043350
    0.08860420
    0.40447192
   -0.41014592
    0.13070591
   -0.12079635
    0.05362126
    0.04389139
    0.05032812
   -0.10647911
    0.04598127
    0.03957227
    0.02546490
    0.13132732
   -0.40672575
   -0.11974330
    0.04875344
    0.04571125
    0.05016314
   -0.11882298
    0.04516890
    0.05304017
    0.04436021
    0.40340046
   -0.38714409
    0.12887400
   -0.12676795
    0.05627761
    0.05559335
    0.04913541
   -0.12146661
    0.04700701
    0.04612026
    0.05241681
    0.12751797
   -0.38217173
   -0.12313108
    0.05147410
    0.05299512
    0.04760481
   -0.12550218
    0.04988549
    0.05162667
    0.05061505
    0.39985464
   -0.37336729
    0.12456975
   -0.13203340
    0.05887516
    0.05596506
    0.05070053
   -0.12949552
    0.06067383
    0.05042228
    0.05282114
    0.12656987
   -0.37920465
   -0.12455619
    0.05052781
    0.05188867
    0.05623071
   -0.12262047
    0.04033183
    0.04959500
    0.05408770
    0.05048252
    0.04595195
   -0.02730178
   -0.03642028
    0.01507548
   -0.00585991
    0.02108043
   -0.13489012
   -0.04703181
   -0.00493547
   -0.04726194
    0.06950238
    0.06590497
    0.04737275
    0.03358366
   -0.02741816
   -0.05094486
    0.02866827
   -0.05194368
    0.02639401
   -0.02518442
    0.04310329
    0.05067124
