           1           2   1.30990898119105     
           2           3   1.34543342065366     
           3           4   1.48617544426058     
           4           5   1.37920244738863     
           1           6   1.38836182373882     
           3           6  0.106089289372810     
           5           6   1.46179158658178     
           6           7  0.956594633826960     
           5           8  0.968641413690418     
           3           9  0.961881973850868     
           2          10   1.09484537181722     
          10          11   1.30275327824372     
          11          12   1.38713724478726     
          12          13   1.45892657459214     
          13          14   1.38087610346511     
          10          15   1.34901631841408     
          12          15  0.105549746092731     
          14          15   1.48112603978129     
          15          16  0.961888514567470     
          13          17  0.969365523885726     
          12          18  0.946936340962397     
           1          19  0.438289796385256     
          11          19  0.404270789338799     
          19          20  0.524491327256036     
          19          21  0.712818297532354     
          21          22   1.08968868135295     
          22          23  0.943623487059812     
          23          24  0.996510144674456     
          24          25  0.982718662741203     
          24          26  0.983680931031450     
          24          27  0.983337618874944     
          23          28  0.989732286331319     
          28          29  0.984183716418386     
          28          30  0.984123095718018     
          28          31  0.984943963478168     
          23          32  0.941379095093412     
          21          33   1.10448957670311     
          32          33  0.940192409152775     
          32          34  0.990759447634210     
          34          35  0.982913519056830     
          34          36  0.983752821751327     
          34          37  0.982136579188185     
          32          38  0.996797454985021     
          38          39  0.983289804560588     
          38          40  0.982679230848790     
          38          41  0.983782525818414     
          19          42  0.861774399920553     
          42          43   1.10572281576416     
          43          44  0.937377096317893     
          44          45  0.996308303224796     
          45          46  0.981634281386054     
          45          47  0.981948647460255     
          45          48  0.983204445504311     
          44          49  0.991121550097257     
          49          50  0.983462450878563     
          49          51  0.983021448516736     
          49          52  0.979065558085429     
          44          53  0.938519356626565     
          42          54   1.10700628044741     
          53          54  0.934914755227072     
          53          55  0.996040729509446     
          55          56  0.982689491484832     
          55          57  0.982862912463258     
          55          58  0.983248978302876     
          53          59  0.991484004525783     
          59          60  0.981335948713171     
          59          61  0.983143046456464     
          59          62  0.982953203851051     
          19          63  0.885764848505037     
          63          64   1.11513726309284     
          64          65  0.937706834446879     
          65          66  0.991329540270519     
          66          67  0.978767663863018     
          66          68  0.982166182964101     
          66          69  0.983038090098165     
          65          70  0.996854499098618     
          70          71  0.981992326591325     
          70          72  0.983262029841947     
          70          73  0.982293674901118     
          65          74  0.937992882662012     
          63          75   1.11407797104483     
          74          75  0.937013673795847     
          74          76  0.995696256217568     
          76          77  0.983072302098643     
          76          78  0.982592250182642     
          76          79  0.982046051795975     
          74          80  0.990921310099543     
          80          81  0.983932404724662     
          80          82  0.983279753202354     
          80          83  0.983326359097019     
           4          84  0.969020926858973     
          14          85  0.969305819404097     
          19          86  0.579910469651913     
          20          86  0.355094734605234     
          86          87   1.41373971940253     
          86          88   1.34319033859110     
          87          89   1.36542558721624     
          87          90  0.957435006794747     
          88          91   1.02707995205954     
          88          92   1.41054929192873     
          89          93   1.05702632757674     
          89          94   1.37986212825596     
          92          94   1.44153893348728     
          91          95  0.953782144987260     
          91          96  0.961740894115836     
          91          97  0.983813624599903     
          92          98  0.965878521773676     
          93          99   1.56617479319396     
          93         100   1.21847087151951     
          94         101  0.968097726487860     
          99         102   1.18706049599905     
          99         103  0.969943935246067     
          99         104  0.112622873000222     
         100         104   1.65569777542360     
         102         104   1.17801840728030     
         100         105  0.962333532640351     
         104         106  0.969922966696996     
