   -0.12553202
    0.07982966
   -0.04120108
   -0.02226307
   -0.04368551
    0.04757988
    0.05045853
    0.05499023
    0.04662459
    0.07505001
   -0.12055660
    0.04285355
   -0.04516754
   -0.02482116
   -0.04503125
    0.04722220
    0.05024076
    0.06964879
   -0.15379461
    0.07854033
    0.40447112
   -0.41177645
    0.13113290
   -0.12125274
    0.05333045
    0.04547311
    0.05099638
   -0.10888927
    0.04776239
    0.04142754
    0.02814936
    0.13124297
   -0.40330664
   -0.11841506
    0.04672147
    0.04712599
    0.04928242
   -0.11880273
    0.04718465
    0.05202350
    0.04549442
    0.40915974
   -0.38298456
    0.12884718
   -0.12401562
    0.05096801
    0.05712140
    0.04986863
   -0.12138890
    0.04880552
    0.04539357
    0.05322904
    0.12840669
   -0.38518787
   -0.12324660
    0.05328411
    0.05349440
    0.04867326
   -0.12128350
    0.04257194
    0.05232231
    0.04893405
    0.40024275
   -0.37751014
    0.12544207
   -0.12820845
    0.05689726
    0.05353600
    0.04913326
   -0.12894049
    0.05995395
    0.05052491
    0.05218416
    0.12670448
   -0.38463235
   -0.12315579
    0.05032032
    0.05237474
    0.05343719
   -0.12270290
    0.04005409
    0.05120068
    0.05415017
    0.05267027
    0.05059781
   -0.04630368
    0.10673516
   -0.03403351
   -0.28194097
   -0.11814593
   -0.01120094
    0.04267155
    0.07712093
    0.06307065
    0.05337492
    0.04610711
   -0.04223561
   -0.05877841
   -0.04676097
    0.02853415
    0.01473790
    0.04470886
    0.03837985
   -0.12092400
    0.05506234
    0.04730521
    0.05490715
