           1           2   1.30433538265360     
           2           3   1.35000756452529     
           3           4   1.48256095697960     
           4           5   1.38122047789297     
           1           6   1.38512140837747     
           3           6  0.105337370552750     
           5           6   1.46160306902898     
           6           7  0.957071518765902     
           5           8  0.968563917771307     
           3           9  0.961832548188064     
           2          10   1.09282686312163     
          10          11   1.29683057754434     
          11          12   1.38306965466434     
          12          13   1.45947025176092     
          13          14   1.38218038181929     
          10          15   1.35358767530132     
          12          15  0.104693449144479     
          14          15   1.47886411766117     
          15          16  0.961606257068577     
          13          17  0.969019801857596     
          12          18  0.949662855464360     
           1          19  0.438799209394150     
          11          19  0.454161078616168     
          19          20  0.539787093389216     
          19          21  0.708398651451721     
          21          22   1.08862687191880     
          22          23  0.942038827769836     
          23          24  0.996771491391293     
          24          25  0.982674389904939     
          24          26  0.983534194539949     
          24          27  0.983211893340405     
          23          28  0.989914923893984     
          28          29  0.983897898349076     
          28          30  0.983734207483441     
          28          31  0.985211107043798     
          23          32  0.941270834540581     
          21          33   1.11296979022114     
          32          33  0.938772455496605     
          32          34  0.990889497112315     
          34          35  0.983212790237950     
          34          36  0.983636381695271     
          34          37  0.982386439337858     
          32          38  0.996519686121364     
          38          39  0.983085126925208     
          38          40  0.982440675939205     
          38          41  0.983596348760047     
          19          42  0.843279207790111     
          42          43   1.11815229633817     
          43          44  0.935973158075059     
          44          45  0.996283563728481     
          45          46  0.982176793251381     
          45          47  0.981426727079890     
          45          48  0.983124598926244     
          44          49  0.991269417596935     
          49          50  0.983194410934008     
          49          51  0.982732926279087     
          49          52  0.978997123228653     
          44          53  0.937513692226422     
          42          54   1.10845170630081     
          53          54  0.935073266116909     
          53          55  0.995858689651640     
          55          56  0.982138140037364     
          55          57  0.982772994087215     
          55          58  0.983065404173919     
          53          59  0.991903814621806     
          59          60  0.981069636689999     
          59          61  0.982933097148174     
          59          62  0.983025863776088     
          19          63  0.863264270659773     
          63          64   1.11601148768665     
          64          65  0.938743827653393     
          65          66  0.991305417115617     
          66          67  0.978593093037622     
          66          68  0.982609374866502     
          66          69  0.983119359435446     
          65          70  0.996220091308742     
          70          71  0.982024771762036     
          70          72  0.983394692918246     
          70          73  0.982184161305082     
          65          74  0.937248506635990     
          63          75   1.11152248678773     
          74          75  0.936969593775054     
          74          76  0.995605386146860     
          76          77  0.982988487798228     
          76          78  0.982383689998968     
          76          79  0.982220960634570     
          74          80  0.991336348486762     
          80          81  0.983520654400248     
          80          82  0.983098814655180     
          80          83  0.983240076597239     
           4          84  0.968833879659116     
          14          85  0.968908201466012     
          19          86  0.600962625928951     
          20          86  0.335600613809206     
          86          87   1.23977203404518     
          86          88   1.48040466537695     
          87          89   1.50563483839924     
          87          90   1.01903656759261     
          88          91   1.28806604780931     
          88          92  0.954484844391744     
          89          93   1.28016000256819     
          91          93   1.23160850554854     
          90          94  0.976884981708658     
          90          95  0.970882098960532     
          90          96  0.963153722374519     
          91          97   1.26647022383985     
          93          98   1.27351530371858     
          97          98  0.110176679757724     
          97          99   1.56974200618988     
          97         100  0.966776229159735     
          98         101   1.52573108075310     
          99         101   1.28734701664998     
          98         102  0.965811579435025     
          99         103  0.969041095028822     
         101         104   1.02675298774121     
         104         105  0.970536659476309     
         104         106  0.985531244178334     
         104         107  0.971579122446781     
