   -0.12621004
    0.07514373
   -0.04448022
   -0.02277223
   -0.04549412
    0.04887991
    0.05182399
    0.05389658
    0.04337068
    0.07212273
   -0.13918417
    0.04263432
   -0.04629244
   -0.02555899
   -0.04576565
    0.04159557
    0.04673307
    0.07187203
   -0.14574186
    0.08363880
    0.40916434
   -0.40779352
    0.13058043
   -0.12064915
    0.05344608
    0.04444524
    0.05077400
   -0.10749782
    0.04675619
    0.04027475
    0.02591952
    0.13132491
   -0.40630611
   -0.12129239
    0.05174106
    0.04619311
    0.05012901
   -0.11905333
    0.04500721
    0.05335052
    0.04511543
    0.40273818
   -0.37994102
    0.12783335
   -0.12785352
    0.05682268
    0.05734531
    0.04974311
   -0.12232562
    0.04762804
    0.04704025
    0.05271048
    0.12773700
   -0.38306972
   -0.12280713
    0.05137542
    0.05227268
    0.04829506
   -0.12475111
    0.04732628
    0.05197619
    0.04813066
    0.40376020
   -0.36584535
    0.12585003
   -0.13087423
    0.05621771
    0.05837562
    0.05142459
   -0.12848109
    0.06036994
    0.05091352
    0.05392496
    0.12709909
   -0.38273248
   -0.12461150
    0.05102987
    0.05157310
    0.05663149
   -0.12208198
    0.03924998
    0.04883033
    0.05466233
    0.05017591
    0.04577283
   -0.01061820
   -0.05616558
   -0.03561866
    0.04488740
    0.01990486
    0.12811858
   -0.02752669
   -0.30085772
    0.01431805
   -0.13236867
   -0.01558581
   -0.06957671
    0.21342227
    0.04558395
   -0.10372084
    0.03332535
    0.06997651
    0.03819487
    0.03969418
    0.03331025
