           1           2   1.30832552745814     
           2           3   1.34261511739864     
           3           4   1.48889281351557     
           4           5   1.37666157767512     
           1           6   1.38811507936185     
           3           6  0.106219341929172     
           5           6   1.46294530669245     
           6           7  0.955903639488635     
           5           8  0.968716826187249     
           3           9  0.962061414460382     
           2          10   1.09771818313625     
          10          11   1.30015972904535     
          11          12   1.38432207450121     
          12          13   1.46188680787551     
          13          14   1.37814472958362     
          10          15   1.34777348970826     
          12          15  0.105561817296880     
          14          15   1.48310713636317     
          15          16  0.962043116655584     
          13          17  0.969410819972676     
          12          18  0.948093301188858     
           1          19  0.438728724531523     
          11          19  0.398754875386868     
          19          20  0.519378166715309     
          19          21  0.707129939235781     
          21          22   1.09453525378756     
          22          23  0.942460924462853     
          23          24  0.996426249398892     
          24          25  0.982700172608947     
          24          26  0.983587472167528     
          24          27  0.983261862318469     
          23          28  0.990070931939364     
          28          29  0.984008817975196     
          28          30  0.984025027430989     
          28          31  0.984644769009543     
          23          32  0.940958459735974     
          21          33   1.10602796899204     
          32          33  0.938820120679929     
          32          34  0.990999081096568     
          34          35  0.981587665587623     
          34          36  0.983541496304733     
          34          37  0.981794954692684     
          32          38  0.996845698901882     
          38          39  0.983259073690771     
          38          40  0.982601539248711     
          38          41  0.983672581550026     
          19          42  0.854227810543704     
          42          43   1.11984382251515     
          43          44  0.936673175280215     
          44          45  0.996206769940958     
          45          46  0.980110943206494     
          45          47  0.981787181921784     
          45          48  0.983266792430011     
          44          49  0.991063092468365     
          49          50  0.983408929148181     
          49          51  0.983083857148891     
          49          52  0.978687177247762     
          44          53  0.938029413678720     
          42          54   1.10857583513657     
          53          54  0.934287127810293     
          53          55  0.995610322591035     
          55          56  0.982690414607209     
          55          57  0.982951410048906     
          55          58  0.983203370460308     
          53          59  0.991967581756902     
          59          60  0.977326458187423     
          59          61  0.983089700637160     
          59          62  0.983162927920946     
          19          63  0.881770006579172     
          63          64   1.12821850814725     
          64          65  0.934645010710113     
          65          66  0.991450365950967     
          66          67  0.980042842306198     
          66          68  0.979411255380906     
          66          69  0.982489312527307     
          65          70  0.997211961507530     
          70          71  0.980760932097566     
          70          72  0.983098914040057     
          70          73  0.982094534229874     
          65          74  0.939150823137321     
          63          75   1.10075507588823     
          74          75  0.936545265428119     
          74          76  0.996033533143714     
          76          77  0.982774930225632     
          76          78  0.982149761529509     
          76          79  0.982225519758397     
          74          80  0.990422881290483     
          80          81  0.983208880681161     
          80          82  0.983356565605917     
          80          83  0.983371771644431     
           4          84  0.969018578811654     
          14          85  0.969323151503464     
          19          86  0.585607399197845     
          20          86  0.356151435210565     
          86          87   1.39825709923876     
          86          88   1.31499922005595     
          87          89   1.39905436535383     
          87          90  0.958699061779183     
          88          91   1.19645178083619     
          88          92   1.20304838264316     
          89          93   1.43296494139263     
          91          93   1.33963811534754     
          89          94  0.963896195890031     
          91          95   1.20497038378172     
          92          96   1.58355741328170     
          95          96   1.17686251111155     
          92          97   1.01757094893730     
          95          98  0.925500501189823     
          96          99  0.968640843329667     
          97         100  0.998975646491672     
          97         101  0.973346850878330     
          97         102  0.957756093754794     
         100         103  0.982999805990783     
         100         104  0.987861155934751     
         100         105  0.988559363155842     
