   -0.12039934
    0.07749512
   -0.04195643
   -0.02256240
   -0.04337864
    0.04758412
    0.05351767
    0.05577012
    0.04649871
    0.07454805
   -0.12180975
    0.04169197
   -0.04508887
   -0.02390844
   -0.04519563
    0.04644397
    0.05026411
    0.07502031
   -0.15547470
    0.08559915
    0.40110740
   -0.41157847
    0.13073644
   -0.12141300
    0.05353647
    0.04474678
    0.05045435
   -0.10847353
    0.04685076
    0.04040045
    0.02838556
    0.13065009
   -0.40147798
   -0.11873064
    0.04586242
    0.04682284
    0.05006780
   -0.11907542
    0.04707478
    0.05239874
    0.04474934
    0.40499569
   -0.37927987
    0.12812638
   -0.12504711
    0.05251185
    0.05780116
    0.04957292
   -0.12221178
    0.04872746
    0.04595251
    0.05310096
    0.12784089
   -0.38350648
   -0.12365622
    0.05348841
    0.05341466
    0.04836873
   -0.12293238
    0.04475364
    0.05226718
    0.04799122
    0.39820437
   -0.37442949
    0.12488278
   -0.12919542
    0.05819832
    0.05392752
    0.04927472
   -0.12945535
    0.06036485
    0.05037577
    0.05220620
    0.12597442
   -0.38175306
   -0.12400968
    0.05028303
    0.05254218
    0.05414015
   -0.12348359
    0.04015092
    0.05194246
    0.05391489
    0.05255041
    0.05012954
   -0.02528310
   -0.03255669
   -0.04096326
   -0.05310307
    0.03295425
   -0.01060763
    0.05451044
    0.04506025
    0.04916953
   -0.00965291
   -0.08213649
   -0.03525931
    0.05436580
    0.40551279
   -0.04041200
    0.04384716
   -0.04718725
   -0.49649596
   -0.29761748
   -0.03679339
    0.04698549
    0.05580331
    0.12377668
    0.04550674
   -0.12510041
   -0.12932490
    0.04477173
    0.05912707
    0.05179946
    0.06310112
    0.06373804
    0.06609144
    0.05960246
