           1           2   1.30854573458953     
           2           3   1.34974982338364     
           3           4   1.48256278849058     
           4           5   1.38170116313672     
           1           6   1.38559830787440     
           3           6  0.105758844748250     
           5           6   1.46163078324823     
           6           7  0.956310840185431     
           5           8  0.968471780573730     
           3           9  0.961957328234891     
           2          10   1.09119920482434     
          10          11   1.30478683701073     
          11          12   1.38615763756542     
          12          13   1.45804478727631     
          13          14   1.38380689267113     
          10          15   1.35175885166314     
          12          15  0.105537022445766     
          14          15   1.48016309109529     
          15          16  0.961861953813931     
          13          17  0.969030984252586     
          12          18  0.947758930595505     
           1          19  0.447859827772062     
          11          19  0.441440297647898     
          19          20  0.537303732697578     
          19          21  0.720662002856563     
          21          22   1.08651786725702     
          22          23  0.943444288812763     
          23          24  0.996694244838293     
          24          25  0.982648559944309     
          24          26  0.983622055924898     
          24          27  0.983312537719194     
          23          28  0.989762251188143     
          28          29  0.984048189371841     
          28          30  0.983995283540709     
          28          31  0.985164165242058     
          23          32  0.941174168321258     
          21          33   1.11276082150916     
          32          33  0.940189385819207     
          32          34  0.990754067038989     
          34          35  0.983771515202210     
          34          36  0.983772396609394     
          34          37  0.982609752602573     
          32          38  0.996363008886356     
          38          39  0.983161997522072     
          38          40  0.982576639134249     
          38          41  0.983749123703359     
          19          42  0.847964683854696     
          42          43   1.12189546961025     
          43          44  0.936331498265134     
          44          45  0.996509046897565     
          45          46  0.981540876198100     
          45          47  0.981411089659384     
          45          48  0.983171487292892     
          44          49  0.991068679308325     
          49          50  0.983325931610527     
          49          51  0.982940536770611     
          49          52  0.979583959133517     
          44          53  0.938268249373998     
          42          54   1.10610284253628     
          53          54  0.935302680156198     
          53          55  0.996150035072175     
          55          56  0.982350742475102     
          55          57  0.982818731743652     
          55          58  0.983164988341417     
          53          59  0.991686833886350     
          59          60  0.981223682676432     
          59          61  0.982959592445651     
          59          62  0.983124657381157     
          19          63  0.867656406715483     
          63          64   1.11808666722927     
          64          65  0.939009427641439     
          65          66  0.991332843867663     
          66          67  0.978633228633770     
          66          68  0.982565346806954     
          66          69  0.983082274815120     
          65          70  0.996253565348541     
          70          71  0.981954588736541     
          70          72  0.983434327319981     
          70          73  0.982137583447503     
          65          74  0.937085300793205     
          63          75   1.11284485691089     
          74          75  0.937470705496262     
          74          76  0.995602079746341     
          76          77  0.983054507102712     
          76          78  0.982621061025670     
          76          79  0.982324235492102     
          74          80  0.991242696911145     
          80          81  0.983343298629896     
          80          82  0.983040345478635     
          80          83  0.983298372065007     
           4          84  0.968831965139804     
          14          85  0.968924259443145     
          19          86  0.598830774135646     
          20          86  0.339288646241896     
          86          87   1.37190852239727     
          86          88   1.38798025234743     
          87          89   1.43454654072946     
          88          89  0.100674774676666     
          87          90  0.964513402137080     
          88          91   1.39053720306950     
          88          92  0.956769978694964     
          89          93   1.39333665770519     
          91          93   1.27801874483808     
          89          94  0.962182537633986     
          91          95   1.11203705228830     
          93          96   1.04922012056130     
          95          97   1.37950385181160     
          95          98   1.29036599589108     
          96          98   1.05552262229667     
          96          99   1.13949759475193     
          97         100   1.45680149808090     
          97         101  0.966838609997552     
          97         102  0.105818505206487     
          98         102   1.39450609674892     
          96         103  0.117013828234445     
          99         103   1.60869934818758     
          99         104   1.10417019629148     
         103         104  0.140989250222355     
         100         105   1.41904854822155     
         102         105   1.44281032174009     
         100         106  0.969890696617679     
         102         107  0.963497916101671     
         104         108  0.904209820043920     
         105         109  0.970406554226623     
         108         110   1.00403102844560     
         108         111   1.00718208424880     
         108         112  0.962083192535317     
         110         113  0.984511321842792     
         110         114  0.984682863688674     
         110         115  0.981825398254718     
         111         116  0.983644273460329     
         111         117  0.981573234064492     
         111         118  0.984189255602575     
