   -0.12725197
    0.07882056
   -0.04000375
   -0.02077772
   -0.04457221
    0.04940682
    0.04370563
    0.04697272
    0.04853095
    0.07127833
   -0.13106234
    0.03834543
   -0.04571166
   -0.02720554
   -0.04397544
    0.04436860
    0.04969362
    0.07725647
   -0.14975959
    0.08445051
    0.40817651
   -0.40834716
    0.13027686
   -0.12020376
    0.05153606
    0.04475904
    0.05140317
   -0.11029339
    0.04768311
    0.04255292
    0.02893099
    0.13113662
   -0.40675164
   -0.12186555
    0.05418829
    0.04515004
    0.04851278
   -0.11944243
    0.04614719
    0.05271273
    0.04565897
    0.40353858
   -0.38591905
    0.12892259
   -0.12538280
    0.05547291
    0.05500741
    0.04944078
   -0.12043012
    0.04803356
    0.04425065
    0.05193173
    0.12742474
   -0.37963743
   -0.12491503
    0.05380510
    0.05580719
    0.04861005
   -0.12496228
    0.04557067
    0.05295824
    0.05272074
    0.40987292
   -0.37770324
    0.12555121
   -0.12863266
    0.05671383
    0.05482518
    0.04994096
   -0.12951462
    0.06131828
    0.05041481
    0.05192533
    0.12830628
   -0.38390203
   -0.12326133
    0.05114325
    0.05304289
    0.05454478
   -0.12082729
    0.03917224
    0.04751551
    0.05478495
    0.04893527
    0.04694271
   -0.03044871
    0.01032502
   -0.04222248
   -0.07770167
   -0.04584631
   -0.03910242
    0.04262372
    0.10498717
    0.05964062
    0.07014100
   -0.04378793
    0.02649047
    0.02778495
   -0.26860082
   -0.04958018
    0.02918036
    0.05562665
   -0.01817518
    0.04455596
   -0.05163178
    0.03283542
    0.04417259
    0.04094535
