           1           2   1.30529863108619     
           2           3   1.34502898334528     
           3           4   1.48709258637847     
           4           5   1.37713235422690     
           1           6   1.38818592176570     
           3           6  0.105732820255634     
           5           6   1.46271944670488     
           6           7  0.958410591455914     
           5           8  0.969378248173632     
           3           9  0.961920289596936     
           2          10   1.09697039216056     
          10          11   1.28402873478258     
          11          12   1.36909882043524     
          12          13   1.46694924802991     
          13          14   1.37645049404758     
          10          15   1.35401256714785     
          12          15  0.103289386812549     
          14          15   1.47684733533555     
          15          16  0.962060138992372     
          13          17  0.969014519848871     
          12          18  0.947841983766445     
           1          19  0.437417907878266     
          11          19  0.437952881721280     
          19          20  0.548856282498787     
          19          21  0.691077544924161     
          21          22   1.09680654134891     
          22          23  0.941298478715011     
          23          24  0.996231732604823     
          24          25  0.982758784746783     
          24          26  0.983552982258690     
          24          27  0.983119990470089     
          23          28  0.990498144409250     
          28          29  0.983918284289402     
          28          30  0.983756190006787     
          28          31  0.983616561818712     
          23          32  0.940270592171054     
          21          33   1.10842487504701     
          32          33  0.938077722890887     
          32          34  0.991217642532890     
          34          35  0.979470704092349     
          34          36  0.983408357319844     
          34          37  0.981543156516281     
          32          38  0.996805018742195     
          38          39  0.982976839002614     
          38          40  0.982774720956388     
          38          41  0.983711767968945     
          19          42  0.853451094853097     
          42          43   1.10756201993445     
          43          44  0.935639491027145     
          44          45  0.996507212233668     
          45          46  0.982240916032981     
          45          47  0.981338376700824     
          45          48  0.983088344438811     
          44          49  0.990730765721875     
          49          50  0.983535660912714     
          49          51  0.982545257814465     
          49          52  0.979017769797693     
          44          53  0.939173338640234     
          42          54   1.11628190524210     
          53          54  0.932634341903586     
          53          55  0.996435812388233     
          55          56  0.982429747098828     
          55          57  0.982656731196166     
          55          58  0.983037809958464     
          53          59  0.991797759648644     
          59          60  0.982096948604360     
          59          61  0.982918345399221     
          59          62  0.982773240029223     
          19          63  0.844936170929774     
          63          64   1.10907185787757     
          64          65  0.937724560995811     
          65          66  0.991338729809087     
          66          67  0.979177007281473     
          66          68  0.982490845499015     
          66          69  0.983114570148193     
          65          70  0.996109160430502     
          70          71  0.981967240640828     
          70          72  0.983462297581023     
          70          73  0.982401131191050     
          65          74  0.938586137759250     
          63          75   1.11059285709355     
          74          75  0.935194609552079     
          74          76  0.996629721215340     
          76          77  0.982699164650388     
          76          78  0.981869368923188     
          76          79  0.981794569612325     
          74          80  0.990690129982848     
          80          81  0.984021933589591     
          80          82  0.983243446668936     
          80          83  0.983266454424048     
           4          84  0.969121108426849     
          14          85  0.969328520843619     
          19          86  0.595226451926240     
          20          86  0.333852743090763     
          86          87   1.36739447230072     
          86          88   1.37402055799178     
          87          89   1.00818867142892     
          87          90   1.39983681465353     
          88          90  0.105547027587018     
          87          91  0.100707388641154     
          88          91   1.45450878409325     
          88          92  0.957812347409989     
          89          93   1.00001782055855     
          89          94  0.950216629695767     
          89          95  0.929912891684278     
          86          96  0.100224842127496     
          90          96   1.44820408731674     
          91          96   1.41721517883878     
          90          97  0.966224712018951     
          91          98  0.969491884353259     
          93          99   1.39969700481207     
          93         100   1.38948635478237     
          96         101  0.970399628402245     
          99         102   1.44086854776739     
         100         102  0.113650993115441     
         100         103   1.45261886645964     
         100         104  0.964917713939184     
          93         105  0.108769828299787     
         102         105   1.42722457032212     
         103         105   1.43307224846186     
         102         106  0.963459902417287     
         103         107  0.969202118638396     
         105         108  0.970013868823004     
