   -0.12237634
    0.07587505
   -0.04296794
   -0.02188573
   -0.04328154
    0.04824200
    0.05403986
    0.05744268
    0.04757400
    0.07185719
   -0.12962188
    0.04268143
   -0.04418743
   -0.02434007
   -0.04520381
    0.04619062
    0.05216934
    0.07747868
   -0.15845007
    0.09581407
    0.40636760
   -0.40605963
    0.12993462
   -0.12174895
    0.05393309
    0.04528208
    0.05191380
   -0.10909974
    0.04803275
    0.04217651
    0.02681963
    0.13091527
   -0.40501792
   -0.12149096
    0.05199487
    0.04647727
    0.04988812
   -0.11995350
    0.04618279
    0.05355711
    0.04587341
    0.40433779
   -0.38253538
    0.12843002
   -0.12534559
    0.05484833
    0.05618669
    0.04957726
   -0.12115581
    0.04886311
    0.04701527
    0.05126121
    0.12795396
   -0.38291846
   -0.12400073
    0.05343693
    0.05418980
    0.04854961
   -0.12094825
    0.04110081
    0.05152026
    0.04928312
    0.40397691
   -0.37796783
    0.12560026
   -0.12903474
    0.05896330
    0.05289166
    0.05051074
   -0.12939144
    0.06105281
    0.05107670
    0.05200115
    0.12708228
   -0.37890427
   -0.12433738
    0.05148000
    0.05322158
    0.05545038
   -0.12265892
    0.04127920
    0.04993486
    0.05516583
    0.05415555
    0.05022261
   -0.04139586
   -0.01297265
   -0.00189054
   -0.12969767
    0.02409268
   -0.04343819
    0.03380477
   -0.04012389
    0.06232403
   -0.04629210
   -0.04112339
    0.03468386
    0.03897942
    0.03860005
