           1           2   1.31198190677559     
           2           3   1.34839537925760     
           3           4   1.48358430990223     
           4           5   1.38220457073442     
           1           6   1.38743398656195     
           3           6  0.106069660483115     
           5           6   1.46091639472241     
           6           7  0.956790467463189     
           5           8  0.968256822986793     
           3           9  0.961625398801846     
           2          10   1.09219887046434     
          10          11   1.30379574918565     
          11          12   1.38441424147378     
          12          13   1.45807454170780     
          13          14   1.38512763276918     
          10          15   1.35355790098274     
          12          15  0.105003427179033     
          14          15   1.47778174516698     
          15          16  0.961609641189605     
          13          17  0.968815882098332     
          12          18  0.946693259166156     
           1          19  0.444884965374915     
          11          19  0.427060773813656     
          19          20  0.555734808493057     
          19          21  0.725702269279360     
          21          22   1.09743004387100     
          22          23  0.941415401803046     
          23          24  0.996467491896996     
          24          25  0.982610664905794     
          24          26  0.983518707835562     
          24          27  0.983116926758123     
          23          28  0.990256919254395     
          28          29  0.983986988405325     
          28          30  0.983980120892203     
          28          31  0.984930224164918     
          23          32  0.940888914268476     
          21          33   1.10948185798812     
          32          33  0.938184496563161     
          32          34  0.991026203738811     
          34          35  0.981287906482184     
          34          36  0.983524178343538     
          34          37  0.981970758367497     
          32          38  0.997084462169122     
          38          39  0.983094782895707     
          38          40  0.982736650592396     
          38          41  0.983649303462294     
          19          42  0.860870700670533     
          42          43   1.11755888911762     
          43          44  0.936216410845163     
          44          45  0.996634239758098     
          45          46  0.981637102759867     
          45          47  0.981556074385177     
          45          48  0.983026884534213     
          44          49  0.990971952956407     
          49          50  0.983383392459134     
          49          51  0.982588254310319     
          49          52  0.980106627987979     
          44          53  0.938737629714779     
          42          54   1.10766770286012     
          53          54  0.934043018099173     
          53          55  0.996119505477369     
          55          56  0.982507773462540     
          55          57  0.982773696501214     
          55          58  0.983116235371966     
          53          59  0.991752381093191     
          59          60  0.980179726371856     
          59          61  0.982984930895867     
          59          62  0.983020947318368     
          19          63  0.863769555051278     
          63          64   1.10822131931322     
          64          65  0.937149141557648     
          65          66  0.991312671915850     
          66          67  0.978272031469817     
          66          68  0.982078316498365     
          66          69  0.982729824148359     
          65          70  0.996413659966647     
          70          71  0.981828465724441     
          70          72  0.983309950009253     
          70          73  0.982241519468477     
          65          74  0.937551132405022     
          63          75   1.12079266190709     
          74          75  0.934922340486669     
          74          76  0.995795538355611     
          76          77  0.982727208815367     
          76          78  0.982048490738227     
          76          79  0.981726244522247     
          74          80  0.991520487224665     
          80          81  0.983932201903819     
          80          82  0.983098679631371     
          80          83  0.983095185966507     
           4          84  0.968643113660058     
          14          85  0.968895952727396     
          19          86  0.569519922618915     
          20          86  0.327592890398287     
          86          87   1.65812571689176     
          86          88   1.14862710942119     
          87          89   1.07962981211275     
          87          90  0.966429969599725     
          88          91   1.33525143317599     
          88          92   1.29173321251771     
          89          92   1.09650510201817     
          91          93   1.48943961149051     
          91          94  0.955640267162296     
          91          95  0.109678840851677     
          92          95   1.37926939203661     
          93          96   1.38465898560074     
          95          96   1.47178640084461     
          93          97  0.970275734087390     
          95          98  0.968466664251266     
          96          99  0.970083401817898     
