   -0.13620488
    0.08208484
   -0.04056719
   -0.02404741
   -0.04522158
    0.04183779
    0.06832558
    0.05177370
    0.04577190
    0.08020178
   -0.11902245
    0.05079740
   -0.04517682
   -0.02239346
   -0.04533034
    0.04827405
    0.04313924
    0.05610157
   -0.14794826
    0.08050876
    0.40540984
   -0.40781169
    0.13061778
   -0.11915759
    0.04768984
    0.04707431
    0.05051479
   -0.11460475
    0.04698331
    0.04363694
    0.04093888
    0.13130396
   -0.40377851
   -0.11724397
    0.03927104
    0.04905798
    0.05263535
   -0.11928986
    0.04459158
    0.05643104
    0.04711248
    0.40983531
   -0.36551428
    0.12683413
   -0.12814822
    0.05539048
    0.06119479
    0.05065692
   -0.12341357
    0.05103865
    0.05685078
    0.04482257
    0.12907710
   -0.39952531
   -0.11949060
    0.04442562
    0.05359621
    0.05099968
   -0.12281300
    0.04377946
    0.05385207
    0.04713279
    0.39405850
   -0.36706583
    0.12546160
   -0.12373390
    0.04819963
    0.05400203
    0.05008994
   -0.13058557
    0.06127690
    0.04992301
    0.05610041
    0.12597663
   -0.38229527
   -0.12445613
    0.04951055
    0.05543933
    0.05197692
   -0.12593037
    0.04453491
    0.05133201
    0.05357642
    0.04939999
    0.04905067
   -0.02404331
   -0.01456240
   -0.04846150
   -0.00820045
    0.04935587
   -0.03720234
    0.06499657
    0.04935100
   -0.04053315
   -0.08588969
   -0.05783504
    0.04057756
   -0.05228429
   -0.04203744
    0.05664920
    0.40603478
    0.05393972
   -0.04021619
    0.05321439
    0.03575397
   -0.49384679
   -0.29773516
    0.04327085
    0.12372724
   -0.12513608
   -0.12945939
    0.04498481
    0.05951682
    0.05122532
    0.06348009
    0.06469347
    0.06638769
    0.05957294
