           1           2   1.30820995689127     
           2           3   1.36100877869691     
           3           4   1.47238941867901     
           4           5   1.38757887242487     
           1           6   1.38134878235452     
           3           6  0.105144731563356     
           5           6   1.45955089769032     
           6           7  0.953430086963544     
           5           8  0.968902775952868     
           3           9  0.964145113141075     
           2          10   1.07842933333817     
          10          11   1.32030241187839     
          11          12   1.39261368299450     
          12          13   1.45447225023429     
          13          14   1.38721098203379     
          10          15   1.35089073246515     
          12          15  0.106307262233931     
          14          15   1.48014310881753     
          15          16  0.964023912661619     
          13          17  0.969838824669514     
          12          18  0.955509270794877     
           1          19  0.415592410739503     
          11          19  0.432929854713079     
          19          20  0.520765914869916     
          19          21  0.690721470194002     
          21          22   1.09493384533896     
          22          23  0.940165700836090     
          23          24  0.996423886150670     
          24          25  0.982939363098786     
          24          26  0.983660444767812     
          24          27  0.983209463146034     
          23          28  0.990525919066542     
          28          29  0.983680283418035     
          28          30  0.983662191181815     
          28          31  0.982442718669648     
          23          32  0.940462002100292     
          21          33   1.10896534678788     
          32          33  0.940649101841005     
          32          34  0.990386517090180     
          34          35  0.984616016064550     
          34          36  0.983664918002535     
          34          37  0.981843375905081     
          32          38  0.996779817508622     
          38          39  0.980788842025394     
          38          40  0.982527833870611     
          38          41  0.983391330060991     
          19          42  0.802648047897582     
          21          42  0.144764952496437     
          42          43   1.14131748495522     
          43          44  0.936010224898571     
          44          45  0.996053976882862     
          45          46  0.981730297279040     
          45          47  0.981627890856560     
          45          48  0.983217029693768     
          44          49  0.990958701597421     
          49          50  0.983009108859642     
          49          51  0.981192974878929     
          49          52  0.981284914683840     
          44          53  0.937220819744077     
          42          54   1.08882025012490     
          53          54  0.936506485551696     
          53          55  0.996753470530587     
          55          56  0.980714222343794     
          55          57  0.982699321368570     
          55          58  0.982818078761037     
          53          59  0.991452486064505     
          59          60  0.979827216999845     
          59          61  0.982675714479810     
          59          62  0.983066058369788     
          19          63  0.878381372445512     
          63          64   1.12882867527380     
          64          65  0.939338833411903     
          65          66  0.990744367404979     
          66          67  0.982644452575255     
          66          68  0.982135368132799     
          66          69  0.983582044307001     
          65          70  0.996575827164575     
          70          71  0.981986705198818     
          70          72  0.983420044111088     
          70          73  0.982121662090189     
          65          74  0.938368442246601     
          63          75   1.09964151077729     
          74          75  0.938116367751485     
          74          76  0.996357644929547     
          76          77  0.983272017258541     
          76          78  0.982687520613717     
          76          79  0.981466454380308     
          74          80  0.990858867484463     
          80          81  0.984207544266882     
          80          82  0.982803452693856     
          80          83  0.983145631071008     
           4          84  0.968970716220652     
          14          85  0.968923470624612     
          19          86  0.613226854069314     
          20          86  0.347839967398866     
          86          87   1.33181918277233     
          86          88   1.38350411595909     
          87          89   1.11867652424120     
          87          90   1.27643656754462     
          88          91   1.43630873095932     
          88          92  0.956656482924358     
          89          93   1.28485533908935     
          89          94   1.37440703146627     
          90          95   1.04596675054097     
          93          95   1.05836218737532     
          90          96   1.40235926473773     
          91          96   1.41529891945474     
          91          97  0.968125706648845     
          93          98   1.39447845778501     
          94          98  0.103816925124791     
          94          99   1.45506976300692     
          94         100  0.952457740725667     
          95         101   1.13737966603399     
          96         102  0.962664530634955     
          98         103   1.43928294435041     
          99         103   1.41954803100496     
          98         104  0.962552363232181     
          99         105  0.970634392091271     
          95         106  0.116782017167129     
         101         106   1.61228927453856     
         101         107   1.10393030663113     
         106         107  0.141482092781545     
         103         108  0.970546099642983     
         107         109  0.903232015370677     
         109         110   1.00402633420914     
         109         111   1.00722123678535     
         109         112  0.962177702142232     
         110         113  0.984471961739616     
         110         114  0.984761848868334     
         110         115  0.981728271096154     
         111         116  0.983458141517323     
         111         117  0.981433634171914     
         111         118  0.984209935384257     
