   -0.11995893
    0.07540713
   -0.04325837
   -0.02292814
   -0.04377313
    0.04908885
    0.05044095
    0.05473365
    0.04661023
    0.07107356
   -0.12089137
    0.04171759
   -0.04534469
   -0.02557993
   -0.04559570
    0.04544505
    0.05185291
    0.07789980
   -0.16388340
    0.09067091
    0.40427712
   -0.40926248
    0.13032098
   -0.12080793
    0.05287089
    0.04436300
    0.05123920
   -0.10849732
    0.04724432
    0.04174017
    0.02685340
    0.13148131
   -0.40852649
   -0.11934906
    0.04938648
    0.04552941
    0.04858403
   -0.11929570
    0.04635966
    0.05256976
    0.04507779
    0.40407068
   -0.38288111
    0.12911633
   -0.12596245
    0.06274320
    0.05259985
    0.04856813
   -0.11938298
    0.04855580
    0.04589542
    0.04989025
    0.12695348
   -0.38534411
   -0.12353033
    0.05111188
    0.05440892
    0.04801907
   -0.12223684
    0.04428615
    0.05100153
    0.05076219
    0.40384978
   -0.38475678
    0.12619944
   -0.12857805
    0.05715248
    0.05783797
    0.04853517
   -0.12782270
    0.06026442
    0.04991824
    0.05116487
    0.12722535
   -0.38342853
   -0.12309400
    0.05032590
    0.05214343
    0.05484909
   -0.12104414
    0.03914251
    0.04944776
    0.05391956
    0.05223622
    0.04926896
   -0.04612840
   -0.07667320
    0.00340221
    0.03250399
    0.01667945
    0.10975874
   -0.00998132
   -0.12260038
   -0.31104733
   -0.06335345
    0.05708365
    0.05935969
    0.05991873
    0.06953365
    0.07071913
    0.07153729
