           1           2   1.30571870448061     
           2           3   1.34694444652848     
           3           4   1.48528287092013     
           4           5   1.37877918851647     
           1           6   1.38570205651252     
           3           6  0.105925941128956     
           5           6   1.46283267942028     
           6           7  0.957085517082368     
           5           8  0.968593056654053     
           3           9  0.961738179430633     
           2          10   1.09538347232079     
          10          11   1.29870930900295     
          11          12   1.38050530854273     
          12          13   1.46130289674587     
          13          14   1.38063148019772     
          10          15   1.35101975797460     
          12          15  0.105102087659152     
          14          15   1.48068810549144     
          15          16  0.961712711736270     
          13          17  0.968852748418897     
          12          18  0.946840851100959     
           1          19  0.456591603058022     
          11          19  0.453133750629278     
          19          20  0.549319638018194     
          19          21  0.720397489707923     
          21          22   1.09272188430657     
          22          23  0.942573949248492     
          23          24  0.996552065512104     
          24          25  0.982775449876009     
          24          26  0.983650126616004     
          24          27  0.983221949461178     
          23          28  0.989899489813298     
          28          29  0.984145550073879     
          28          30  0.984079728089566     
          28          31  0.985130159264795     
          23          32  0.941375280009761     
          21          33   1.10548473029674     
          32          33  0.939394622026736     
          32          34  0.990879175207721     
          34          35  0.982275897897587     
          34          36  0.983670114471281     
          34          37  0.982007108479339     
          32          38  0.996889140983258     
          38          39  0.983195195177416     
          38          40  0.982824475147819     
          38          41  0.983784996576252     
          19          42  0.855349925714261     
          42          43   1.12896744751292     
          43          44  0.935315948445142     
          44          45  0.995684361689749     
          45          46  0.978397002596831     
          45          47  0.981888011276167     
          45          48  0.982945028953516     
          44          49  0.991075879520842     
          49          50  0.983363167159108     
          49          51  0.983021726183189     
          49          52  0.980171604896276     
          44          53  0.937515873272322     
          42          54   1.10018421685822     
          53          54  0.935727494923376     
          53          55  0.995169501701021     
          55          56  0.982711795253067     
          55          57  0.982799285062321     
          55          58  0.983212665231144     
          53          59  0.992109987059536     
          59          60  0.980086442999592     
          59          61  0.982941427276685     
          59          62  0.983148126181738     
          19          63  0.858329207046647     
          63          64   1.10865736614229     
          64          65  0.936188529529246     
          65          66  0.991580312000282     
          66          67  0.977892240739193     
          66          68  0.980926919446815     
          66          69  0.983331491258798     
          65          70  0.996357365456660     
          70          71  0.982195736675127     
          70          72  0.983541980136557     
          70          73  0.982518125464450     
          65          74  0.938283066989894     
          63          75   1.11707530401968     
          74          75  0.935747402098728     
          74          76  0.996065074670815     
          76          77  0.983118748742320     
          76          78  0.982681090119619     
          76          79  0.981991351615866     
          74          80  0.991073550777137     
          80          81  0.984156434253643     
          80          82  0.983357643949444     
          80          83  0.983431704716243     
           4          84  0.968873111293621     
          14          85  0.969033721167899     
          19          86  0.605253903582503     
          20          86  0.339535106588289     
          86          87   1.33301593161464     
          86          88   1.35582261117092     
          87          89   1.45762251392571     
          87          90  0.969300442226327     
          88          91   1.15960986637720     
          88          92   1.13158322228462     
          89          92   1.24383818327282     
          89          93   1.03135497958064     
          91          94   2.70726266136782     
          92          95   1.00366739427050     
          93          96  0.983311403797548     
          93          97  0.967952158882924     
          93          98  0.968107462492994     
          95          99  0.977828214651706     
          95         100  0.970637581441127     
          95         101  0.971405299893727     
