   -0.10576440
    0.08085524
   -0.04133751
   -0.02051274
   -0.04163096
    0.04765082
    0.05753908
    0.06145995
    0.05285286
    0.07902984
   -0.11212292
    0.04130253
   -0.04228027
   -0.02130495
   -0.04317454
    0.05204302
    0.05448000
    0.07807715
   -0.15429046
    0.10090028
    0.40176664
   -0.40034174
    0.12874111
   -0.12374377
    0.05549413
    0.04639663
    0.05305344
   -0.11266207
    0.04935937
    0.04422262
    0.02973471
    0.12949602
   -0.39676757
   -0.12399164
    0.05397384
    0.04777461
    0.05104960
   -0.12184892
    0.04826812
    0.05442981
    0.04672343
    0.39691315
   -0.37971339
    0.12774211
   -0.12759102
    0.05521563
    0.05812857
    0.05099734
   -0.12398423
    0.05036464
    0.04808845
    0.05469041
    0.12716319
   -0.38276429
   -0.12573970
    0.05660766
    0.05458367
    0.04979802
   -0.12417807
    0.04182191
    0.05516788
    0.04945638
    0.39899883
   -0.37891778
    0.12446795
   -0.13236566
    0.06069182
    0.05375580
    0.05167762
   -0.12995875
    0.06015907
    0.05180523
    0.05245551
    0.12616203
   -0.37253871
   -0.12617070
    0.05203941
    0.05586933
    0.05619106
   -0.12399248
    0.04134864
    0.05203656
    0.05569668
    0.05830729
    0.05428487
    0.04778575
   -0.23246977
   -0.04624091
    0.16121418
   -0.03044038
    0.07286168
    0.06365574
   -0.17675608
    0.08077839
   -0.18006094
