           1           2   1.32310144967925     
           2           3   1.35458625109125     
           3           4   1.47736613450164     
           4           5   1.39161871327688     
           1           6   1.39241099699763     
           3           6  0.106154783018050     
           5           6   1.45463101869897     
           6           7  0.955600227865785     
           5           8  0.967734260462015     
           3           9  0.961026556078772     
           2          10   1.08111380314226     
          10          11   1.31870398738907     
          11          12   1.39730818049799     
          12          13   1.44802510377744     
          13          14   1.39721232018584     
          10          15   1.35892400364735     
          12          15  0.105558257283917     
          14          15   1.47249360357174     
          15          16  0.961016243637741     
          13          17  0.968562137615347     
          12          18  0.946105618795995     
           1          19  0.444085867141172     
          11          19  0.421734722043445     
          19          20  0.522238353764821     
          19          21  0.750995866416500     
          21          22   1.10076921164401     
          22          23  0.940482680031286     
          23          24  0.996642020169382     
          24          25  0.982422510650214     
          24          26  0.983412498015097     
          24          27  0.982993443252369     
          23          28  0.990441327004219     
          28          29  0.983791123647180     
          28          30  0.983880231297842     
          28          31  0.985383256835974     
          23          32  0.940889924160682     
          21          33   1.11772500292428     
          32          33  0.937122257404180     
          32          34  0.990932671179628     
          34          35  0.981005738623777     
          34          36  0.983438382509584     
          34          37  0.982012132827427     
          32          38  0.997160325853893     
          38          39  0.983002548483063     
          38          40  0.982613028277284     
          38          41  0.983539026854136     
          19          42  0.852801780291113     
          42          43   1.12291171557190     
          43          44  0.933968205442884     
          44          45  0.997097498454061     
          45          46  0.982161510487084     
          45          47  0.981502901448788     
          45          48  0.982899074931723     
          44          49  0.991101613350325     
          49          50  0.983209441930442     
          49          51  0.982272787391284     
          49          52  0.979541316074739     
          44          53  0.939542516942617     
          42          54   1.10987865475094     
          53          54  0.932546491751156     
          53          55  0.996603342815713     
          55          56  0.982125865401692     
          55          57  0.982716111861039     
          55          58  0.982939383813604     
          53          59  0.991565222131898     
          59          60  0.982772150084285     
          59          61  0.982810122315581     
          59          62  0.983141241148473     
          19          63  0.859201526205914     
          63          64   1.11022461897950     
          64          65  0.936542290453098     
          65          66  0.991335335878420     
          66          67  0.978310146674154     
          66          68  0.982550370950586     
          66          69  0.982831921030229     
          65          70  0.996500825665788     
          70          71  0.981963571184909     
          70          72  0.983261251086482     
          70          73  0.982148484721287     
          65          74  0.937752957407649     
          63          75   1.13033043025130     
          74          75  0.933779444821654     
          74          76  0.996057199946186     
          76          77  0.982684280248452     
          76          78  0.981954563423592     
          76          79  0.981452648966151     
          74          80  0.991605309239160     
          80          81  0.983677327264229     
          80          82  0.982875173754942     
          80          83  0.983064520343282     
           4          84  0.968144365573512     
          14          85  0.968401362121765     
          19          86  0.592066798773295     
          20          86  0.348910783624554     
          86          87   1.35935975937125     
          86          88   1.33140050148962     
          87          89   1.42221681519342     
          88          90   1.48008210095750     
          88          91  0.959374869932591     
          89          92   1.36348888187643     
          90          92   1.36215657762083     
          89          93  0.954084062791472     
          90          94  0.960640503129649     
          92          95  0.964692050203947     
