   -0.12246673
    0.07601244
   -0.04375376
   -0.02314314
   -0.04479728
    0.04814465
    0.05100296
    0.05341507
    0.04447170
    0.07210773
   -0.12687961
    0.04170870
   -0.04568813
   -0.02547847
   -0.04550555
    0.04289748
    0.04908347
    0.07551934
   -0.15639587
    0.08531684
    0.40190876
   -0.41026095
    0.13040932
   -0.12076388
    0.05302884
    0.04402489
    0.05024310
   -0.10824245
    0.04648590
    0.04061901
    0.02768935
    0.13098052
   -0.40494843
   -0.11958349
    0.04950029
    0.04523932
    0.04909166
   -0.11932803
    0.04670325
    0.05261423
    0.04438660
    0.40269703
   -0.38415819
    0.12858066
   -0.12571148
    0.05523084
    0.05545250
    0.04890846
   -0.12108506
    0.04769904
    0.04442817
    0.05240652
    0.12757084
   -0.38291533
   -0.12386538
    0.05301543
    0.05400066
    0.04759386
   -0.12382991
    0.04543629
    0.05183435
    0.05074648
    0.40121206
   -0.37753892
    0.12507168
   -0.13012355
    0.05903270
    0.05401319
    0.04900579
   -0.12894220
    0.06054259
    0.04988333
    0.05159625
    0.12694419
   -0.38236955
   -0.12352548
    0.05010222
    0.05259865
    0.05428406
   -0.12190836
    0.03995708
    0.04945570
    0.05382911
    0.05020562
    0.04681397
   -0.01784402
   -0.03851085
   -0.04042574
    0.00585564
    0.02178220
   -0.03586303
    0.03902863
   -0.05648112
   -0.04989843
    0.03143539
   -0.06931713
    0.04443804
    0.03181827
    0.03268107
    0.09895493
    0.04448712
    0.06208093
   -0.25179392
   -0.05079723
    0.05427759
   -0.01751766
    0.03887140
   -0.04867444
    0.03941328
    0.04114470
    0.04130883
