           1           2   1.30719633396394     
           2           3   1.34557134057726     
           3           4   1.48642491382817     
           4           5   1.37805448217144     
           1           6   1.38745504077486     
           3           6  0.106038197748598     
           5           6   1.46258863758860     
           6           7  0.957047978724831     
           5           8  0.968757391858492     
           3           9  0.961910860739929     
           2          10   1.09544906764117     
          10          11   1.29953053142635     
          11          12   1.38401192943008     
          12          13   1.46020287950929     
          13          14   1.38083839757957     
          10          15   1.35086034840219     
          12          15  0.105156784614948     
          14          15   1.48079493396070     
          15          16  0.961886545092727     
          13          17  0.969176878930747     
          12          18  0.948103416446141     
           1          19  0.445810493706222     
          11          19  0.435299359838296     
          19          20  0.527453151738848     
          19          21  0.718205522651455     
          21          22   1.08823082065026     
          22          23  0.943629221114917     
          23          24  0.996412242209884     
          24          25  0.982807916411073     
          24          26  0.983700109853018     
          24          27  0.983355782949031     
          23          28  0.989830581076120     
          28          29  0.984168224143019     
          28          30  0.984050317349571     
          28          31  0.985205016139050     
          23          32  0.941200054547966     
          21          33   1.10819758261008     
          32          33  0.940206289874144     
          32          34  0.990663936732660     
          34          35  0.982247945563319     
          34          36  0.983805227762279     
          34          37  0.982404875921191     
          32          38  0.996762642649957     
          38          39  0.983155357410240     
          38          40  0.982809798261285     
          38          41  0.983833500303937     
          19          42  0.859960202361074     
          42          43   1.11369541004131     
          43          44  0.937073363146482     
          44          45  0.996586767639220     
          45          46  0.982221662408953     
          45          47  0.981783331923755     
          45          48  0.983211165472911     
          44          49  0.990801597075197     
          49          50  0.983524302064164     
          49          51  0.982830375044397     
          49          52  0.979486024293055     
          44          53  0.938898534263055     
          42          54   1.10660623413042     
          53          54  0.935724032544292     
          53          55  0.996177212857783     
          55          56  0.982564044486986     
          55          57  0.982823586501543     
          55          58  0.983293537091384     
          53          59  0.991360973930014     
          59          60  0.982052402573078     
          59          61  0.983160707957538     
          59          62  0.983003442143779     
          19          63  0.873228148435461     
          63          64   1.11146580327663     
          64          65  0.939181536125161     
          65          66  0.991139184833152     
          66          67  0.978331101765796     
          66          68  0.982541463533784     
          66          69  0.983156270083679     
          65          70  0.996243389253557     
          70          71  0.981968824735775     
          70          72  0.983523631227232     
          70          73  0.982308528315859     
          65          74  0.937394824064858     
          63          75   1.11461416285060     
          74          75  0.936983883715978     
          74          76  0.995794083851627     
          76          77  0.983007862620051     
          76          78  0.982378057455416     
          76          79  0.981864664570731     
          74          80  0.991204842184207     
          80          81  0.983884562953340     
          80          82  0.983261614062066     
          80          83  0.983336598763822     
           4          84  0.969070736203500     
          14          85  0.969256879312311     
          19          86  0.588392707863265     
          20          86  0.351420097979383     
          86          87   1.39539879688923     
          86          88   1.37882808532264     
          87          89   1.40625147134899     
          88          89  0.104766489613401     
          87          90  0.961568755124597     
          87          91  0.103083997518030     
          88          91   1.44487797539043     
          88          92  0.960807851333392     
          89          93   1.00796900644552     
          89          94   1.40930892619947     
          91          94   1.43156897287517     
          91          95  0.969016503053547     
          93          96  0.965306848586275     
          93          97  0.973244859571411     
          93          98  0.974842022169641     
          94          99  0.968749910840409     
          96         100   1.01195399926836     
          96         101  0.970947026672492     
          96         102  0.971647495506142     
         100         103   1.40933511678629     
         100         104   1.38694644120050     
         103         105   1.43773620999110     
         104         105  0.115087104928889     
         104         106   1.45727285104455     
         104         107  0.968704704142861     
         100         108  0.110616584404213     
         105         108   1.43093292556701     
         106         108   1.43062566729135     
         105         109  0.963433299921089     
         106         110  0.969487262970461     
         108         111  0.970081636391181     
