   -0.12071173
    0.07735746
   -0.04216978
   -0.02192363
   -0.04301990
    0.04754036
    0.05496857
    0.05703067
    0.04672937
    0.07350160
   -0.12621011
    0.04162229
   -0.04459225
   -0.02372368
   -0.04544908
    0.04690059
    0.05099202
    0.07638225
   -0.15442926
    0.09930314
    0.40091007
   -0.40730386
    0.12976854
   -0.12220228
    0.05456832
    0.04533270
    0.05096387
   -0.10984755
    0.04779976
    0.04145749
    0.02828616
    0.13019260
   -0.40023825
   -0.12158765
    0.05081961
    0.04661380
    0.05061329
   -0.12064239
    0.04741307
    0.05370241
    0.04537762
    0.40100544
   -0.38049991
    0.12796163
   -0.12698246
    0.05563216
    0.05680619
    0.04990015
   -0.12299082
    0.04899919
    0.04671284
    0.05401540
    0.12712180
   -0.38164264
   -0.12480159
    0.05487128
    0.05394636
    0.04869540
   -0.12469978
    0.04506322
    0.05336672
    0.04916064
    0.39786363
   -0.37681289
    0.12429253
   -0.13211128
    0.06057102
    0.05414210
    0.05037567
   -0.12972767
    0.06039074
    0.05084594
    0.05191023
    0.12611927
   -0.37615255
   -0.12507795
    0.05100754
    0.05417768
    0.05541007
   -0.12364462
    0.04139017
    0.05080051
    0.05478897
    0.05342321
    0.05020048
   -0.03220945
   -0.05765616
   -0.04770902
    0.11210075
    0.04515453
   -0.06331825
    0.06022631
    0.11038286
   -0.31761799
    0.05985937
   -0.31327768
    0.22026539
    0.04817318
    0.04770591
