           1           2   1.31332475388371     
           2           3   1.35085104827657     
           3           4   1.48103708641811     
           4           5   1.38468597282695     
           1           6   1.38869211793677     
           3           6  0.105783349497678     
           5           6   1.45883304767275     
           6           7  0.956779460527342     
           5           8  0.968324652585387     
           3           9  0.961862002937381     
           2          10   1.08832574693374     
          10          11   1.30816385358012     
          11          12   1.39082517734811     
          12          13   1.45447786673492     
          13          14   1.38814827104069     
          10          15   1.35487786678743     
          12          15  0.105293204768092     
          14          15   1.47692174161809     
          15          16  0.961743500941818     
          13          17  0.968969324415666     
          12          18  0.947830991128552     
           1          19  0.436424541184107     
          11          19  0.424396562757069     
          19          20  0.526949014663594     
          19          21  0.741927989354285     
          21          22   1.09063824682373     
          22          23  0.942581897331618     
          23          24  0.996594306449309     
          24          25  0.982601858611727     
          24          26  0.983610875223041     
          24          27  0.983256938809952     
          23          28  0.989897381575813     
          28          29  0.984030863755458     
          28          30  0.984062986075877     
          28          31  0.985402594495084     
          23          32  0.941245589877359     
          21          33   1.11261764447340     
          32          33  0.939256047021208     
          32          34  0.990686576470702     
          34          35  0.982127289996105     
          34          36  0.983716940711597     
          34          37  0.982271532043837     
          32          38  0.996874319973263     
          38          39  0.983162035177749     
          38          40  0.982711893862724     
          38          41  0.983717334622999     
          19          42  0.860308067746501     
          42          43   1.11985099667124     
          43          44  0.935354749263809     
          44          45  0.996867148635433     
          45          46  0.982178429531654     
          45          47  0.981657525967820     
          45          48  0.983031108975235     
          44          49  0.990969800094997     
          49          50  0.983342844341045     
          49          51  0.982320448718874     
          49          52  0.979468200147926     
          44          53  0.939111709924232     
          42          54   1.10931020979891     
          53          54  0.934410888077797     
          53          55  0.996360038543706     
          55          56  0.982388941971919     
          55          57  0.982814551270138     
          55          58  0.983113131564096     
          53          59  0.991457137270216     
          59          60  0.982136300808065     
          59          61  0.982959600798760     
          59          62  0.983136627652798     
          19          63  0.869699192482501     
          63          64   1.11135269202432     
          64          65  0.938411494765667     
          65          66  0.991211221372229     
          66          67  0.978117564862554     
          66          68  0.982514252376475     
          66          69  0.983018295760495     
          65          70  0.996233763537478     
          70          71  0.981959129046164     
          70          72  0.983418684493222     
          70          73  0.982248000942427     
          65          74  0.937085664640509     
          63          75   1.12251640481750     
          74          75  0.935967499492631     
          74          76  0.995657118700991     
          76          77  0.982929358627668     
          76          78  0.982269145591477     
          76          79  0.981353052084290     
          74          80  0.991465810357603     
          80          81  0.983876590675131     
          80          82  0.983059417370237     
          80          83  0.983194325509861     
           4          84  0.968732237272855     
          14          85  0.968904613258624     
          19          86  0.574418205396717     
          20          86  0.356077227371324     
          86          87   1.35553853226518     
          86          88   1.40220995423213     
          87          89   1.41621323936024     
          87          90  0.961983280698509     
          88          91   1.41202931199749     
          88          92  0.959795385036849     
          89          93   1.30806764879907     
          91          93   1.40672812525363     
          89          94   1.00003486299936     
          91          95  0.965488419342524     
          93          96   1.00038033436662     
          94          97  0.977957152458940     
          96          97  0.979955355588174     
          97          98  0.961574349198920     
          97          99  0.961325251205293     
