           1           2   1.46883207485281     
           2           3   1.39800908712460     
           3           4   1.43837686856751     
           4           5   1.38647945873970     
           5           6   1.10730089845782     
           6           7   1.05739902412041     
           7           8   1.63620486609258     
           7           9   1.17216736194244     
           8           9  0.162744751835316     
           9          10  0.868670854675551     
          10          11  0.996212665572956     
          10          12  0.996228063375447     
          10          13  0.996272929421042     
           6          14   1.11786307079845     
          14          15   1.67826859100542     
           1          16   1.36519857777922     
           5          16   1.23723511042038     
          15          16   1.18275133904507     
           1          17  0.966816772598870     
           2          18  0.968927861701027     
           3          19  0.963483266976839     
          11          20  0.984325237643036     
          11          21  0.981411397150648     
          11          22  0.981092930357367     
          12          23  0.982760945421325     
          12          24  0.981440342505769     
          12          25  0.982805102026468     
          13          26  0.981285904905450     
          13          27  0.984332608495430     
          13          28  0.981085465100499     
          14          29  0.964375666873093     
          15          30  0.968760445724576     
