   -0.10376070
    0.08166660
   -0.04256910
   -0.02338499
   -0.04401210
    0.04630923
    0.05412029
    0.05580860
    0.04701566
    0.07831968
   -0.11187114
    0.03905550
   -0.04654251
   -0.02673707
   -0.04599741
    0.04688956
    0.04855703
    0.07523480
   -0.15403747
    0.11437246
    0.40553709
   -0.40482887
    0.12942663
   -0.12228479
    0.05409926
    0.04518547
    0.05255959
   -0.11038094
    0.04816980
    0.04305667
    0.02724702
    0.13060499
   -0.40310640
   -0.12230611
    0.05286412
    0.04625399
    0.05011619
   -0.12033205
    0.04628850
    0.05331099
    0.04590627
    0.40460598
   -0.37567307
    0.12830666
   -0.12523025
    0.05427515
    0.05502587
    0.04884215
   -0.12264853
    0.04741076
    0.04815421
    0.05294464
    0.12775983
   -0.38616989
   -0.12394829
    0.05331648
    0.05212101
    0.04802323
   -0.12120979
    0.04375486
    0.05094392
    0.04791090
    0.40265941
   -0.37516126
    0.12476869
   -0.12993750
    0.06046578
    0.05076976
    0.05095180
   -0.12916942
    0.05987170
    0.05068414
    0.05181828
    0.12656185
   -0.37657121
   -0.12464454
    0.05026206
    0.05349270
    0.05644348
   -0.12239098
    0.04107918
    0.04873104
    0.05443846
    0.05323526
    0.04916143
   -0.06785039
    0.05592892
    0.12623126
    0.09411492
   -0.31545860
   -0.27745881
   -0.07861820
   -0.07345177
   -0.26384217
    0.22255333
    0.02945495
    0.05289815
    0.04989592
   -0.13823994
    0.07608431
    0.05047664
    0.04212141
    0.07510438
    0.08200190
    0.08619352
