           1           2   1.31422043439479     
           2           3   1.35009432024776     
           3           4   1.48224380486356     
           4           5   1.38370095749475     
           1           6   1.38888824838656     
           3           6  0.106280773174505     
           5           6   1.45942413247218     
           6           7  0.956609811300578     
           5           8  0.968456372344982     
           3           9  0.961604851170614     
           2          10   1.08911891981500     
          10          11   1.30393905860181     
          11          12   1.38894089363110     
          12          13   1.45421346161300     
          13          14   1.38802865747226     
          10          15   1.35643430883939     
          12          15  0.104684785096606     
          14          15   1.47486179796038     
          15          16  0.961487715967976     
          13          17  0.969201707592362     
          12          18  0.946584176519254     
           1          19  0.457508875815810     
          11          19  0.440037390468837     
          19          20  0.536337362580867     
          19          21  0.739889599414454     
          21          22   1.09526181645821     
          22          23  0.942076266750789     
          23          24  0.996370468835031     
          24          25  0.982648675198650     
          24          26  0.983592702506510     
          24          27  0.983071607146929     
          23          28  0.990025479278172     
          28          29  0.984064822707476     
          28          30  0.983953652024508     
          28          31  0.984953457127849     
          23          32  0.940906175102491     
          21          33   1.10889330694759     
          32          33  0.938569486227316     
          32          34  0.990802764918706     
          34          35  0.981161446849323     
          34          36  0.983504775971099     
          34          37  0.981634756286649     
          32          38  0.996976229027711     
          38          39  0.983141700675605     
          38          40  0.982760086316013     
          38          41  0.983754735019247     
          19          42  0.851227579267825     
          42          43   1.12574256329268     
          43          44  0.939277454233858     
          44          45  0.995846290301409     
          45          46  0.981701654901074     
          45          47  0.982100575043094     
          45          48  0.983382263518649     
          44          49  0.990305762759404     
          49          50  0.983628707807781     
          49          51  0.982332482784751     
          49          52  0.979061357773938     
          44          53  0.937870746351851     
          42          54   1.09900962776254     
          53          54  0.936668976836741     
          53          55  0.995651816893358     
          55          56  0.982500350607877     
          55          57  0.983025776507863     
          55          58  0.983345512768698     
          53          59  0.991309940522505     
          59          60  0.981070861624989     
          59          61  0.983292289470701     
          59          62  0.983386780792272     
          19          63  0.857852913691789     
          63          64   1.11259996646598     
          64          65  0.938913843622851     
          65          66  0.990786352465499     
          66          67  0.979132441363174     
          66          68  0.981163324479360     
          66          69  0.982898109043622     
          65          70  0.996301647832602     
          70          71  0.982078260113870     
          70          72  0.983556088811146     
          70          73  0.982366208006483     
          65          74  0.937510370043516     
          63          75   1.11705103316121     
          74          75  0.937460878732123     
          74          76  0.995485833828143     
          76          77  0.983083292336049     
          76          78  0.982192699592543     
          76          79  0.981574327990928     
          74          80  0.990814477782257     
          80          81  0.984156328567279     
          80          82  0.983167785366315     
          80          83  0.983385829928395     
           4          84  0.968743416477332     
          14          85  0.968988848517742     
          19          86  0.575830353404478     
          20          86  0.343213174788592     
          86          87   1.32529778524845     
          86          88   1.32666046168607     
          87          89   1.26308897946988     
          87          90   1.15579425596090     
          88          91   1.05187216263797     
          88          92   1.36177435547149     
          86          93  0.101633129558774     
          89          93   1.38149437589681     
          92          93   1.42929933065143     
          89          94   1.03936656036954     
          90          94  0.109251317495219     
          90          95   1.63657008062478     
          94          95   1.07875597460176     
          91          96  0.977120910398668     
          92          97  0.962647903426889     
          93          98  0.966889087780919     
          95          99   1.03113403674211     
          96         100  0.974430677873934     
          96         101  0.975692249352125     
          96         102  0.971852594529866     
          99         103  0.980358968317470     
          99         104  0.965402999405534     
          99         105  0.959042440712833     
