   -0.11008862
    0.07885071
   -0.04292782
   -0.02273286
   -0.04426114
    0.04742007
    0.05141903
    0.05549241
    0.04928061
    0.07627018
   -0.11668236
    0.04082937
   -0.04541841
   -0.02504806
   -0.04427595
    0.04695664
    0.04978957
    0.07331937
   -0.16214794
    0.08170241
    0.40282347
   -0.40626787
    0.12968981
   -0.12197524
    0.05362642
    0.04479886
    0.05199190
   -0.11004948
    0.04766976
    0.04240661
    0.02831879
    0.13048069
   -0.40333620
   -0.12106596
    0.05132025
    0.04598874
    0.04943683
   -0.12034033
    0.04737422
    0.05328641
    0.04541166
    0.39899648
   -0.38591585
    0.12863559
   -0.12538702
    0.05374447
    0.05587409
    0.04935596
   -0.12195284
    0.04840286
    0.04550751
    0.05346620
    0.12777254
   -0.38592776
   -0.12438921
    0.05462795
    0.05395779
    0.04820244
   -0.12210305
    0.04134940
    0.05270555
    0.04952379
    0.40205590
   -0.38150269
    0.12519674
   -0.12995126
    0.05875704
    0.05268013
    0.04999639
   -0.12857970
    0.05951799
    0.05052591
    0.05159692
    0.12692894
   -0.37895248
   -0.12430596
    0.05069606
    0.05429501
    0.05454174
   -0.12212786
    0.04028577
    0.05024445
    0.05437120
    0.05345386
    0.04964162
    0.06295567
   -0.23552580
   -0.04439040
    0.05029265
   -0.01841946
    0.04219799
   -0.05453264
    0.02765493
    0.03836020
    0.03625764
