           1           2   1.31224399949308     
           2           3   1.34726747229945     
           3           4   1.48490707544566     
           4           5   1.38076363050765     
           1           6   1.38693604108504     
           3           6  0.106498001602207     
           5           6   1.46184400720977     
           6           7  0.956554266334762     
           5           8  0.968485247090122     
           3           9  0.961919393083109     
           2          10   1.09074284219069     
          10          11   1.30507178186150     
          11          12   1.38651965513176     
          12          13   1.45790827709079     
          13          14   1.38462430537074     
          10          15   1.35299227554311     
          12          15  0.105603211773004     
          14          15   1.47871256281230     
          15          16  0.962019758550821     
          13          17  0.969097610704362     
          12          18  0.947679804358102     
           1          19  0.459314994290312     
          11          19  0.434532927972769     
          19          20  0.519686931709756     
          19          21  0.726619007558635     
          21          22   1.09358445149268     
          22          23  0.942187073829424     
          23          24  0.996516090005646     
          24          25  0.982679405479467     
          24          26  0.983675874475686     
          24          27  0.983166049182781     
          23          28  0.990019052235052     
          28          29  0.984040263762559     
          28          30  0.984004177933683     
          28          31  0.985199793896279     
          23          32  0.941272012471495     
          21          33   1.11001599950864     
          32          33  0.938621252852394     
          32          34  0.990806390919894     
          34          35  0.981519040180628     
          34          36  0.983754748583384     
          34          37  0.982360859080132     
          32          38  0.996978557135476     
          38          39  0.983120998826901     
          38          40  0.982802545774535     
          38          41  0.983711525963690     
          19          42  0.859550654194413     
          42          43   1.11179465433427     
          43          44  0.936915400584555     
          44          45  0.996654376979219     
          45          46  0.982424433261469     
          45          47  0.981843888157644     
          45          48  0.983197519576286     
          44          49  0.990753365782058     
          49          50  0.983482978720841     
          49          51  0.982548355082988     
          49          52  0.979484143488738     
          44          53  0.939308384480823     
          42          54   1.10371909568991     
          53          54  0.935313795520598     
          53          55  0.996218278582306     
          55          56  0.982422598766443     
          55          57  0.982843170499665     
          55          58  0.983236928591295     
          53          59  0.991243718491532     
          59          60  0.982819566817357     
          59          61  0.983146053198886     
          59          62  0.983218671882241     
          19          63  0.870484838283604     
          63          64   1.10628376253280     
          64          65  0.938561429967808     
          65          66  0.991093343177283     
          66          67  0.978642112426052     
          66          68  0.982712192467753     
          66          69  0.983103222223787     
          65          70  0.996294937141832     
          70          71  0.982093808079931     
          70          72  0.983473711296427     
          70          73  0.982309295133602     
          65          74  0.937593204023551     
          63          75   1.12178161544670     
          74          75  0.935905452533492     
          74          76  0.995810202168508     
          76          77  0.982939585124890     
          76          78  0.982206370352199     
          76          79  0.981625900335265     
          74          80  0.991328983254722     
          80          81  0.983895033602504     
          80          82  0.983109271330381     
          80          83  0.983260249278421     
           4          84  0.968690863955866     
          14          85  0.968926376600416     
          19          86  0.589336234628723     
          20          86  0.347314447392904     
          86          87   1.40719206814667     
          86          88   1.34150603331674     
          87          89   1.41181432950448     
          88          89  0.114343821478211     
          88          90   1.47413172144649     
          88          91  0.962759306725545     
          89          92   1.44266309084678     
          90          92   1.40501022256534     
          89          93  0.963026563609707     
          90          94  0.967840055043818     
          92          95  0.969693878252355     
