   -0.12149029
    0.07850501
   -0.04143711
   -0.02127506
   -0.04216522
    0.04900679
    0.05343847
    0.05760372
    0.04789858
    0.07467646
   -0.12522726
    0.04234382
   -0.04457668
   -0.02328766
   -0.04515860
    0.04858940
    0.05332993
    0.07499511
   -0.15446960
    0.08350843
    0.40169891
   -0.41012789
    0.13047742
   -0.12164095
    0.05391546
    0.04536814
    0.05071395
   -0.10899582
    0.04769824
    0.04105897
    0.02800066
    0.13073376
   -0.40189539
   -0.11961456
    0.04730652
    0.04721782
    0.05031129
   -0.11983356
    0.04740882
    0.05321544
    0.04540979
    0.40458775
   -0.38105676
    0.12837497
   -0.12711073
    0.05652122
    0.05701942
    0.05050199
   -0.12217619
    0.04952902
    0.04629987
    0.05291399
    0.12754145
   -0.38385571
   -0.12417281
    0.05357258
    0.05418989
    0.04920183
   -0.12487850
    0.04785421
    0.05372469
    0.04958544
    0.39879827
   -0.37784456
    0.12510381
   -0.13066968
    0.05938350
    0.05430858
    0.05021745
   -0.12907925
    0.06026035
    0.05100751
    0.05176995
    0.12623101
   -0.38048006
   -0.12433222
    0.05095641
    0.05317460
    0.05482034
   -0.12314356
    0.04024913
    0.05179517
    0.05453993
    0.05472196
    0.05259664
   -0.03662180
   -0.01582661
    0.05315391
   -0.05331337
    0.02737412
   -0.25081617
    0.04288978
    0.07932182
    0.03492055
   -0.02277507
   -0.00073253
    0.06530793
    0.07992780
   -0.03035168
   -0.02845239
   -0.07512488
    0.02286950
   -0.07422068
    0.03097936
    0.01271867
    0.01298360
