           1           2   1.31277599360605     
           2           3   1.35178705752291     
           3           4   1.47998021262027     
           4           5   1.38583373808457     
           1           6   1.38823404324600     
           3           6  0.105627623573003     
           5           6   1.45842857497490     
           6           7  0.956637642770133     
           5           8  0.968253949009326     
           3           9  0.962101212838876     
           2          10   1.08745015552345     
          10          11   1.30726822320496     
          11          12   1.38734164570356     
          12          13   1.45634202528297     
          13          14   1.38696946751095     
          10          15   1.35491676417174     
          12          15  0.105394868271403     
          14          15   1.47739225936296     
          15          16  0.961932298823018     
          13          17  0.968688748159601     
          12          18  0.947780233749325     
           1          19  0.437734073129485     
          11          19  0.437732261814539     
          19          20  0.536268817337792     
          19          21  0.728952048907560     
          21          22   1.08869701299746     
          22          23  0.942599620183464     
          23          24  0.996734722869883     
          24          25  0.982605253084749     
          24          26  0.983578024581813     
          24          27  0.983263893352317     
          23          28  0.989814597625706     
          28          29  0.983997890980060     
          28          30  0.984030839561431     
          28          31  0.985389742992656     
          23          32  0.941348347586273     
          21          33   1.11362188574110     
          32          33  0.939055497384502     
          32          34  0.990882661153468     
          34          35  0.983270311635537     
          34          36  0.983677022998264     
          34          37  0.982376625458375     
          32          38  0.996718494688879     
          38          39  0.983185973661761     
          38          40  0.982654005296152     
          38          41  0.983659047087542     
          19          42  0.850698711570611     
          42          43   1.12469549494108     
          43          44  0.934040541036163     
          44          45  0.996870218186305     
          45          46  0.981949736261545     
          45          47  0.981498040608962     
          45          48  0.982920114093338     
          44          49  0.991168354737391     
          49          50  0.983202275523446     
          49          51  0.982919050622536     
          49          52  0.979634833902536     
          44          53  0.938644897057714     
          42          54   1.10768674823389     
          53          54  0.933101120624771     
          53          55  0.996181427864409     
          55          56  0.982465379224554     
          55          57  0.982725006930109     
          55          58  0.983011610010960     
          53          59  0.991970145052821     
          59          60  0.981591409589385     
          59          61  0.982709703560448     
          59          62  0.982939684319868     
          19          63  0.866357128944220     
          63          64   1.11631469722400     
          64          65  0.937494428169007     
          65          66  0.991407868804737     
          66          67  0.978146332834822     
          66          68  0.982453748291028     
          66          69  0.982942322164783     
          65          70  0.996416029733574     
          70          71  0.981953721915601     
          70          72  0.983310669163248     
          70          73  0.982203204254353     
          65          74  0.937144064171523     
          63          75   1.11841632651386     
          74          75  0.935998542760491     
          74          76  0.995594883866398     
          76          77  0.982907115013640     
          76          78  0.982461074174529     
          76          79  0.982029382033681     
          74          80  0.991581643465860     
          80          81  0.983652455918759     
          80          82  0.983025616987209     
          80          83  0.983194047283146     
           4          84  0.968571505102992     
          14          85  0.968663313235244     
          19          86  0.597741871304098     
          20          86  0.344070172305872     
          86          87   1.38691721038786     
          86          88   1.35467445796291     
          87          89   1.43778558403903     
          88          89  0.105810747678032     
          87          90  0.964505250230085     
          88          91   1.45259213220246     
          88          92  0.953941680808789     
          89          93   1.40465910172680     
          91          93   1.39080352307997     
          89          94  0.967469074051319     
          93          95  0.984402192886635     
          95          96  0.984275057278567     
          95          97  0.964837054958122     
          95          98  0.963648356296664     
          96          99   1.22840569013751     
          96         100   1.23004508691423     
          99         100  0.130057586796376     
          99         101   1.54253693921763     
          99         102  0.969903235611769     
         100         103   1.54786206432850     
         101         103   1.33287783509926     
         100         104  0.970497286923489     
         101         105  0.975423667033706     
         103         106  0.975508436873915     
