   -0.12740543
    0.07826477
   -0.04182009
   -0.01947329
   -0.04108472
    0.05057206
    0.05666581
    0.06190090
    0.05013626
    0.07444198
   -0.13692797
    0.04308305
   -0.04333499
   -0.02265059
   -0.04478718
    0.05116700
    0.05464747
    0.07360636
   -0.13181159
    0.08680649
    0.40786636
   -0.40563114
    0.13024838
   -0.12311876
    0.05619599
    0.04663201
    0.05282264
   -0.10940713
    0.04952233
    0.04266528
    0.02560311
    0.13156314
   -0.40629643
   -0.12240236
    0.05139763
    0.04849522
    0.05212912
   -0.12006560
    0.04539082
    0.05445476
    0.04727035
    0.41049706
   -0.37288649
    0.12892666
   -0.13320766
    0.06366060
    0.05896517
    0.05507510
   -0.12216824
    0.05044127
    0.05146469
    0.05075583
    0.12886659
   -0.39314556
   -0.12207717
    0.04801641
    0.05030864
    0.05074224
   -0.12704804
    0.05764052
    0.05396238
    0.04855657
    0.40420103
   -0.36856652
    0.12538939
   -0.13647501
    0.05850897
    0.06438021
    0.05529921
   -0.13242713
    0.06637506
    0.05314702
    0.05327220
    0.12669614
   -0.37942902
   -0.12670137
    0.05357617
    0.05345759
    0.05829815
   -0.12410513
    0.03995451
    0.05235421
    0.05672240
    0.05810996
    0.05494823
   -0.03326986
   -0.02709096
    0.07620750
   -0.03608883
    0.05249657
   -0.03667293
   -0.13838358
   -0.04231667
    0.05225826
    0.07938329
    0.48655343
   -0.21396618
   -0.22370564
   -0.22706925
