           1           2   1.32077543338236     
           2           3   1.35342481882832     
           3           4   1.47777326140892     
           4           5   1.39165488977485     
           1           6   1.39430668654094     
           3           6  0.105594017947900     
           5           6   1.45351330882958     
           6           7  0.956482328008299     
           5           8  0.967740673751531     
           3           9  0.961422216488136     
           2          10   1.08589762800920     
          10          11   1.31071331498951     
          11          12   1.38786428823493     
          12          13   1.45514022600972     
          13          14   1.39038650826837     
          10          15   1.35718226770424     
          12          15  0.104931306813515     
          14          15   1.47446372821302     
          15          16  0.961189512455733     
          13          17  0.968530010954111     
          12          18  0.947890385551916     
           1          19  0.413111418458976     
          11          19  0.399649087938017     
          19          20  0.541847538090751     
          19          21  0.727103952430470     
          21          22   1.10220837963860     
          22          23  0.938834010242733     
          23          24  0.997038925812987     
          24          25  0.982295113719125     
          24          26  0.983226616102996     
          24          27  0.983023462437183     
          23          28  0.990476092854663     
          28          29  0.983745066550249     
          28          30  0.983866625170723     
          28          31  0.984802088848296     
          23          32  0.941715232846428     
          21          33   1.11016919540657     
          32          33  0.935710053537541     
          32          34  0.991347332845576     
          34          35  0.982220032497331     
          34          36  0.983365839181864     
          34          37  0.981149356708548     
          32          38  0.997475974348017     
          38          39  0.983200051851879     
          38          40  0.982148495793241     
          38          41  0.983333567919283     
          19          42  0.840426336083973     
          42          43   1.14813106368569     
          43          44  0.932412144494398     
          44          45  0.995483456759437     
          45          46  0.978420779168347     
          45          47  0.980868813220769     
          45          48  0.981961353110006     
          44          49  0.992559250243682     
          49          50  0.982673487039065     
          49          51  0.982301119208455     
          49          52  0.979524386540041     
          44          53  0.935793039553973     
          42          54   1.09880969824987     
          53          54  0.930915733740769     
          53          55  0.994524408720571     
          55          56  0.982707955159199     
          55          57  0.982928434837674     
          55          58  0.982487096625066     
          53          59  0.994270364232679     
          59          60  0.977922877266042     
          59          61  0.982051443871115     
          59          62  0.982891855945241     
          19          63  0.852619042053966     
          63          64   1.12682125508047     
          64          65  0.930458079220210     
          65          66  0.992225252573558     
          66          67  0.978929138066723     
          66          68  0.979290252428161     
          66          69  0.982256833999319     
          65          70  0.997394385328075     
          70          71  0.981140110887303     
          70          72  0.982877765634997     
          70          73  0.982066708080747     
          65          74  0.938836049698165     
          63          75   1.12070506502359     
          74          75  0.931443476500027     
          74          76  0.996666082560149     
          76          77  0.982504458896126     
          76          78  0.982511065112619     
          76          79  0.981778354299428     
          74          80  0.991570471294664     
          80          81  0.983701404229082     
          80          82  0.982983408306242     
          80          83  0.982978142333611     
           4          84  0.968150304091502     
          14          85  0.968415949669057     
          19          86  0.603333304789380     
          20          86  0.345879332008586     
          86          87   1.35319338027817     
          86          88   1.35598049907139     
          87          89   1.46271793415084     
          87          90  0.959358375505203     
          88          91   1.42789391041206     
          88          92  0.968752683097766     
          89          93   1.37890030226641     
          91          93   1.39622037332825     
          89          94  0.966739779736285     
          91          95  0.961840901342243     
          93          96  0.955888010778889     
          96          97  0.948027746187237     
          96          98  0.933859175366255     
          96          99  0.925854818629691     
