   -0.12092633
    0.07665357
   -0.04186651
   -0.02242737
   -0.04299290
    0.04824464
    0.05270884
    0.05649555
    0.04672731
    0.07313477
   -0.12658301
    0.04267666
   -0.04511422
   -0.02421863
   -0.04529327
    0.04679186
    0.05087277
    0.07349106
   -0.15527878
    0.08077982
    0.40327064
   -0.41021913
    0.13063318
   -0.12158667
    0.05386083
    0.04533212
    0.05111364
   -0.10833887
    0.04753051
    0.04123354
    0.02702776
    0.13078139
   -0.40359221
   -0.11936341
    0.04737320
    0.04721815
    0.04996028
   -0.11948271
    0.04678154
    0.05296440
    0.04549583
    0.40639602
   -0.38144488
    0.12848251
   -0.12696097
    0.05679542
    0.05746636
    0.05048228
   -0.12146257
    0.04983026
    0.04688075
    0.05087715
    0.12804111
   -0.38537405
   -0.12361503
    0.05311536
    0.05392150
    0.04905596
   -0.11940538
    0.04624474
    0.05208643
    0.04582010
    0.40011780
   -0.37788082
    0.12525337
   -0.13035551
    0.05866611
    0.05444068
    0.05042433
   -0.12925577
    0.06079695
    0.05109684
    0.05230388
    0.12638096
   -0.38162829
   -0.12430212
    0.05115385
    0.05278542
    0.05490539
   -0.12290115
    0.03997277
    0.05157823
    0.05474948
    0.05349057
    0.05051615
   -0.03729548
   -0.01669283
    0.05167348
   -0.05698977
    0.02391176
   -0.25398780
    0.03838475
    0.08890264
    0.02985804
   -0.07874879
    0.01723289
    0.07000802
    0.04417944
   -0.04328203
   -0.04042828
   -0.03636836
    0.02831352
   -0.03429730
    0.04910226
   -0.03913478
    0.03000077
    0.03387556
    0.03037026
