           1           2   1.30636098333549     
           2           3   1.34792519811389     
           3           4   1.48430925918772     
           4           5   1.37950777623141     
           1           6   1.38274014351832     
           3           6  0.105754200159225     
           5           6   1.46360769939252     
           6           7  0.956151122177146     
           5           8  0.968363325152056     
           3           9  0.961852788238589     
           2          10   1.09381903372609     
          10          11   1.30081855315068     
          11          12   1.38326405897559     
          12          13   1.46014076341873     
          13          14   1.38169638669300     
          10          15   1.35132733613976     
          12          15  0.105404541135940     
          14          15   1.48094985004398     
          15          16  0.961728814776143     
          13          17  0.968958754775058     
          12          18  0.947853084590019     
           1          19  0.455943041909891     
          11          19  0.443186644863653     
          19          20  0.545202834538256     
          19          21  0.716151855003558     
          21          22   1.09054187128162     
          22          23  0.942416700814624     
          23          24  0.996721803951304     
          24          25  0.982603511950275     
          24          26  0.983585194814940     
          24          27  0.983238005026923     
          23          28  0.989881865219447     
          28          29  0.984057989023258     
          28          30  0.983972893846257     
          28          31  0.985182855644626     
          23          32  0.941262354232002     
          21          33   1.11211235692503     
          32          33  0.938935371841650     
          32          34  0.990833554517466     
          34          35  0.983241295388766     
          34          36  0.983697024023621     
          34          37  0.982453606987469     
          32          38  0.996714724290106     
          38          39  0.983096786275012     
          38          40  0.982704010044325     
          38          41  0.983728275096496     
          19          42  0.845607009626430     
          42          43   1.12403437452247     
          43          44  0.934127200657714     
          44          45  0.996867828422917     
          45          46  0.981853211913257     
          45          47  0.981614894902444     
          45          48  0.982973359478246     
          44          49  0.991134657011634     
          49          50  0.983262587682404     
          49          51  0.983082832616951     
          49          52  0.980512481765709     
          44          53  0.938881749542293     
          42          54   1.10598521303462     
          53          54  0.933454191471220     
          53          55  0.996263692078183     
          55          56  0.982565763309189     
          55          57  0.982808121349107     
          55          58  0.983089047214237     
          53          59  0.991761920032224     
          59          60  0.980488842260171     
          59          61  0.982927723504421     
          59          62  0.983153259976704     
          19          63  0.867169831021552     
          63          64   1.11678671160886     
          64          65  0.936910574612531     
          65          66  0.991359701947122     
          66          67  0.978443234386872     
          66          68  0.982438485377157     
          66          69  0.982955827017782     
          65          70  0.996601173553817     
          70          71  0.981926758054811     
          70          72  0.983301061530297     
          70          73  0.982175280667000     
          65          74  0.937700283667688     
          63          75   1.11703891407446     
          74          75  0.935537418705781     
          74          76  0.995763049611882     
          76          77  0.982906494969901     
          76          78  0.982507106101087     
          76          79  0.982250526631891     
          74          80  0.991396346148619     
          80          81  0.983551567164666     
          80          82  0.983072324031853     
          80          83  0.983222401231329     
           4          84  0.968732120310898     
          14          85  0.968884359270171     
          19          86  0.600837932626372     
          20          86  0.333418732118499     
          86          87   1.38689518498049     
          86          88   1.35459257773709     
          87          89   1.43587722656582     
          88          89  0.106860140664818     
          87          90  0.963529081851515     
          88          91   1.45524214703887     
          88          92  0.954927868010595     
          89          93   1.40144148340608     
          91          93   1.38383699145810     
          89          94  0.967466312543784     
          93          95  0.993156966068809     
          95          96  0.993113391956544     
          95          97  0.953956190877964     
          95          98  0.973193311953847     
          96          99   1.41803216249973     
          96         100   1.40494767778218     
          99         101   1.43809643924170     
         100         101  0.112471063944055     
          99         102  0.968887177093987     
          99         103  0.109145789204022     
         100         103   1.45293096023265     
         100         104  0.965827225452899     
          96         105  0.109041259792986     
         101         105   1.44357753552762     
         103         105   1.43201210845726     
         101         106  0.971092859307570     
         103         107  0.970763430964210     
         105         108  0.971403226677976     
