           1           2   1.50590450530143     
           2           3   1.37011669600497     
           1           4  0.112735596061111     
           3           4   1.49385325681541     
           4           5   1.33766736860395     
           5           6   1.18452695290533     
           6           7   1.20748267789322     
           7           8   1.60915944116853     
           1           9   1.32887900711348     
           5           9   1.24364350924473     
           8           9   1.23003366824101     
           1          10  0.969986274389521     
           2          11  0.972007756926944     
           3          12  0.972237754015226     
           4          13  0.968459288305837     
           6          14  0.933638383726676     
           7          15  0.969785855674511     
           8          16  0.973966630364914     
