   -0.12249809
    0.07695224
   -0.04255448
   -0.02154170
   -0.04286561
    0.04718767
    0.05543989
    0.05781120
    0.04799897
    0.07368242
   -0.13921095
    0.04096350
   -0.04429636
   -0.02300672
   -0.04435171
    0.04622259
    0.05155010
    0.08033727
   -0.15413671
    0.10435910
    0.40429177
   -0.41134447
    0.13077991
   -0.12111441
    0.05329654
    0.04430024
    0.05058939
   -0.10789444
    0.04654596
    0.04023795
    0.02693719
    0.13105342
   -0.40229985
   -0.12056913
    0.04942347
    0.04603010
    0.05074422
   -0.11923336
    0.04604406
    0.05327519
    0.04464703
    0.40279688
   -0.38038444
    0.12866469
   -0.12721673
    0.05585679
    0.05719825
    0.04892450
   -0.12399307
    0.04666168
    0.04592242
    0.05697663
    0.12772104
   -0.37909066
   -0.12340211
    0.05400107
    0.05254198
    0.04754829
   -0.12411576
    0.04684732
    0.05135735
    0.05022521
    0.40297398
   -0.37156928
    0.12515449
   -0.13197925
    0.06091330
    0.05623639
    0.05102923
   -0.13029618
    0.06206096
    0.05141883
    0.05367876
    0.12656275
   -0.37592844
   -0.12523378
    0.05155339
    0.05369525
    0.05666409
   -0.12332185
    0.04118485
    0.04992077
    0.05552251
    0.05417645
    0.05041375
   -0.00897772
   -0.11840424
   -0.04109545
    0.12526732
    0.18157327
   -0.03454429
   -0.06913260
   -0.29751463
   -0.02850188
   -0.10479672
    0.05736677
    0.03711675
    0.04390015
   -0.06283591
    0.02793378
    0.03508269
    0.02742294
    0.04501047
    0.01920104
    0.02227258
