           1           2   1.31406969478743     
           2           3   1.34810408697287     
           3           4   1.48353435102474     
           4           5   1.38262361265494     
           1           6   1.38778982809646     
           3           6  0.105991531752757     
           5           6   1.46089703761046     
           6           7  0.956040666294596     
           5           8  0.968196351415713     
           3           9  0.961477468861462     
           2          10   1.09147949561126     
          10          11   1.30407270115582     
          11          12   1.38247127398425     
          12          13   1.45819991824052     
          13          14   1.38523412413798     
          10          15   1.35431245493620     
          12          15  0.104838820002586     
          14          15   1.47737946262814     
          15          16  0.961450687217423     
          13          17  0.968873031483753     
          12          18  0.946361573779458     
           1          19  0.437198550986973     
          11          19  0.405938459193464     
          19          20  0.557819359772220     
          19          21  0.716943919143694     
          21          22   1.08941813425693     
          22          23  0.943220804196626     
          23          24  0.996609447143759     
          24          25  0.982733287548749     
          24          26  0.983605743528709     
          24          27  0.983247849927338     
          23          28  0.989974547768201     
          28          29  0.984031805885530     
          28          30  0.983913595271343     
          28          31  0.984706693007142     
          23          32  0.941214129511510     
          21          33   1.11095723171702     
          32          33  0.939291614159130     
          32          34  0.990976273995192     
          34          35  0.982457172956303     
          34          36  0.983578442922335     
          34          37  0.981729547040605     
          32          38  0.996784748711911     
          38          39  0.983137988692608     
          38          40  0.982552939002234     
          38          41  0.983706724981041     
          19          42  0.857336207200388     
          42          43   1.11782798487033     
          43          44  0.935891410008775     
          44          45  0.996901233066725     
          45          46  0.979122158809335     
          45          47  0.981816192931516     
          45          48  0.983036793404767     
          44          49  0.990740409707327     
          49          50  0.983422633622241     
          49          51  0.982626101113248     
          49          52  0.976592865746185     
          44          53  0.938460063564457     
          42          54   1.11117176772150     
          53          54  0.934602358114051     
          53          55  0.995688863510157     
          55          56  0.982281628926385     
          55          57  0.982916701828660     
          55          58  0.983174094371759     
          53          59  0.991973770908927     
          59          60  0.980908950612918     
          59          61  0.983116706073521     
          59          62  0.982853336937217     
          19          63  0.873260289167772     
          63          64   1.11687435631322     
          64          65  0.933735260785518     
          65          66  0.991586964076292     
          66          67  0.978353337850814     
          66          68  0.981644398189928     
          66          69  0.982842360445005     
          65          70  0.997221445066011     
          70          71  0.981749136027974     
          70          72  0.983105764911735     
          70          73  0.982084614592851     
          65          74  0.938465659672435     
          63          75   1.12213796435119     
          74          75  0.933856163122587     
          74          76  0.996148873007080     
          76          77  0.982822015912155     
          76          78  0.982249914674030     
          76          79  0.981524353830396     
          74          80  0.991232532082559     
          80          81  0.983880690810228     
          80          82  0.983172042784634     
          80          83  0.983161514775259     
           4          84  0.968640609358451     
          14          85  0.968898904392278     
          19          86  0.598749890526226     
          20          86  0.323408079694971     
          86          87   1.14511845361331     
          86          88   1.51798471738495     
          87          89   1.20014333522222     
          87          90  0.925601505557728     
          88          91   1.21430700304518     
          89          91   1.18456440022602     
          88          92   1.01616903526490     
          89          93   1.35728480649061     
          91          94   1.35632238386082     
          92          95   1.00289462930840     
          92          96  0.963556253207508     
          92          97  0.970660914209079     
          93          98   1.43463480691231     
          94          99   1.46597386925287     
          98          99   1.39299423362671     
          94         100  0.968331449148700     
          95         101  0.986767606607253     
          95         102  0.988151978167475     
          95         103  0.979118125167320     
          98         104  0.966092836486645     
          99         105  0.971312695319424     
