   -0.11383616
    0.07916457
   -0.04310222
   -0.02277001
   -0.04382414
    0.04737744
    0.05443852
    0.05713576
    0.04653024
    0.07638875
   -0.11978784
    0.04063371
   -0.04595194
   -0.02583888
   -0.04670563
    0.04555482
    0.05156476
    0.07761723
   -0.15421936
    0.10582406
    0.40307918
   -0.40577567
    0.12952778
   -0.12225227
    0.05431548
    0.04566109
    0.05170976
   -0.11017996
    0.04840798
    0.04206252
    0.02780122
    0.13009196
   -0.40030513
   -0.12249773
    0.05291673
    0.04670871
    0.05029933
   -0.12088618
    0.04727805
    0.05403445
    0.04591157
    0.39974368
   -0.38145771
    0.12799072
   -0.12727793
    0.05626918
    0.05676187
    0.05027845
   -0.12264150
    0.04944932
    0.04723942
    0.05235865
    0.12701131
   -0.38129956
   -0.12516755
    0.05485677
    0.05439832
    0.04896934
   -0.12578498
    0.04572188
    0.05405397
    0.05038881
    0.39977392
   -0.37872659
    0.12458483
   -0.13209114
    0.06007880
    0.05461620
    0.05088571
   -0.12958493
    0.06066925
    0.05094881
    0.05181287
    0.12669373
   -0.37684852
   -0.12509862
    0.05130725
    0.05436408
    0.05581019
   -0.12255363
    0.04065139
    0.04935509
    0.05498938
    0.05365507
    0.04950048
   -0.05344686
    0.11678139
   -0.04841833
   -0.31757813
    0.11325659
   -0.04686835
    0.05787681
    0.23137151
   -0.31750448
   -0.07206564
    0.05562543
    0.04156573
    0.03091031
    0.05773538
