           1           2   1.31540013746374     
           2           3   1.35002773577435     
           3           4   1.48219922848469     
           4           5   1.38421622799645     
           1           6   1.38964167185365     
           3           6  0.106264889790736     
           5           6   1.45914957557534     
           6           7  0.956943429757157     
           5           8  0.968307342721270     
           3           9  0.961683857702413     
           2          10   1.08884258750849     
          10          11   1.30662987492973     
          11          12   1.38978571482698     
          12          13   1.45390491172122     
          13          14   1.38845679189035     
          10          15   1.35592258514551     
          12          15  0.104932657478113     
          14          15   1.47570817467564     
          15          16  0.961639540514402     
          13          17  0.968902164041318     
          12          18  0.946914177133428     
           1          19  0.443088132248690     
          11          19  0.435832320815823     
          19          20  0.535670294042213     
          19          21  0.742201426497921     
          21          22   1.09409156922066     
          22          23  0.941970274761115     
          23          24  0.996459973259535     
          24          25  0.982582795249596     
          24          26  0.983550112993635     
          24          27  0.983166404486571     
          23          28  0.990107564816131     
          28          29  0.984012747127915     
          28          30  0.984055884494477     
          28          31  0.985317493742340     
          23          32  0.940869124281706     
          21          33   1.11376979122853     
          32          33  0.938485284031699     
          32          34  0.990827666372724     
          34          35  0.981087633155972     
          34          36  0.983551342149352     
          34          37  0.981965760303655     
          32          38  0.996980697177207     
          38          39  0.983103406953492     
          38          40  0.982764984021395     
          38          41  0.983695855330211     
          19          42  0.861953076474815     
          42          43   1.11786252971533     
          43          44  0.935291966824264     
          44          45  0.996937684105789     
          45          46  0.982125180613475     
          45          47  0.981767549419735     
          45          48  0.983040827401966     
          44          49  0.990882561885273     
          49          50  0.983359305264599     
          49          51  0.982081853137166     
          49          52  0.980043358338019     
          44          53  0.939384011341009     
          42          54   1.11110955951043     
          53          54  0.933613136387947     
          53          55  0.996406073429600     
          55          56  0.982363902519915     
          55          57  0.982783003513343     
          55          58  0.983103731303391     
          53          59  0.991504590378135     
          59          60  0.982144900380226     
          59          61  0.982927547816445     
          59          62  0.983024101089280     
          19          63  0.863455794696906     
          63          64   1.10908844997399     
          64          65  0.937437286156552     
          65          66  0.991160181568513     
          66          67  0.978540789253755     
          66          68  0.982488165037769     
          66          69  0.983052758368444     
          65          70  0.996502728156901     
          70          71  0.981973797931484     
          70          72  0.983400051832452     
          70          73  0.982323257489007     
          65          74  0.937971347816901     
          63          75   1.12217043550179     
          74          75  0.935493492976427     
          74          76  0.995947629999903     
          76          77  0.982931143828067     
          76          78  0.982151471168703     
          76          79  0.981136158936787     
          74          80  0.991135414970915     
          80          81  0.984064865983667     
          80          82  0.983135562950573     
          80          83  0.983238983254285     
           4          84  0.968696357952388     
          14          85  0.968945409523708     
          19          86  0.570700533877446     
          20          86  0.346566236415889     
          86          87   1.37427114916043     
          86          88   1.34801980197272     
          87          89  0.984599803274606     
          87          90   1.31065026917263     
          88          91   1.47353543879675     
          88          92  0.960525919803574     
          89          93  0.985710196008135     
          90          94  0.999232558790910     
          93          94  0.978314217581997     
          90          95   1.41283498974584     
          91          95   1.39082797178184     
          91          96  0.967509753818449     
          93          97  0.961182616808669     
          93          98  0.961127527480880     
          95          99  0.966999260258817     
