           1           2   1.40954032953113     
           2           3  0.961446140858855     
           2           4   1.33020336918268     
           4           5  0.987160614355272     
           4           6   1.43316883006821     
           2           7  0.102144668241843     
           6           7   1.41355536325859     
           1           8   1.42780294968082     
           4           8  0.101604675706771     
           7           8   1.43279132410891     
           1           9  0.958575859424769     
           7          10  0.956534104792947     
           8          11  0.962553015977302     
