   -0.12691270
    0.07661314
   -0.04216157
   -0.02281510
   -0.04388162
    0.04749229
    0.05096569
    0.05349801
    0.04495897
    0.07033011
   -0.12325112
    0.04396703
   -0.04534216
   -0.02561298
   -0.04667354
    0.04566497
    0.05074406
    0.07479396
   -0.16640871
    0.09437279
    0.40112941
   -0.41066782
    0.13022052
   -0.11974609
    0.05177208
    0.04394658
    0.04992538
   -0.10924413
    0.04659907
    0.04176191
    0.02818250
    0.13115676
   -0.40565103
   -0.11963011
    0.05129188
    0.04435997
    0.04755460
   -0.11895581
    0.04675352
    0.05151872
    0.04422180
    0.40686409
   -0.38588421
    0.12901709
   -0.12439388
    0.05379319
    0.05474986
    0.04863841
   -0.12080253
    0.04712596
    0.04433791
    0.05323730
    0.12750704
   -0.37889453
   -0.12387400
    0.05370530
    0.05442835
    0.04721932
   -0.12255895
    0.04542788
    0.05059627
    0.05108261
    0.40226221
   -0.38002318
    0.12527778
   -0.12963708
    0.05705866
    0.05435156
    0.04889501
   -0.12891277
    0.06060601
    0.04950390
    0.05222811
    0.12784962
   -0.38395410
   -0.12281123
    0.04973160
    0.05294294
    0.05353591
   -0.12053740
    0.03996752
    0.04708882
    0.05384447
    0.05054713
    0.04845833
   -0.02281468
   -0.00089974
   -0.07849130
   -0.05396015
   -0.03929404
   -0.07544899
    0.01163664
    0.06338468
    0.06667376
    0.04369455
    0.01958314
    0.00949861
