           1           2   1.30200438021271     
           2           3   1.35083078490958     
           3           4   1.48180162626840     
           4           5   1.38028486489145     
           1           6   1.38508620056782     
           3           6  0.104881463619539     
           5           6   1.46154771648349     
           6           7  0.957399772737959     
           5           8  0.968746529618935     
           3           9  0.962025012867694     
           2          10   1.09345709144734     
          10          11   1.29876443011857     
          11          12   1.38619136827959     
          12          13   1.45678014506999     
          13          14   1.38447005950360     
          10          15   1.35436058160246     
          12          15  0.104477015233995     
          14          15   1.47725359397750     
          15          16  0.961938166831912     
          13          17  0.969020221154945     
          12          18  0.950108034201892     
           1          19  0.438157573165475     
          11          19  0.449023908342051     
          19          20  0.544019724636825     
          19          21  0.726552084825687     
          21          22   1.08712633301944     
          22          23  0.944121769903941     
          23          24  0.996195393450967     
          24          25  0.982847911452934     
          24          26  0.983776485086514     
          24          27  0.983289019139821     
          23          28  0.989883914483254     
          28          29  0.984173615650579     
          28          30  0.983865209822483     
          28          31  0.985288122779091     
          23          32  0.940864557774040     
          21          33   1.10891071534027     
          32          33  0.940515393343911     
          32          34  0.990762018033204     
          34          35  0.980888429475123     
          34          36  0.983630893454356     
          34          37  0.981845538730558     
          32          38  0.996685376006202     
          38          39  0.983187753362544     
          38          40  0.982938218294234     
          38          41  0.983889275830927     
          19          42  0.859502766574045     
          42          43   1.11102120366662     
          43          44  0.936732053753157     
          44          45  0.996744590637222     
          45          46  0.982383307170852     
          45          47  0.982090305738856     
          45          48  0.983262662919531     
          44          49  0.990724785645304     
          49          50  0.983537043161922     
          49          51  0.981574322077388     
          49          52  0.978546107277778     
          44          53  0.938595736089992     
          42          54   1.11381940062275     
          53          54  0.936066026880098     
          53          55  0.995861252660628     
          55          56  0.982368537280448     
          55          57  0.982814564669379     
          55          58  0.983301674519932     
          53          59  0.991532279536091     
          59          60  0.982063138597965     
          59          61  0.983255534767730     
          59          62  0.982952390048362     
          19          63  0.864479625765000     
          63          64   1.10622096624436     
          64          65  0.939091292177135     
          65          66  0.990915597845643     
          66          67  0.979159112228497     
          66          68  0.982506764131512     
          66          69  0.983281544247906     
          65          70  0.996333268454993     
          70          71  0.982029049808406     
          70          72  0.983607329238055     
          70          73  0.982353787921567     
          65          74  0.938280102536347     
          63          75   1.11328221876290     
          74          75  0.937000963406037     
          74          76  0.996166650117045     
          76          77  0.983052691780492     
          76          78  0.982269422605605     
          76          79  0.980684908632733     
          74          80  0.990780692025774     
          80          81  0.984189009975272     
          80          82  0.983342498862305     
          80          83  0.983440326830608     
           4          84  0.969087961850511     
          14          85  0.969126421126546     
          19          86  0.591864171748365     
          20          86  0.341631326805262     
          86          87   1.20908298059162     
          86          88   1.47458197145709     
          87          89   1.00819663496402     
          86          90  0.119274776495957     
          87          90   1.20928506903849     
          88          91   1.33492689366951     
          90          91   1.53325350593057     
          88          92  0.967014452558174     
          89          93  0.977840622412989     
          89          94  0.970023140345946     
          89          95  0.973263736654409     
          90          96  0.969561211958692     
          91          97  0.974358569112713     
