   -0.12051173
    0.07485437
   -0.04329956
   -0.02319682
   -0.04420769
    0.04762860
    0.05178744
    0.05464778
    0.04601186
    0.07041243
   -0.12593319
    0.04040934
   -0.04579125
   -0.02590141
   -0.04568091
    0.04456462
    0.05024676
    0.07712676
   -0.16623332
    0.10096947
    0.40355067
   -0.40826613
    0.13009178
   -0.12081716
    0.05292185
    0.04416843
    0.05089624
   -0.10879653
    0.04686236
    0.04168744
    0.02743286
    0.13095301
   -0.40609720
   -0.12029464
    0.05120890
    0.04520502
    0.04850166
   -0.11945291
    0.04645165
    0.05249910
    0.04473312
    0.40345934
   -0.38381998
    0.12861338
   -0.12426420
    0.05331121
    0.05546987
    0.04858408
   -0.12068176
    0.04812102
    0.04544775
    0.05165662
    0.12761797
   -0.38261687
   -0.12411367
    0.05388814
    0.05427616
    0.04778110
   -0.12016095
    0.03854419
    0.05079727
    0.04965095
    0.40284699
   -0.37863527
    0.12548323
   -0.12742330
    0.05743966
    0.05159362
    0.04914350
   -0.12887757
    0.06011569
    0.05012125
    0.05200025
    0.12721904
   -0.38165668
   -0.12351212
    0.05036626
    0.05282149
    0.05426072
   -0.12182955
    0.04045995
    0.04930931
    0.05416136
    0.05159349
    0.04799200
   -0.06187764
    0.00090604
   -0.02778316
   -0.13676064
    0.03198771
   -0.02611535
    0.12985644
    0.21148407
   -0.06032535
    0.05138381
   -0.28629135
    0.04588496
    0.02946602
    0.03028642
