           1           2   1.30584301491946     
           2           3   1.34632534257199     
           3           4   1.48603330389929     
           4           5   1.37768350966205     
           1           6   1.38468475371685     
           3           6  0.105966224711657     
           5           6   1.46396512453175     
           6           7  0.956831009957954     
           5           8  0.968596176931375     
           3           9  0.961781788954405     
           2          10   1.09608081311907     
          10          11   1.29905781645514     
          11          12   1.38158155101596     
          12          13   1.46114364806102     
          13          14   1.38057750114506     
          10          15   1.35122137294079     
          12          15  0.104996385683304     
          14          15   1.48043843569456     
          15          16  0.961783985411433     
          13          17  0.969037381824323     
          12          18  0.947470574656883     
           1          19  0.456451368118701     
          11          19  0.443930132297203     
          19          20  0.549799082155015     
          19          21  0.723835280994497     
          21          22   1.09234050217117     
          22          23  0.943256830527620     
          23          24  0.996334464909366     
          24          25  0.982761751493359     
          24          26  0.983687833355818     
          24          27  0.983257226180035     
          23          28  0.990010851166928     
          28          29  0.984135452493773     
          28          30  0.984043645549252     
          28          31  0.985155790988693     
          23          32  0.940994542537774     
          21          33   1.10729624224836     
          32          33  0.939830358603506     
          32          34  0.990803992108262     
          34          35  0.981409047578075     
          34          36  0.983722278250137     
          34          37  0.982203890080964     
          32          38  0.996839590835691     
          38          39  0.983174131769126     
          38          40  0.982900944448336     
          38          41  0.983801293679845     
          19          42  0.863715410401438     
          42          43   1.11305920282705     
          43          44  0.937812098302897     
          44          45  0.996513803801070     
          45          46  0.981992570983061     
          45          47  0.981745301298416     
          45          48  0.983232251885757     
          44          49  0.990695773909757     
          49          50  0.983508720108771     
          49          51  0.982821513157625     
          49          52  0.979994275159906     
          44          53  0.938801144070944     
          42          54   1.10603554714143     
          53          54  0.936248453782330     
          53          55  0.995956536623701     
          55          56  0.982491496379484     
          55          57  0.982795964146344     
          55          58  0.983276061047788     
          53          59  0.991469489294210     
          59          60  0.980563662234007     
          59          61  0.983138684585070     
          59          62  0.983026337512970     
          19          63  0.867771698173176     
          63          64   1.10736385301145     
          64          65  0.939304370689381     
          65          66  0.991022443800064     
          66          67  0.978692629620311     
          66          68  0.982313608220473     
          66          69  0.983018038272014     
          65          70  0.996237997000546     
          70          71  0.982011710828767     
          70          72  0.983493400929644     
          70          73  0.982277747662442     
          65          74  0.937665011659048     
          63          75   1.11610155362215     
          74          75  0.936535165650320     
          74          76  0.995880006438035     
          76          77  0.982906786498411     
          76          78  0.982199926602795     
          76          79  0.981941191838655     
          74          80  0.991184936872069     
          80          81  0.983900854205703     
          80          82  0.983226997045775     
          80          83  0.983294649798460     
           4          84  0.968953373263036     
          14          85  0.969156513533391     
          19          86  0.588844692855607     
          20          86  0.335483521176053     
          86          87   1.56441347066443     
          86          88   1.19280222313593     
          87          89   1.16218052973856     
          87          90  0.967237173245390     
          88          91   1.36027432973248     
          88          92   1.19747258362870     
          89          92   1.20476114703628     
          89          93  0.925911988071999     
          91          94   1.46956533056818     
          91          95  0.961436395336269     
          92          96   1.34667583439042     
          94          97   1.38743875794756     
          96          97   1.45025963320393     
          94          98  0.970674517327719     
          97          99  0.965399028504259     
