   -0.12709831
    0.07402200
   -0.04468925
   -0.02314728
   -0.04547429
    0.04851145
    0.05206763
    0.05360533
    0.04469325
    0.06936216
   -0.13284921
    0.04122483
   -0.04615405
   -0.02703600
   -0.04580224
    0.04324289
    0.04893942
    0.07416772
   -0.15552428
    0.08218560
    0.40490883
   -0.40588597
    0.12972770
   -0.12140572
    0.05357176
    0.04464785
    0.05157189
   -0.10889144
    0.04726211
    0.04170839
    0.02684557
    0.13080155
   -0.40625530
   -0.12135312
    0.05140940
    0.04598909
    0.05019436
   -0.12011678
    0.04578249
    0.05407156
    0.04535433
    0.40790590
   -0.37817002
    0.12811920
   -0.12707494
    0.05827800
    0.05555144
    0.04977110
   -0.12171182
    0.04876050
    0.04735088
    0.05053804
    0.12803694
   -0.38359390
   -0.12487267
    0.05357694
    0.05445931
    0.04875799
   -0.12538040
    0.05166060
    0.05235814
    0.04742190
    0.40420551
   -0.37560625
    0.12465890
   -0.13280172
    0.06123116
    0.05552185
    0.05099295
   -0.12891945
    0.06055298
    0.05078442
    0.05116428
    0.12668511
   -0.37782324
   -0.12460604
    0.05084913
    0.05251462
    0.05700364
   -0.12190507
    0.04055597
    0.04877134
    0.05436415
    0.05053300
    0.04649237
    0.06051222
   -0.05107410
   -0.27041580
   -0.03216249
    0.02021137
    0.12768673
   -0.03449780
    0.02452851
   -0.11767667
   -0.07926041
   -0.00390291
    0.20478785
    0.03057187
    0.04954300
