           1           2   1.30653323365928     
           2           3   1.34252910034067     
           3           4   1.48890597964140     
           4           5   1.37621268753174     
           1           6   1.38857541338684     
           3           6  0.106298567777994     
           5           6   1.46285535007930     
           6           7  0.957338856570845     
           5           8  0.968759050430144     
           3           9  0.962330981088588     
           2          10   1.09876569841758     
          10          11   1.29309833404907     
          11          12   1.37609419170998     
          12          13   1.46629090292647     
          13          14   1.37501889338568     
          10          15   1.34929510166176     
          12          15  0.104996340631861     
          14          15   1.48244953459219     
          15          16  0.962257419786539     
          13          17  0.969147309499516     
          12          18  0.947743848842026     
           1          19  0.440777564820066     
          11          19  0.436078735226832     
          19          20  0.523000437594452     
          19          21  0.715031021088511     
          21          22   1.09531661801234     
          22          23  0.942065776737819     
          23          24  0.996324048400213     
          24          25  0.982633278366523     
          24          26  0.983674112598937     
          24          27  0.983170099159943     
          23          28  0.990034684880008     
          28          29  0.984052884186747     
          28          30  0.984092410824515     
          28          31  0.984731326528647     
          23          32  0.940876450998364     
          21          33   1.10638842374040     
          32          33  0.939015287170099     
          32          34  0.990871047775445     
          34          35  0.981713741289889     
          34          36  0.983658444742457     
          34          37  0.982006838643708     
          32          38  0.996933657321435     
          38          39  0.983195473470788     
          38          40  0.982734007189389     
          38          41  0.983764897812620     
          19          42  0.855774280507423     
          42          43   1.12484298718965     
          43          44  0.935228175922467     
          44          45  0.996628685708022     
          45          46  0.981992986736915     
          45          47  0.982198421834453     
          45          48  0.983107148241403     
          44          49  0.990607360181697     
          49          50  0.983593527244926     
          49          51  0.982626853247738     
          49          52  0.980563534930991     
          44          53  0.940367071601541     
          42          54   1.10368570295847     
          53          54  0.933223717306852     
          53          55  0.997014127016472     
          55          56  0.982619141150152     
          55          57  0.982888702190542     
          55          58  0.983182645826313     
          53          59  0.991072518474189     
          59          60  0.980744945188135     
          59          61  0.983244543333347     
          59          62  0.983460149386256     
          19          63  0.867487501593587     
          63          64   1.11693749780732     
          64          65  0.937198010177565     
          65          66  0.991205450423968     
          66          67  0.978581775984251     
          66          68  0.982419850366499     
          66          69  0.983026243449772     
          65          70  0.996443600114015     
          70          71  0.982015390390830     
          70          72  0.983428757462984     
          70          73  0.982425663930660     
          65          74  0.937247253778966     
          63          75   1.11701279547201     
          74          75  0.936677970070798     
          74          76  0.995439411923641     
          76          77  0.983037311747510     
          76          78  0.982361870602043     
          76          79  0.981681168536734     
          74          80  0.991123836352746     
          80          81  0.984193251913773     
          80          82  0.983228772576733     
          80          83  0.983324420231014     
           4          84  0.969004116922329     
          14          85  0.969316902138733     
          19          86  0.591276346240795     
          20          86  0.345222348137296     
          86          87   1.30562540537514     
          86          88   1.43090681566724     
          87          89   1.50479159656234     
          87          90  0.963638064697558     
          88          91   1.33128145910080     
          89          92   1.32910163567653     
          91          92   1.21690369907783     
          89          93  0.966930720711308     
          91          94   1.19662358694579     
          92          95   1.22981256115029     
          94          96   1.19526955758496     
          95          96   1.60941653064289     
          94          97  0.928773122743910     
          95          98  0.973200557630948     
          96          99  0.969028311983042     
