   -0.10014507
    0.08307105
   -0.04189464
   -0.02275906
   -0.04312512
    0.04696908
    0.05354578
    0.05648271
    0.04960293
    0.08084868
   -0.10779300
    0.03874553
   -0.04584763
   -0.02544703
   -0.04480751
    0.04969172
    0.05026316
    0.07563079
   -0.16008769
    0.10696019
    0.40137120
   -0.40296959
    0.12889714
   -0.12257206
    0.05360363
    0.04505966
    0.05281376
   -0.11213690
    0.04814798
    0.04441186
    0.02950972
    0.12994532
   -0.40067953
   -0.12192090
    0.05291730
    0.04604861
    0.04850449
   -0.12069501
    0.04781919
    0.05255088
    0.04562648
    0.39920112
   -0.38651861
    0.12897338
   -0.12407182
    0.05267069
    0.05490332
    0.04828197
   -0.12151695
    0.04814799
    0.04607726
    0.05292205
    0.12751837
   -0.38363126
   -0.12453316
    0.05549623
    0.05386760
    0.04743119
   -0.11972046
    0.04132782
    0.05052763
    0.04805172
    0.39985729
   -0.38235186
    0.12521135
   -0.12900738
    0.05760820
    0.05167033
    0.04911646
   -0.12865213
    0.05886310
    0.04991753
    0.05227758
    0.12699874
   -0.37845349
   -0.12393545
    0.04997823
    0.05437205
    0.05389170
   -0.12219060
    0.04102607
    0.04939071
    0.05405297
    0.05446049
    0.05113396
   -0.03980705
    0.05533827
   -0.06944621
    0.03533420
   -0.31676638
    0.15193026
    0.05591806
   -0.09193741
   -0.14834673
    0.14554711
   -0.26985670
    0.05292020
    0.20495626
   -0.13570784
    0.07109329
    0.06885678
    0.07317385
