           1           2   1.31651573055841     
           2           3   1.35251578682069     
           3           4   1.47975775685649     
           4           5   1.38705431327925     
           1           6   1.39072516342464     
           3           6  0.106175146617416     
           5           6   1.45713383368544     
           6           7  0.956594945079799     
           5           8  0.968381185470914     
           3           9  0.961323973013034     
           2          10   1.08517585897691     
          10          11   1.30816864567086     
          11          12   1.39215930258781     
          12          13   1.45143682779848     
          13          14   1.39149969813523     
          10          15   1.35760299359572     
          12          15  0.104945606453374     
          14          15   1.47378521886302     
          15          16  0.961214015216130     
          13          17  0.969019812089950     
          12          18  0.946641088989769     
           1          19  0.457347586084150     
          11          19  0.446579662526205     
          19          20  0.525919779157881     
          19          21  0.747523545096625     
          21          22   1.09539638004418     
          22          23  0.942723244514779     
          23          24  0.996306719787610     
          24          25  0.982663463330020     
          24          26  0.983634528232908     
          24          27  0.983038607835599     
          23          28  0.990103923485766     
          28          29  0.984003842523828     
          28          30  0.983917757845084     
          28          31  0.985413449380909     
          23          32  0.940492014079218     
          21          33   1.11234040877549     
          32          33  0.939397127568615     
          32          34  0.990720622924072     
          34          35  0.980864233067894     
          34          36  0.983595862988777     
          34          37  0.982062964068521     
          32          38  0.996792269953437     
          38          39  0.983088025233827     
          38          40  0.982926647491154     
          38          41  0.983766847896358     
          19          42  0.858020664140354     
          42          43   1.11033079638535     
          43          44  0.937801703147715     
          44          45  0.996778412796198     
          45          46  0.982422874227727     
          45          47  0.981890459152253     
          45          48  0.983321913809634     
          44          49  0.990496115121116     
          49          50  0.983520017834418     
          49          51  0.981925407173292     
          49          52  0.980009413221838     
          44          53  0.939193224340663     
          42          54   1.10636332611559     
          53          54  0.936079684617317     
          53          55  0.995891279740478     
          55          56  0.982349373165349     
          55          57  0.982904810331141     
          55          58  0.983330376325008     
          53          59  0.991371169950652     
          59          60  0.982892454855386     
          59          61  0.983315776296584     
          59          62  0.983256596075028     
          19          63  0.859721906069075     
          63          64   1.10366489339933     
          64          65  0.939387814419035     
          65          66  0.991045159843881     
          66          67  0.978834781652249     
          66          68  0.982805635274472     
          66          69  0.983269458566848     
          65          70  0.996209270532236     
          70          71  0.982236723225006     
          70          72  0.983575127952006     
          70          73  0.982325318165650     
          65          74  0.937908276810991     
          63          75   1.11859088420263     
          74          75  0.937376634365715     
          74          76  0.995872820782373     
          76          77  0.983110001743709     
          76          78  0.982148390643504     
          76          79  0.981039186724415     
          74          80  0.990839307607985     
          80          81  0.984038034748543     
          80          82  0.983139251932926     
          80          83  0.983382431332663     
           4          84  0.968613670159075     
          14          85  0.968771378075069     
          19          86  0.576375129307846     
          20          86  0.353211844985504     
          86          87   1.29539655795654     
          86          88   1.41256093568516     
          87          89   1.25030052870570     
          87          90   1.19677762581834     
          88          91   1.37319894564019     
          88          92  0.958478758012409     
          89          93   1.33869037999489     
          91          93   1.41995465153131     
          89          94   1.16289155959407     
          90          94  0.106455713008617     
          90          95   1.56572797263536     
          94          95   1.19488231719266     
          91          96  0.918673640882680     
          93          97  0.964585501203694     
          94          98  0.927603897620556     
          95          99   1.02986002771788     
          99         100  0.980865155267983     
          99         101  0.967990036060572     
          99         102  0.965015311862772     
