   -0.10820488
    0.08100552
   -0.04152086
   -0.02061319
   -0.04189040
    0.04811490
    0.05575895
    0.06133921
    0.05289168
    0.07952997
   -0.11542357
    0.04254083
   -0.04285769
   -0.02160595
   -0.04302085
    0.05171714
    0.05432764
    0.07423111
   -0.15606542
    0.08847072
    0.40350921
   -0.40369540
    0.12941423
   -0.12364208
    0.05545073
    0.04666070
    0.05293366
   -0.11111368
    0.04954328
    0.04297898
    0.02845369
    0.13002360
   -0.39854586
   -0.12226696
    0.05057991
    0.04858183
    0.05142877
   -0.12152484
    0.04817160
    0.05474419
    0.04704668
    0.39916060
   -0.38141144
    0.12815697
   -0.12730907
    0.05556753
    0.05796187
    0.05151641
   -0.12345032
    0.05090240
    0.04789938
    0.05380433
    0.12776629
   -0.38685567
   -0.12499302
    0.05546840
    0.05423678
    0.05030461
   -0.12318054
    0.04379656
    0.05511343
    0.04886933
    0.39987563
   -0.38035718
    0.12493987
   -0.13159436
    0.05987800
    0.05368031
    0.05207066
   -0.12946744
    0.06002268
    0.05237047
    0.05203378
    0.12611113
   -0.37471535
   -0.12591556
    0.05231707
    0.05567923
    0.05579249
   -0.12396460
    0.04074121
    0.05287089
    0.05591184
    0.05879650
    0.05500155
    0.03940455
   -0.23958063
    0.04149461
    0.14980462
   -0.22893386
    0.05458329
   -0.19521438
    0.07416250
   -0.13144893
    0.07059467
    0.08128552
    0.07098729
