           1           2   1.32063318615236     
           2           3   1.35300517763411     
           3           4   1.47888545374396     
           4           5   1.38957688834425     
           1           6   1.39102961894752     
           3           6  0.106154768230233     
           5           6   1.45600408191850     
           6           7  0.955660920828528     
           5           8  0.967743880596389     
           3           9  0.961028330946718     
           2          10   1.08311025740614     
          10          11   1.31499654663166     
          11          12   1.39449429420133     
          12          13   1.45029661758171     
          13          14   1.39432601792386     
          10          15   1.35767770517482     
          12          15  0.105495153746361     
          14          15   1.47392251496203     
          15          16  0.961039414379359     
          13          17  0.968584861288997     
          12          18  0.946821143755421     
           1          19  0.448310359989713     
          11          19  0.425888139582956     
          19          20  0.523422323265985     
          19          21  0.743693907727791     
          21          22   1.09719727909004     
          22          23  0.940399072614001     
          23          24  0.996799380021567     
          24          25  0.982487582812649     
          24          26  0.983373349223198     
          24          27  0.983042752454438     
          23          28  0.990200443767566     
          28          29  0.983809886195277     
          28          30  0.983951701595056     
          28          31  0.985332754456715     
          23          32  0.941305787780224     
          21          33   1.11815294113857     
          32          33  0.936620040546079     
          32          34  0.990987563087090     
          34          35  0.982400580544517     
          34          36  0.983470430820252     
          34          37  0.982282719049782     
          32          38  0.997181762489353     
          38          39  0.983026882117426     
          38          40  0.982587479852063     
          38          41  0.983465816069245     
          19          42  0.848680521743937     
          42          43   1.12474116059061     
          43          44  0.933204434822995     
          44          45  0.997069526784616     
          45          46  0.982133155494306     
          45          47  0.981473466312226     
          45          48  0.982799227079783     
          44          49  0.991064140144822     
          49          50  0.983145487516710     
          49          51  0.982524620407931     
          49          52  0.979863576497853     
          44          53  0.939412439746852     
          42          54   1.10690663659926     
          53          54  0.931523923713732     
          53          55  0.996367779147791     
          55          56  0.982290402723455     
          55          57  0.982756416965348     
          55          58  0.982904669200829     
          53          59  0.991931788426354     
          59          60  0.982407430918657     
          59          61  0.982623603009301     
          59          62  0.983062142925833     
          19          63  0.862133368674622     
          63          64   1.11275979640716     
          64          65  0.935819454561507     
          65          66  0.991489355828422     
          66          67  0.978268463255626     
          66          68  0.982524842664198     
          66          69  0.982747254941280     
          65          70  0.996506576529829     
          70          71  0.981976376441158     
          70          72  0.983195313439119     
          70          73  0.982158825521505     
          65          74  0.937430536123015     
          63          75   1.12880260654994     
          74          75  0.933798721536707     
          74          76  0.995826229571835     
          76          77  0.982702063782889     
          76          78  0.982121628709937     
          76          79  0.981656204153680     
          74          80  0.991724891725260     
          80          81  0.983663249552137     
          80          82  0.982836179004477     
          80          83  0.983035082803329     
           4          84  0.968083308828938     
          14          85  0.968331321406047     
          19          86  0.597979449492081     
          20          86  0.345120411440807     
          86          87   1.36450225966280     
          86          88   1.31622319464144     
          87          89   1.42642489832321     
          88          89  0.108791313406299     
          88          90   1.47353188873900     
          88          91  0.955165040963133     
          89          92  0.941071782754484     
          89          93   1.34305108928439     
          90          93   1.37210578476081     
          93          94   1.02788103369340     
          94          95  0.964620838159829     
          94          96  0.980829733671059     
          94          97  0.963925610173478     
