   -0.12031634
    0.07754421
   -0.04224588
   -0.02158402
   -0.04278586
    0.04886063
    0.05163115
    0.05757909
    0.04871741
    0.07405806
   -0.12184900
    0.04260617
   -0.04398298
   -0.02317564
   -0.04430808
    0.04758866
    0.05417197
    0.07649153
   -0.16472235
    0.09224491
    0.40579300
   -0.41103798
    0.13066613
   -0.12108741
    0.05309792
    0.04530271
    0.05072378
   -0.10873004
    0.04786891
    0.04073519
    0.02830939
    0.13116727
   -0.40112679
   -0.11912246
    0.04818280
    0.04656423
    0.04989800
   -0.11966128
    0.04769527
    0.05339818
    0.04546285
    0.40415062
   -0.38160745
    0.12901232
   -0.12453310
    0.05497020
    0.05514329
    0.04936576
   -0.12108780
    0.04817152
    0.04367731
    0.05382145
    0.12830033
   -0.38241110
   -0.12336281
    0.05362319
    0.05382630
    0.04801193
   -0.11977294
    0.04591524
    0.05085894
    0.04733684
    0.40439857
   -0.37714893
    0.12549186
   -0.12817337
    0.05779418
    0.05326373
    0.04960835
   -0.12853284
    0.05974962
    0.05086715
    0.05140791
    0.12704398
   -0.38216915
   -0.12337601
    0.05071891
    0.05377125
    0.05388475
   -0.12200077
    0.03911371
    0.05026778
    0.05472095
    0.05520290
    0.05282037
   -0.03321305
   -0.02415680
   -0.05299473
   -0.08975658
    0.02349520
    0.01062345
    0.04104886
    0.08045888
   -0.21643559
   -0.21376385
    0.05685849
   -0.00174250
   -0.00639892
   -0.06157994
    0.04570787
    0.06380517
    0.05509556
    0.06565712
    0.05814013
    0.06639296
