           1           2   1.31133685787414     
           2           3   1.35006283434365     
           3           4   1.48204032003887     
           4           5   1.38364033325579     
           1           6   1.38826177000037     
           3           6  0.105777715047136     
           5           6   1.45983355930011     
           6           7  0.956827890165219     
           5           8  0.968242917855134     
           3           9  0.961454620276494     
           2          10   1.09015075100579     
          10          11   1.30557522146991     
          11          12   1.38568065848354     
          12          13   1.45703027752335     
          13          14   1.38605347037724     
          10          15   1.35368534493786     
          12          15  0.105121794417731     
          14          15   1.47815156043958     
          15          16  0.961435625208818     
          13          17  0.968590167269655     
          12          18  0.947330978596004     
           1          19  0.447263878780905     
          11          19  0.445793445226863     
          19          20  0.561951745157865     
          19          21  0.726287071404633     
          21          22   1.08902550859252     
          22          23  0.942053991714692     
          23          24  0.996750053916430     
          24          25  0.982727702574448     
          24          26  0.983519433520321     
          24          27  0.983250872316320     
          23          28  0.990030029379735     
          28          29  0.983978776905899     
          28          30  0.984039974561108     
          28          31  0.985326941602387     
          23          32  0.941270316104870     
          21          33   1.11542155022606     
          32          33  0.938365641924978     
          32          34  0.990967247115639     
          34          35  0.982508871405151     
          34          36  0.983608525967378     
          34          37  0.982245279946983     
          32          38  0.996849690967150     
          38          39  0.983092987525026     
          38          40  0.982631627393194     
          38          41  0.983630278706911     
          19          42  0.857263352213655     
          42          43   1.11893064401414     
          43          44  0.936255788986268     
          44          45  0.996542925356966     
          45          46  0.981929531511175     
          45          47  0.981443298839914     
          45          48  0.983097925865860     
          44          49  0.990733882898061     
          49          50  0.983281323116846     
          49          51  0.982078382364977     
          49          52  0.978751985153977     
          44          53  0.938346512745126     
          42          54   1.10912692489700     
          53          54  0.934239163199680     
          53          55  0.995754228638079     
          55          56  0.982324396690865     
          55          57  0.982834424393958     
          55          58  0.983060098681751     
          53          59  0.992137320533886     
          59          60  0.980636135188311     
          59          61  0.983060002760034     
          59          62  0.982964508821674     
          19          63  0.854163363304694     
          63          64   1.11331891024321     
          64          65  0.938181343166894     
          65          66  0.991424613089627     
          66          67  0.978361593808432     
          66          68  0.982574837194176     
          66          69  0.983030200389522     
          65          70  0.996127272182906     
          70          71  0.982047072898818     
          70          72  0.983411003062182     
          70          73  0.982293251271884     
          65          74  0.937501286523158     
          63          75   1.11539558045697     
          74          75  0.935988431004670     
          74          76  0.996014223950167     
          76          77  0.982931317440039     
          76          78  0.982190936288743     
          76          79  0.981284786875624     
          74          80  0.991216453909051     
          80          81  0.983729847688753     
          80          82  0.983166237461296     
          80          83  0.983204115545267     
           4          84  0.968539125515299     
          14          85  0.968643699062996     
          19          86  0.585052460934859     
          20          86  0.318636089980345     
          86          87   1.59692769428661     
          86          88   1.22115119357653     
          87          89   1.12515122340957     
          87          90  0.968514312644780     
          87          91  0.109531730741999     
          88          91   1.60366790974981     
          89          91   1.13671900226265     
          88          92  0.957571388795259     
          91          93   1.02641835316938     
          93          94  0.952702464566098     
          93          95  0.983159097279055     
          93          96  0.945110776730744     
          94          97  0.990008277914142     
          95          98  0.986062514130612     
          97          99   1.01414075047682     
          98          99   1.01512979805667     
          97         100  0.971871835482207     
          97         101  0.968286265037471     
          98         102  0.967548616912332     
          98         103  0.966446918230433     
          99         104  0.960398577424736     
          99         105  0.972254874007351     
