   -0.12045230
    0.07742719
   -0.04278230
   -0.02192052
   -0.04350652
    0.04731956
    0.05278317
    0.05749779
    0.04911986
    0.07431666
   -0.12782789
    0.04234272
   -0.04448239
   -0.02376838
   -0.04431265
    0.04702098
    0.05174793
    0.07372655
   -0.15002749
    0.08381386
    0.40417618
   -0.40997177
    0.13040414
   -0.12167282
    0.05353733
    0.04544457
    0.05128720
   -0.10938762
    0.04793768
    0.04147479
    0.02859265
    0.13078333
   -0.40013539
   -0.12021514
    0.04962620
    0.04670354
    0.05004869
   -0.11983441
    0.04755615
    0.05325456
    0.04555882
    0.40310262
   -0.38193758
    0.12863734
   -0.12551612
    0.05673930
    0.05588431
    0.04740633
   -0.12192704
    0.04834316
    0.04475627
    0.05368288
    0.12819686
   -0.38366512
   -0.12342620
    0.05457964
    0.05343665
    0.04837165
   -0.11657480
    0.03963750
    0.05165061
    0.04746218
    0.40252569
   -0.37658670
    0.12511037
   -0.12930112
    0.05863658
    0.05301063
    0.05052568
   -0.12947015
    0.06076172
    0.05143259
    0.05246212
    0.12684988
   -0.38006586
   -0.12457648
    0.05136669
    0.05431552
    0.05475198
   -0.12275157
    0.04048152
    0.05077509
    0.05531964
    0.05498730
    0.05137233
   -0.00898423
   -0.04370594
   -0.05503619
    0.04950382
    0.02925872
    0.08636325
    0.04955940
   -0.26633816
    0.03253982
   -0.02445607
   -0.00092694
    0.06898461
    0.08019760
   -0.02944090
   -0.02817124
   -0.07477566
    0.02594756
   -0.07373927
    0.02794084
    0.01704365
    0.01425693
