           1           2   1.31103799140710     
           2           3   1.34696517328206     
           3           4   1.48512614538895     
           4           5   1.38059638067421     
           1           6   1.38593246123688     
           3           6  0.106148616872080     
           5           6   1.46243058166756     
           6           7  0.956341181969072     
           5           8  0.968231006450700     
           3           9  0.961394198873825     
           2          10   1.09260399660942     
          10          11   1.30248324632602     
          11          12   1.38543011906378     
          12          13   1.45835471703251     
          13          14   1.38426491502474     
          10          15   1.35309282184463     
          12          15  0.105081965536948     
          14          15   1.47892941811694     
          15          16  0.961409925679298     
          13          17  0.968876557809295     
          12          18  0.948485536468648     
           1          19  0.449595111686067     
          11          19  0.431540342868157     
          19          20  0.541130536615543     
          19          21  0.711726355985426     
          21          22   1.09172117109214     
          22          23  0.941535750416903     
          23          24  0.996747879791751     
          24          25  0.982680107191018     
          24          26  0.983475056897291     
          24          27  0.983195430658228     
          23          28  0.990261214332255     
          28          29  0.983900251873637     
          28          30  0.983866071397579     
          28          31  0.985142455663418     
          23          32  0.941072024680236     
          21          33   1.11684034518631     
          32          33  0.938439734393591     
          32          34  0.990873456945480     
          34          35  0.982051135875888     
          34          36  0.983610656745345     
          34          37  0.982347780901493     
          32          38  0.996762554377720     
          38          39  0.983078332145004     
          38          40  0.982612946363787     
          38          41  0.983642098236523     
          19          42  0.849349040719239     
          42          43   1.11947340289776     
          43          44  0.934681974525925     
          44          45  0.997424092713234     
          45          46  0.977592754547250     
          45          47  0.981838519838590     
          45          48  0.983190962512855     
          44          49  0.990819758921304     
          49          50  0.983348377468875     
          49          51  0.982404647671271     
          49          52  0.979159813881729     
          44          53  0.939443877008070     
          42          54   1.10967628602168     
          53          54  0.933508445909811     
          53          55  0.996292962977419     
          55          56  0.982317961539151     
          55          57  0.982891271358765     
          55          58  0.983126191198611     
          53          59  0.992197698975389     
          59          60  0.982570695831354     
          59          61  0.982588888880878     
          59          62  0.983034165931839     
          19          63  0.863986560693988     
          63          64   1.11474395671714     
          64          65  0.937000458874437     
          65          66  0.991353904768058     
          66          67  0.978634538338820     
          66          68  0.982578306888496     
          66          69  0.982839219682438     
          65          70  0.996571699217628     
          70          71  0.981879956084916     
          70          72  0.983251155699730     
          70          73  0.982147249652764     
          65          74  0.937632162810685     
          63          75   1.12212258176538     
          74          75  0.934181955485833     
          74          76  0.995975432441571     
          76          77  0.982708625245554     
          76          78  0.981982381391899     
          76          79  0.981502934500419     
          74          80  0.991616648789417     
          80          81  0.983720257410208     
          80          82  0.983044537533070     
          80          83  0.983083965767108     
           4          84  0.968555950259737     
          14          85  0.968778886927832     
          19          86  0.609343010907261     
          20          86  0.335602620580898     
          86          87   1.37306855071895     
          86          88   1.37324646144197     
          87          89   1.43402138980022     
          88          89  0.102428535059780     
          87          90  0.962629983544149     
          88          91   1.42498355304769     
          88          92  0.960911899836984     
          89          93   1.42641438012387     
          91          93   1.39071591464998     
          89          94  0.961811584366909     
          91          95  0.981764207663864     
          95          96  0.988976506732603     
          95          97  0.961865068695402     
          95          98  0.962850012827009     
          96          99   1.22803298546746     
          96         100   1.22904603961399     
          99         100  0.129877266466474     
          99         101   1.54044398450235     
          99         102  0.969411600490714     
         100         103   1.54650001572744     
         101         103   1.33252128064959     
         100         104  0.970743727296303     
         101         105  0.975020804525709     
         103         106  0.975443783282211     
