           1           2   1.43106691715906     
           2           3   1.41827861546842     
           3           4   1.41157179247240     
           4           5  0.944423279249457     
           5           6  0.953352976128494     
           5           7  0.941760137170814     
           5           8  0.941985456561073     
           2           9  0.120069958677378     
           4           9   1.42917560014069     
           1          10   1.42519026497011     
           3          10  0.102712231087016     
           9          10   1.36950869731056     
          10          11   1.00158728145757     
           2          12  0.953650788124000     
           3          13  0.960518818262492     
           9          14  0.960032529341638     
