   -0.12253598
    0.08105026
   -0.04127205
   -0.02011484
   -0.04174733
    0.05014050
    0.05521961
    0.05951878
    0.04794249
    0.07812144
   -0.12751612
    0.04741800
   -0.03619247
   -0.01268743
   -0.04106754
    0.04955254
    0.05094642
    0.07037709
   -0.15509878
    0.08672461
    0.39908513
   -0.40698761
    0.12987989
   -0.12188949
    0.05456382
    0.04566329
    0.05026156
   -0.11063894
    0.04788103
    0.04144717
    0.02950938
    0.13046205
   -0.40187765
   -0.12139809
    0.05066124
    0.04742775
    0.04967624
   -0.12015933
    0.04701647
    0.05329700
    0.04565103
    0.40287557
   -0.37875825
    0.12774019
   -0.12725164
    0.05422841
    0.05883382
    0.05065606
   -0.12343494
    0.04960251
    0.04697095
    0.05409636
    0.12786630
   -0.38510824
   -0.12401948
    0.05419302
    0.05318803
    0.04946304
   -0.12195706
    0.04156566
    0.05431595
    0.04895855
    0.39941690
   -0.37601084
    0.12491300
   -0.13027622
    0.05810203
    0.05438519
    0.05067119
   -0.12999828
    0.06054366
    0.05132738
    0.05287179
    0.12633180
   -0.38100242
   -0.12541235
    0.05165204
    0.05427162
    0.05525518
   -0.12383014
    0.03982642
    0.05250212
    0.05533404
    0.05575216
    0.05353935
   -0.01140986
   -0.03000812
   -0.04512125
    0.05517114
    0.02932553
    0.05161263
    0.05073197
    0.25206549
   -0.26119614
    0.04160906
   -0.52851998
   -0.08060226
   -0.00810097
   -0.00029444
   -0.12590744
    0.06480996
    0.05955033
   -0.11662185
    0.06445420
    0.05766107
    0.06405711
    0.05825068
    0.04725053
    0.04618399
    0.05526135
    0.04728570
