           1           2   1.32588612097017     
           2           3   1.35849892507709     
           3           4   1.47338235934091     
           4           5   1.39427737135339     
           1           6   1.39297952858711     
           3           6  0.105973344177520     
           5           6   1.45308891415262     
           6           7  0.956235748130728     
           5           8  0.968026766273123     
           3           9  0.963052908476254     
           2          10   1.07569666894212     
          10          11   1.32405542569823     
          11          12   1.39942789594852     
          12          13   1.44680143949638     
          13          14   1.40000657777993     
          10          15   1.36158244955507     
          12          15  0.105053495037454     
          14          15   1.46963449113144     
          15          16  0.962770412545329     
          13          17  0.968908954967952     
          12          18  0.948845523388156     
           1          19  0.410434890257949     
          11          19  0.400650909216105     
          19          20  0.517881176079384     
          19          21  0.752682037592515     
          21          22   1.09245202882206     
          22          23  0.942741456832932     
          23          24  0.996359577318084     
          24          25  0.982532036352648     
          24          26  0.983623344048484     
          24          27  0.983334084972552     
          23          28  0.989929379160991     
          28          29  0.983996721794863     
          28          30  0.984093544311279     
          28          31  0.985529149150093     
          23          32  0.941053121141939     
          21          33   1.11216659953401     
          32          33  0.939295429750083     
          32          34  0.990686826586002     
          34          35  0.982299027637774     
          34          36  0.983629401176181     
          34          37  0.982491222627490     
          32          38  0.996832012954159     
          38          39  0.983208262678988     
          38          40  0.982637378626046     
          38          41  0.983674586417419     
          19          42  0.865188455624863     
          42          43   1.12429456756625     
          43          44  0.935536943890437     
          44          45  0.996585135377910     
          45          46  0.982129904224234     
          45          47  0.981451594675130     
          45          48  0.983143535226135     
          44          49  0.991096533712300     
          49          50  0.983158509978631     
          49          51  0.982901161232508     
          49          52  0.979178785806258     
          44          53  0.937866655131394     
          42          54   1.10508376398840     
          53          54  0.934504022805286     
          53          55  0.995983432273143     
          55          56  0.982325243345100     
          55          57  0.982810139080793     
          55          58  0.983037213164032     
          53          59  0.991674864560810     
          59          60  0.982878478807547     
          59          61  0.982916400146442     
          59          62  0.983118356536923     
          19          63  0.876091169898372     
          63          64   1.11329094082249     
          64          65  0.938154874620819     
          65          66  0.991131004247210     
          66          67  0.978774012256398     
          66          68  0.982475927812962     
          66          69  0.982981024750119     
          65          70  0.996245778244925     
          70          71  0.981959536768124     
          70          72  0.983369492083384     
          70          73  0.982185355364321     
          65          74  0.937859449274761     
          63          75   1.11619787522966     
          74          75  0.935121004769234     
          74          76  0.996182703575623     
          76          77  0.982756788637834     
          76          78  0.982285070416469     
          76          79  0.982255585093646     
          74          80  0.991370429946270     
          80          81  0.983448585487212     
          80          82  0.982995643377330     
          80          83  0.983098479044543     
           4          84  0.968377973358148     
          14          85  0.968436766792884     
          19          86  0.583171301050249     
          20          86  0.361843987310571     
          86          87   1.38938793690072     
          86          88   1.36493398778431     
          87          89   1.39055027455952     
          87          90  0.962048659327205     
          88          91   1.44033746717482     
          88          92  0.960958212286069     
          89          93  0.980749218106991     
          89          94   1.38083844550354     
          91          94   1.41809655332334     
          91          95  0.960829272374151     
          93          96   1.57391934961572     
          93          97   1.29641442502046     
          96          97  0.195874339258409     
          97          98  0.982426719392801     
          97          99  0.977789103377180     
          98         100   1.00648179270427     
          98         101  0.965001604769336     
          98         102  0.967756272849103     
          99         103   1.00816364039062     
          99         104  0.968171416440249     
          99         105  0.969337096403076     
         100         106  0.982063997452049     
         100         107  0.983028477264193     
         100         108  0.984667767255804     
         103         109  0.987274011322711     
         103         110  0.983514337406470     
         103         111  0.985056596375571     
