           1           2   1.14839048048973     
           2           3   1.03564296951787     
           2           4   1.50597363765681     
           4           5   1.35784255837931     
           1           6   1.07880054925625     
           2           6  0.120950689523882     
           5           6   1.47573561563822     
           6           7   1.09499361795058     
           7           8   1.73008280083678     
           7           9   1.00779740744936     
           3          10  0.979756497276044     
           3          11  0.961297624701236     
           3          12  0.961348137283400     
           4          13  0.971997743823486     
           5          14  0.972015270824502     
           9          15  0.983103798640792     
           9          16  0.956500809581256     
           9          17  0.956271732244337     
