   -0.10416998
    0.08577317
   -0.04113593
   -0.02053850
   -0.04137545
    0.05073982
    0.05444097
    0.05942256
    0.05060095
    0.07966758
   -0.13434820
    0.04450098
   -0.04442298
   -0.02504649
   -0.04415004
    0.05183999
    0.05510090
    0.07184639
   -0.16025199
    0.11750601
    0.40651644
   -0.40418908
    0.12931520
   -0.12322048
    0.05443336
    0.04743178
    0.05351586
   -0.11207038
    0.05071500
    0.04430640
    0.02819110
    0.13001514
   -0.39956118
   -0.12438879
    0.05534198
    0.04821039
    0.05057096
   -0.12164519
    0.04751458
    0.05464321
    0.04790536
    0.40052112
   -0.38271398
    0.12812525
   -0.12672427
    0.05462530
    0.05775266
    0.05098212
   -0.12326063
    0.05075913
    0.04828090
    0.05262142
    0.12765236
   -0.38344039
   -0.12547911
    0.05592379
    0.05472456
    0.04996990
   -0.12196130
    0.04253100
    0.05402369
    0.04763785
    0.40313795
   -0.37931656
    0.12485429
   -0.13177102
    0.05872338
    0.05427286
    0.05278919
   -0.13012926
    0.06100244
    0.05254069
    0.05304030
    0.12696787
   -0.37458393
   -0.12617221
    0.05307220
    0.05626342
    0.05628577
   -0.12307656
    0.04136803
    0.05013181
    0.05688435
    0.05768083
    0.05491568
   -0.00099925
   -0.07972661
   -0.08131703
    0.13203231
    0.42340038
   -0.01764779
    0.04657333
   -0.27263008
   -0.47238829
   -0.28738681
   -0.03004444
    0.04346614
    0.15738004
   -0.05558991
    0.04164051
    0.03778625
   -0.12084538
   -0.12577703
   -0.13298053
    0.04278686
    0.05106974
    0.04213354
    0.06413918
    0.05257325
    0.06348255
    0.05326272
    0.05950331
    0.06851238
    0.06660630
