           1           2   1.32055968656628     
           2           3   1.35245662276764     
           3           4   1.47776281796355     
           4           5   1.39213733640380     
           1           6   1.39590001122598     
           3           6  0.106090749271709     
           5           6   1.45268484218620     
           6           7  0.956936316154666     
           5           8  0.968043631839591     
           3           9  0.961731248015165     
           2          10   1.08317942742310     
          10          11   1.30634176365826     
          11          12   1.38467572177766     
          12          13   1.45433227043195     
          13          14   1.39121628284463     
          10          15   1.36053377958020     
          12          15  0.104658851939790     
          14          15   1.46971991285508     
          15          16  0.961550770983751     
          13          17  0.968466931902015     
          12          18  0.949586061284408     
           1          19  0.438808980967806     
          11          19  0.434659715605655     
          19          20  0.541839615559131     
          19          21  0.745167787159748     
          21          22   1.10005369570936     
          22          23  0.939425032274156     
          23          24  0.996416165503248     
          24          25  0.982477164701363     
          24          26  0.983328261543821     
          24          27  0.982921073364218     
          23          28  0.990563862287335     
          28          29  0.983709009554802     
          28          30  0.983780446017742     
          28          31  0.984807260695038     
          23          32  0.940562854539284     
          21          33   1.11922422817924     
          32          33  0.935731397957336     
          32          34  0.991161077871098     
          34          35  0.979694958258479     
          34          36  0.983253869005897     
          34          37  0.981786100126818     
          32          38  0.997123764074411     
          38          39  0.982984618201763     
          38          40  0.982657655170103     
          38          41  0.983456297619576     
          19          42  0.852263311902834     
          42          43   1.11902806918698     
          43          44  0.934072959166244     
          44          45  0.997046082632155     
          45          46  0.982293321842798     
          45          47  0.981809401817959     
          45          48  0.982999829749988     
          44          49  0.990954199136802     
          49          50  0.983260935520322     
          49          51  0.981989572734537     
          49          52  0.980030862982295     
          44          53  0.939609025718579     
          42          54   1.11277119292399     
          53          54  0.932806742685171     
          53          55  0.996543687303016     
          55          56  0.982255076642663     
          55          57  0.982783499930190     
          55          58  0.982984362688189     
          53          59  0.991593537418717     
          59          60  0.982253251863805     
          59          61  0.982948554436425     
          59          62  0.983279765734152     
          19          63  0.856767656393450     
          63          64   1.10956018174549     
          64          65  0.935083596650470     
          65          66  0.991061483994809     
          66          67  0.979204076287060     
          66          68  0.982520603313592     
          66          69  0.982807703808058     
          65          70  0.996727752446215     
          70          71  0.981899290715388     
          70          72  0.983154048218481     
          70          73  0.982211899409174     
          65          74  0.938538064078542     
          63          75   1.12969262116484     
          74          75  0.931963580208764     
          74          76  0.996324039235919     
          76          77  0.982552340759379     
          76          78  0.981776447426097     
          76          79  0.981140439469451     
          74          80  0.991492517546420     
          80          81  0.984047090484899     
          80          82  0.982894130849215     
          80          83  0.982908726592066     
           4          84  0.968206515372427     
          14          85  0.968345058588882     
          19          86  0.586663452022172     
          20          86  0.343067488309162     
          86          87   1.08164573171218     
          86          88   1.57020790199028     
          87          89   1.08825945841167     
          87          90   1.07026034160945     
          88          91   1.20794771785750     
          89          91   1.21768288361710     
          88          92  0.964994013289071     
          89          93   1.40111523775282     
          90          94   1.63419804862139     
          90          95   1.14836222723012     
          94          95  0.155607014268738     
          91          96   1.35223677076696     
          93          97   1.41470025407746     
          95          98  0.874698659276628     
          96          99   1.46297038207241     
          97          99   1.40499854898087     
          96         100  0.968002781509901     
          97         101  0.964983142699292     
          98         102  0.995760683391454     
          98         103  0.995698640043054     
          98         104  0.995300609482139     
          99         105  0.969691049870235     
         102         106  0.980770879402176     
         102         107  0.982813402289760     
         102         108  0.981601298405161     
         103         109  0.982545630409756     
         103         110  0.981605583059217     
         103         111  0.984394941483143     
         104         112  0.983694283847497     
         104         113  0.982299017358050     
         104         114  0.981825494620109     
