   -0.12324611
    0.07531725
   -0.04284500
   -0.02369442
   -0.04426807
    0.04815762
    0.05011561
    0.05297114
    0.04401437
    0.07092900
   -0.12661655
    0.04160078
   -0.04676809
   -0.02605184
   -0.04705050
    0.04421471
    0.05066154
    0.07217505
   -0.16613691
    0.10075196
    0.40023152
   -0.41219259
    0.13051139
   -0.12027521
    0.05235993
    0.04390830
    0.04926869
   -0.10872642
    0.04624661
    0.04026998
    0.02868694
    0.13086113
   -0.40361521
   -0.11917186
    0.04845207
    0.04508715
    0.04893888
   -0.11931886
    0.04699421
    0.05232527
    0.04404624
    0.40373270
   -0.38195456
    0.12804561
   -0.12612757
    0.05453558
    0.05571912
    0.04896060
   -0.12188109
    0.04763175
    0.04431949
    0.05352452
    0.12723120
   -0.38189813
   -0.12404690
    0.05308149
    0.05386489
    0.04736194
   -0.12399228
    0.04622456
    0.05166147
    0.04961940
    0.39842676
   -0.37791552
    0.12488750
   -0.13068167
    0.05913396
    0.05397743
    0.04869883
   -0.12889428
    0.06021414
    0.04955302
    0.05152565
    0.12674183
   -0.38383921
   -0.12356321
    0.04960079
    0.05246679
    0.05423333
   -0.12164190
    0.03938522
    0.04921216
    0.05342665
    0.04999823
    0.04931157
   -0.05588397
   -0.04690822
   -0.07576860
    0.12260822
    0.02458820
   -0.04622795
    0.03370849
   -0.33882617
    0.04596116
    0.55693498
   -0.21580596
   -0.21226650
   -0.21874981
    0.03929112
    0.04936298
    0.04579807
    0.03090185
    0.04139871
    0.04212230
    0.05029817
    0.05048513
    0.03798623
