           1           2   1.30434170779093     
           2           3   1.34739654067243     
           3           4   1.48482673424185     
           4           5   1.37776162934322     
           1           6   1.38470622788799     
           3           6  0.105725043284704     
           5           6   1.46350167751731     
           6           7  0.956947389544876     
           5           8  0.968800808514075     
           3           9  0.962305092693623     
           2          10   1.09466023897902     
          10          11   1.30171221985256     
          11          12   1.38455446570814     
          12          13   1.46024235075070     
          13          14   1.37810831339229     
          10          15   1.34964695727453     
          12          15  0.105304773862949     
          14          15   1.48190148602383     
          15          16  0.962190012773392     
          13          17  0.968843125855093     
          12          18  0.948253420698803     
           1          19  0.449877853804501     
          11          19  0.447815988595440     
          19          20  0.532082435685226     
          19          21  0.734014604208285     
          21          22   1.08438113093205     
          22          23  0.944972166895767     
          23          24  0.996257145999148     
          24          25  0.982863875035161     
          24          26  0.983795718442877     
          24          27  0.983461242644769     
          23          28  0.989564347113521     
          28          29  0.984259895891849     
          28          30  0.984203592077599     
          28          31  0.985513842466431     
          23          32  0.941045341250064     
          21          33   1.10840628831182     
          32          33  0.941381064407510     
          32          34  0.990557600607130     
          34          35  0.982613092484965     
          34          36  0.983844718456555     
          34          37  0.982493899118173     
          32          38  0.996510071817676     
          38          39  0.983225986545994     
          38          40  0.982845082774165     
          38          41  0.983905427801173     
          19          42  0.868713709214096     
          42          43   1.11611716544348     
          43          44  0.937899019867828     
          44          45  0.996410949916170     
          45          46  0.982324544550794     
          45          47  0.981908956899667     
          45          48  0.983301453376083     
          44          49  0.990688828713685     
          49          50  0.983475986628380     
          49          51  0.982783378042681     
          49          52  0.979085432771263     
          44          53  0.938156364282680     
          42          54   1.10417116337951     
          53          54  0.937586902947966     
          53          55  0.995753441697482     
          55          56  0.982489809464488     
          55          57  0.982816552504248     
          55          58  0.983364887504524     
          53          59  0.991316419448201     
          59          60  0.982519633955087     
          59          61  0.983203436349741     
          59          62  0.983138264218316     
          19          63  0.877513517793678     
          63          64   1.10977434930587     
          64          65  0.940243460074637     
          65          66  0.990812572479029     
          66          67  0.978318734179933     
          66          68  0.982561498307525     
          66          69  0.983250170802481     
          65          70  0.996210336301422     
          70          71  0.982049120435410     
          70          72  0.983614224609980     
          70          73  0.982340238151721     
          65          74  0.937490052431128     
          63          75   1.11206349273180     
          74          75  0.937905221607714     
          74          76  0.995654424222661     
          76          77  0.983124745463297     
          76          78  0.982507787486368     
          76          79  0.981865289898321     
          74          80  0.991085987212487     
          80          81  0.983850248101986     
          80          82  0.983340899364323     
          80          83  0.983453712205706     
           4          84  0.969120080251090     
          14          85  0.969039795751198     
          19          86  0.581510263872078     
          20          86  0.351294605774807     
          86          87   1.47851002459294     
          86          88   1.29951408843035     
          87          89   1.20533598037419     
          87          90  0.968538408899409     
          87          91  0.132237343117437     
          88          91   1.52416424637713     
          89          91   1.21526045504065     
          88          92  0.968012647572524     
          89          93  0.984794357972872     
          91          94  0.968542258613445     
          93          95  0.991914607879275     
          95          96  0.901867603760811     
          95          97  0.892035906017241     
          95          98  0.889129577082740     
          96          99  0.982995302595102     
          96         100  0.982601050707108     
          96         101  0.989327204508498     
          97         102  0.983963099361816     
          97         103  0.990451334511130     
          97         104  0.984420967045739     
          98         105  0.985020573932698     
          98         106  0.983910406536058     
          98         107  0.994539443838765     
