   -0.12070507
    0.07545397
   -0.04286711
   -0.02243424
   -0.04343295
    0.04756144
    0.05436757
    0.05745277
    0.04764546
    0.07134018
   -0.12822084
    0.04116409
   -0.04486893
   -0.02491169
   -0.04545023
    0.04670896
    0.05164008
    0.07755528
   -0.16454007
    0.10508609
    0.40473225
   -0.40624204
    0.12981605
   -0.12182695
    0.05409321
    0.04511845
    0.05163886
   -0.10938418
    0.04779812
    0.04209379
    0.02719842
    0.13061913
   -0.40381242
   -0.12158301
    0.05231462
    0.04629760
    0.04958522
   -0.12010837
    0.04655344
    0.05337536
    0.04555823
    0.40368631
   -0.38004879
    0.12804450
   -0.12639953
    0.05589381
    0.05694283
    0.04961884
   -0.12150184
    0.04917253
    0.04707084
    0.05119471
    0.12760253
   -0.38304671
   -0.12427648
    0.05395748
    0.05372945
    0.04867952
   -0.12259702
    0.04222404
    0.05235518
    0.04854093
    0.40249985
   -0.37636280
    0.12505326
   -0.12951670
    0.05902413
    0.05330431
    0.05031984
   -0.12979134
    0.06115103
    0.05095571
    0.05217533
    0.12680316
   -0.37885664
   -0.12466726
    0.05136817
    0.05349574
    0.05546801
   -0.12284891
    0.04093693
    0.05006825
    0.05505168
    0.05397208
    0.05013683
   -0.06557341
    0.06992690
   -0.01802328
   -0.25009374
    0.03011463
   -0.04253262
    0.11955095
   -0.04494056
    0.05853428
   -0.06132402
   -0.04358228
    0.03888922
    0.04345680
    0.04263279
