           1           2   1.31017024534164     
           2           3   1.34827702966010     
           3           4   1.48393560529484     
           4           5   1.38106323901096     
           1           6   1.38598602922425     
           3           6  0.105998226439458     
           5           6   1.46192966060597     
           6           7  0.956514006892669     
           5           8  0.968255273751201     
           3           9  0.961587669711456     
           2          10   1.09280735552596     
          10          11   1.30298512779665     
          11          12   1.38484503971856     
          12          13   1.45809541133635     
          13          14   1.38457418366207     
          10          15   1.35337730672029     
          12          15  0.105011215002273     
          14          15   1.47823619531763     
          15          16  0.961546095281157     
          13          17  0.968888849175429     
          12          18  0.946930229399592     
           1          19  0.451499967692696     
          11          19  0.436272320223633     
          19          20  0.557319579250601     
          19          21  0.733150715417933     
          21          22   1.09539351553171     
          22          23  0.942109154183908     
          23          24  0.996472784987766     
          24          25  0.982617691663326     
          24          26  0.983581027352005     
          24          27  0.983172817937359     
          23          28  0.990146466470272     
          28          29  0.984039504107048     
          28          30  0.984005692098225     
          28          31  0.985144665042183     
          23          32  0.941010545269993     
          21          33   1.11051699015608     
          32          33  0.938692964236860     
          32          34  0.990900570440334     
          34          35  0.981273988849213     
          34          36  0.983620539697386     
          34          37  0.982135506137322     
          32          38  0.996989973950305     
          38          39  0.983139461311200     
          38          40  0.982801496671538     
          38          41  0.983704589168239     
          19          42  0.861152412321545     
          42          43   1.11988080833345     
          43          44  0.936215151370497     
          44          45  0.996635162508987     
          45          46  0.981639479245925     
          45          47  0.981532427345754     
          45          48  0.983060676458380     
          44          49  0.990898804877354     
          49          50  0.983372154269731     
          49          51  0.982711766348412     
          49          52  0.980403862967209     
          44          53  0.938812761773107     
          42          54   1.10755792932758     
          53          54  0.934402399452536     
          53          55  0.996089094524142     
          55          56  0.982458201502737     
          55          57  0.982828638607959     
          55          58  0.983145510459031     
          53          59  0.991698954480005     
          59          60  0.980026747962156     
          59          61  0.982925211155863     
          59          62  0.983099488069921     
          19          63  0.864657541911985     
          63          64   1.11047832937759     
          64          65  0.937776863398762     
          65          66  0.991151076102951     
          66          67  0.978374980046312     
          66          68  0.982079400201158     
          66          69  0.982838982556748     
          65          70  0.996362407060008     
          70          71  0.981854746405867     
          70          72  0.983374361092343     
          70          73  0.982234644101582     
          65          74  0.937723907385795     
          63          75   1.12010753859052     
          74          75  0.935107774845531     
          74          76  0.995976209219312     
          76          77  0.982765436390489     
          76          78  0.982121947344342     
          76          79  0.981849167619901     
          74          80  0.991358811612101     
          80          81  0.983868362818732     
          80          82  0.983127100471205     
          80          83  0.983165534923160     
           4          84  0.968686565891158     
          14          85  0.968919610824524     
          19          86  0.585603152493720     
          20          86  0.331595512719976     
          86          87   1.62391695272298     
          86          88   1.15934187880210     
          87          89   1.05186561891277     
          87          90  0.965142157015494     
          88          91   1.33799098005888     
          88          92   1.27781294964044     
          89          92   1.07652279807570     
          91          93   1.49288608051472     
          91          94  0.961475993920184     
          91          95  0.113550746784573     
          92          95   1.35672818941587     
          93          96   1.38543476929111     
          95          96   1.47693083342205     
          93          97  0.970441478017332     
          95          98  0.967385882876917     
          96          99  0.970994156746789     
