   -0.11965119
    0.08250305
   -0.04169626
   -0.02142576
   -0.04340495
    0.04810914
    0.05315426
    0.05799022
    0.04555546
    0.07673222
   -0.13200590
    0.04324565
   -0.04348880
   -0.02343730
   -0.04360613
    0.04516871
    0.05435885
    0.07791183
   -0.15526764
    0.09889647
    0.40839205
   -0.41186009
    0.13105906
   -0.12105003
    0.05398875
    0.04616832
    0.04998775
   -0.10947210
    0.04900666
    0.04045213
    0.02731167
    0.13101096
   -0.40005746
   -0.12368232
    0.05329937
    0.04733347
    0.05239307
   -0.12063550
    0.04686461
    0.05518567
    0.04643415
    0.39691542
   -0.38111838
    0.12696426
   -0.13405995
    0.05874326
    0.05923353
    0.05247061
   -0.12702120
    0.04675503
    0.04543263
    0.06007862
    0.12697450
   -0.38010593
   -0.12488021
    0.05561117
    0.05227162
    0.04916386
   -0.12717045
    0.04487226
    0.05597845
    0.05225702
    0.40243618
   -0.37635244
    0.12451985
   -0.13258050
    0.06177808
    0.05394956
    0.05270510
   -0.13103868
    0.06257623
    0.05202808
    0.05231804
    0.12711547
   -0.37907068
   -0.12601220
    0.05269238
    0.05428246
    0.05739412
   -0.12245102
    0.03991878
    0.04951127
    0.05599853
    0.05452938
    0.05156030
   -0.03362830
   -0.04772159
   -0.04706815
   -0.03680124
    0.48665882
   -0.05923412
    0.06477063
   -0.04236851
    0.03207366
   -0.23987822
   -0.24284041
   -0.21622749
    0.21810506
    0.04289821
   -0.11535060
   -0.07706011
   -0.03321607
    0.01802232
   -0.06929712
    0.05702268
   -0.00944937
    0.02686835
    0.06972512
    0.06524450
    0.06118166
   -0.05981941
   -0.03919460
   -0.03678663
    0.04887079
   -0.04426273
    0.03302603
    0.03598316
    0.03080714
