           1           2   1.31803904671299     
           2           3   1.35134158696160     
           3           4   1.48012169781156     
           4           5   1.38870379944912     
           1           6   1.39505399700079     
           3           6  0.105841351053831     
           5           6   1.45476081066923     
           6           7  0.956861316538820     
           5           8  0.968196388410454     
           3           9  0.961407064808002     
           2          10   1.08726923013890     
          10          11   1.30654735053308     
          11          12   1.38330004570605     
          12          13   1.45672568342620     
          13          14   1.38905716345200     
          10          15   1.35930836927678     
          12          15  0.104641545790626     
          14          15   1.47353208802567     
          15          16  0.961241827956971     
          13          17  0.968516616820852     
          12          18  0.947838428769467     
           1          19  0.418833746233571     
          11          19  0.427176838378256     
          19          20  0.551962295465428     
          19          21  0.711341352868732     
          21          22   1.09245059534509     
          22          23  0.941350602507067     
          23          24  0.996360203158788     
          24          25  0.982584317109890     
          24          26  0.983473508625634     
          24          27  0.983233070807799     
          23          28  0.990158012319569     
          28          29  0.983758910882488     
          28          30  0.983808677013730     
          28          31  0.984819417902309     
          23          32  0.941095006917763     
          21          33   1.11517487547410     
          32          33  0.936117173137381     
          32          34  0.991250010071446     
          34          35  0.980712685542815     
          34          36  0.983080496957949     
          34          37  0.980599525812820     
          32          38  0.997126397668579     
          38          39  0.983039844700184     
          38          40  0.982146714858824     
          38          41  0.983404225685501     
          19          42  0.863597199780524     
          42          43   1.11810555822376     
          43          44  0.934725083976599     
          44          45  0.997138806679331     
          45          46  0.977536474605978     
          45          47  0.981592888934157     
          45          48  0.982791986671889     
          44          49  0.990999319373820     
          49          50  0.983197457221080     
          49          51  0.981879908873963     
          49          52  0.973270447519147     
          44          53  0.938268979728562     
          42          54   1.11721589179269     
          53          54  0.933169299535382     
          53          55  0.995582463752511     
          55          56  0.981591658485529     
          55          57  0.982922864833229     
          55          58  0.982949255989555     
          53          59  0.991968334044491     
          59          60  0.980632597847158     
          59          61  0.982839840882975     
          59          62  0.982624909527855     
          19          63  0.858255004878101     
          63          64   1.11098027244434     
          64          65  0.935936862868833     
          65          66  0.990785791184370     
          66          67  0.978480634489312     
          66          68  0.981992004426445     
          66          69  0.982772569955934     
          65          70  0.996884195739184     
          70          71  0.981610662510874     
          70          72  0.983176726380717     
          70          73  0.982127376544445     
          65          74  0.938596871177458     
          63          75   1.12700162260737     
          74          75  0.931715186974088     
          74          76  0.996446566092299     
          76          77  0.982440760439130     
          76          78  0.981886126945066     
          76          79  0.980916620316123     
          74          80  0.991807051208416     
          80          81  0.983732377498410     
          80          82  0.983102695162479     
          80          83  0.982994368659997     
           4          84  0.968565707551588     
          14          85  0.968755358531379     
          19          86  0.603940010065303     
          20          86  0.331088536751420     
          86          87   1.36637677498916     
          86          88   1.35414239437858     
          87          89   1.35203798771098     
          88          89  0.102036917841426     
          87          90  0.954504475665965     
          88          91   1.43932112676631     
          88          92  0.955724435676001     
          89          93   1.49071944583275     
          91          93   1.35060100486752     
          89          94  0.966290925243057     
          90          95  0.920135019465668     
          90          96  0.915041735857143     
          90          97  0.944609583859674     
          91          98  0.972112525519752     
          93          99  0.968055083786681     
          98         100   1.10766411187937     
          98         101   1.24337839238057     
         100         102   1.70316285681469     
         100         103  0.973044482533585     
         101         104   1.00372259860812     
         101         105   1.18025062473212     
         102         106   1.19278130922059     
         105         106   1.27089549967700     
         102         107  0.964591580413087     
         104         108  0.970406088170662     
         104         109  0.970595079170794     
         104         110  0.971815544035025     
         105         111   1.32419192096434     
         106         112   1.33230344347993     
         111         112  0.109005060288242     
         111         113   1.49728297658606     
         111         114  0.963600038617837     
         112         115   1.50105130611147     
         113         115   1.37315429227803     
         112         116  0.968196072836219     
         113         117  0.970956418867648     
         115         118  0.970904829149011     
