   -0.12272142
    0.07564911
   -0.04398596
   -0.02307306
   -0.04486412
    0.04816310
    0.05083515
    0.05335649
    0.04494963
    0.07164473
   -0.12733706
    0.04174827
   -0.04552833
   -0.02562472
   -0.04545202
    0.04308657
    0.04905376
    0.07555487
   -0.15700719
    0.08601065
    0.40203927
   -0.40920705
    0.13018666
   -0.12072259
    0.05284752
    0.04402096
    0.05048602
   -0.10853940
    0.04663222
    0.04105231
    0.02766251
    0.13094177
   -0.40555860
   -0.12009816
    0.05060667
    0.04500062
    0.04886756
   -0.11949520
    0.04664720
    0.05267971
    0.04447172
    0.40209701
   -0.38567380
    0.12873489
   -0.12531446
    0.05485358
    0.05502657
    0.04873542
   -0.12109634
    0.04755682
    0.04463601
    0.05238531
    0.12756714
   -0.38281670
   -0.12402984
    0.05342052
    0.05406018
    0.04744983
   -0.12328969
    0.04477183
    0.05158400
    0.05057954
    0.40188955
   -0.37926283
    0.12515299
   -0.13000770
    0.05876458
    0.05358474
    0.04922203
   -0.12867138
    0.06025526
    0.04985252
    0.05148943
    0.12716155
   -0.38175635
   -0.12355557
    0.05012592
    0.05289479
    0.05438201
   -0.12149275
    0.04010574
    0.04886814
    0.05383868
    0.05044469
    0.04694762
   -0.01818827
   -0.03994265
   -0.04165689
    0.00945843
    0.02057840
   -0.03663720
    0.03604149
   -0.11541326
   -0.05291903
    0.02828651
    0.04916743
    0.03766130
    0.04868517
    0.02842701
