           1           2   1.30772545375038     
           2           3   1.34515534588305     
           3           4   1.48669923158380     
           4           5   1.37801282342998     
           1           6   1.38764868629877     
           3           6  0.106143507983821     
           5           6   1.46260736497407     
           6           7  0.957221216188628     
           5           8  0.968758700800501     
           3           9  0.961958989399873     
           2          10   1.09549591603131     
          10          11   1.29895832456151     
          11          12   1.38298883942089     
          12          13   1.46080072281123     
          13          14   1.38059183963783     
          10          15   1.35114406528876     
          12          15  0.105124299769517     
          14          15   1.48054799101362     
          15          16  0.961958819506638     
          13          17  0.969171872544891     
          12          18  0.948059552321612     
           1          19  0.445362862023083     
          11          19  0.435439757799560     
          19          20  0.525666319577569     
          19          21  0.719880786340552     
          21          22   1.08965232773997     
          22          23  0.943431093458845     
          23          24  0.996359664664172     
          24          25  0.982781898116565     
          24          26  0.983721446490142     
          24          27  0.983325609509070     
          23          28  0.989909280113682     
          28          29  0.984154297634867     
          28          30  0.984086253866003     
          28          31  0.985200073562970     
          23          32  0.941145108826948     
          21          33   1.10709053494640     
          32          33  0.940125278250950     
          32          34  0.990680429396542     
          34          35  0.981661796362137     
          34          36  0.983801153473670     
          34          37  0.982267813176102     
          32          38  0.996793490199439     
          38          39  0.983183291190465     
          38          40  0.982875804857660     
          38          41  0.983832319697903     
          19          42  0.863904577932094     
          42          43   1.11121782286703     
          43          44  0.937319299766222     
          44          45  0.996650982460561     
          45          46  0.982308558688836     
          45          47  0.981961162710734     
          45          48  0.983250214695245     
          44          49  0.990718508688444     
          49          50  0.983560431568837     
          49          51  0.982667522753429     
          49          52  0.979477364684801     
          44          53  0.939119391225152     
          42          54   1.10634448038732     
          53          54  0.935889680672683     
          53          55  0.996135011261301     
          55          56  0.982560931278113     
          55          57  0.982842680891203     
          55          58  0.983316278921265     
          53          59  0.991298825243710     
          59          60  0.982305044231241     
          59          61  0.983221669706247     
          59          62  0.983042076100198     
          19          63  0.873344608624036     
          63          64   1.10855253362476     
          64          65  0.939147309456166     
          65          66  0.991060239189220     
          66          67  0.978590741464040     
          66          68  0.982599412703888     
          66          69  0.983182836377769     
          65          70  0.996299005836993     
          70          71  0.982021893408673     
          70          72  0.983535317628606     
          70          73  0.982353650375988     
          65          74  0.937568777551683     
          63          75   1.11615969185217     
          74          75  0.936805135519140     
          74          76  0.995796630626913     
          76          77  0.983014853014452     
          76          78  0.982327642263404     
          76          79  0.981667119043129     
          74          80  0.991181286992791     
          80          81  0.984018960341676     
          80          82  0.983274539300897     
          80          83  0.983351281436983     
           4          84  0.969042209094364     
          14          85  0.969243058140277     
          19          86  0.584465889248701     
          20          86  0.354227652334355     
          86          87   1.39172278844616     
          86          88   1.38276944298768     
          87          89   1.41121660000153     
          88          89  0.104749108014236     
          87          90  0.961001094267692     
          87          91  0.102593911481922     
          88          91   1.44060909633272     
          88          92  0.961357381774757     
          89          93   1.02178972939046     
          86          94  0.100348353532868     
          89          94   1.40510129559002     
          91          94   1.43655859343640     
          91          95  0.969293965700122     
          93          96  0.975300070617659     
          93          97  0.985894104707905     
          93          98  0.972153862122818     
          94          99  0.969847313366772     
