   -0.12399078
    0.07509681
   -0.04422914
   -0.02277574
   -0.04495488
    0.04847973
    0.05103398
    0.05466215
    0.04568169
    0.07099298
   -0.13119403
    0.04129081
   -0.04569931
   -0.02593780
   -0.04541649
    0.04362552
    0.04910064
    0.07472703
   -0.15207661
    0.08546370
    0.40536898
   -0.40692714
    0.13006955
   -0.12119671
    0.05351464
    0.04469106
    0.05131720
   -0.10876649
    0.04736451
    0.04162551
    0.02699584
    0.13102304
   -0.40635539
   -0.12136329
    0.05213993
    0.04596669
    0.04959133
   -0.11958947
    0.04593191
    0.05328443
    0.04537389
    0.40375663
   -0.38066951
    0.12802009
   -0.12715403
    0.05667891
    0.05622867
    0.05002531
   -0.12142460
    0.04860031
    0.04638333
    0.05149199
    0.12752912
   -0.38353341
   -0.12387153
    0.05257803
    0.05348442
    0.04859229
   -0.12426612
    0.04487808
    0.05214174
    0.04941525
    0.40483011
   -0.37612330
    0.12545086
   -0.12923865
    0.05819211
    0.05389006
    0.05047189
   -0.12954189
    0.06141204
    0.05094428
    0.05194572
    0.12716134
   -0.38096472
   -0.12440457
    0.05128493
    0.05296865
    0.05563472
   -0.12205909
    0.03999223
    0.04979825
    0.05477102
    0.05167080
    0.04742449
   -0.01293530
   -0.05579788
   -0.03074833
    0.04559044
    0.01706440
    0.12761767
   -0.07749631
   -0.29681503
    0.02110692
   -0.12891732
   -0.00386264
    0.05342422
    0.21439921
    0.04903342
