           1           2   1.30852913094676     
           2           3   1.34354706151468     
           3           4   1.48818381744613     
           4           5   1.37706114365607     
           1           6   1.38683574060021     
           3           6  0.106389173815243     
           5           6   1.46361027872079     
           6           7  0.956976249774693     
           5           8  0.968612768449361     
           3           9  0.962162760430638     
           2          10   1.09698699697490     
          10          11   1.29737287722742     
          11          12   1.37946740076391     
          12          13   1.46362373106892     
          13          14   1.37829318913162     
          10          15   1.34998678938362     
          12          15  0.105236757362035     
          14          15   1.48162133547445     
          15          16  0.962161988113802     
          13          17  0.969144405950275     
          12          18  0.947601541845119     
           1          19  0.446007697127732     
          11          19  0.429055508416408     
          19          20  0.531704393086410     
          19          21  0.710362757782464     
          21          22   1.09594163791643     
          22          23  0.941969642922481     
          23          24  0.996386167459136     
          24          25  0.982649424341993     
          24          26  0.983609073660484     
          24          27  0.983198714885893     
          23          28  0.990192986320284     
          28          29  0.983987215213893     
          28          30  0.984034186683222     
          28          31  0.984949197848488     
          23          32  0.940920290214098     
          21          33   1.10762355476107     
          32          33  0.938653062886387     
          32          34  0.990939521997259     
          34          35  0.981198747263981     
          34          36  0.983607900268261     
          34          37  0.981919673724607     
          32          38  0.996955992864994     
          38          39  0.983195235278316     
          38          40  0.982718673344047     
          38          41  0.983693608881666     
          19          42  0.856231803425334     
          42          43   1.11909576810252     
          43          44  0.936764433881562     
          44          45  0.996261508023478     
          45          46  0.981532037017824     
          45          47  0.981644908749502     
          45          48  0.983095745150713     
          44          49  0.990988018254190     
          49          50  0.983409152142283     
          49          51  0.982909844182155     
          49          52  0.979675670437086     
          44          53  0.938341331254684     
          42          54   1.10732811152276     
          53          54  0.934371601596443     
          53          55  0.995937948606254     
          55          56  0.982574132489646     
          55          57  0.982869902631327     
          55          58  0.983170523604409     
          53          59  0.991693446038311     
          59          60  0.978937013276214     
          59          61  0.983049055321872     
          59          62  0.983110013792441     
          19          63  0.869509970867545     
          63          64   1.11336062379668     
          64          65  0.937562964921206     
          65          66  0.991160999687279     
          66          67  0.978747652689172     
          66          68  0.981892048539258     
          66          69  0.982794463818773     
          65          70  0.996446229890625     
          70          71  0.981839513924987     
          70          72  0.983359818486614     
          70          73  0.982250805537365     
          65          74  0.937812295124893     
          63          75   1.11654935997625     
          74          75  0.935305615434518     
          74          76  0.995962345636560     
          76          77  0.982735715138058     
          76          78  0.982140688139050     
          76          79  0.982047757083155     
          74          80  0.991293865233277     
          80          81  0.983823491934970     
          80          82  0.983170410277658     
          80          83  0.983216667181382     
           4          84  0.968883772951149     
          14          85  0.969176684355686     
          19          86  0.596715157949909     
          20          86  0.344188780416275     
          86          87   1.41020157901907     
          86          88   1.30686507074424     
          87          89   1.39020766640895     
          87          90  0.963113943402242     
          88          91   1.21178630121884     
          88          92   1.22404754396216     
          89          93   1.44300260047501     
          91          93   1.33269395158822     
          89          94  0.963684615886111     
          91          95   1.20124989954015     
          92          96   1.61851648822368     
          95          96   1.18430796025612     
          92          97  0.964214386256962     
          95          98  0.925793380627349     
          96          99  0.968873074860674     
