   -0.12466708
    0.07707773
   -0.04257645
   -0.02074975
   -0.04240215
    0.04914328
    0.05443980
    0.05907928
    0.04920292
    0.07291072
   -0.13245405
    0.04190299
   -0.04338518
   -0.02346528
   -0.04503645
    0.04860630
    0.05411075
    0.07779236
   -0.14422357
    0.09550011
    0.40571610
   -0.40511670
    0.12979943
   -0.12235106
    0.05445653
    0.04602009
    0.05272341
   -0.11013952
    0.04908099
    0.04317270
    0.02697568
    0.13121490
   -0.40611069
   -0.12227130
    0.05283396
    0.04695954
    0.05013465
   -0.12024217
    0.04621218
    0.05374877
    0.04670192
    0.40959790
   -0.38298781
    0.12988486
   -0.12492568
    0.05629032
    0.05330024
    0.05098990
   -0.12080279
    0.04930185
    0.04782227
    0.05070301
    0.12783290
   -0.38597986
   -0.12398487
    0.05043693
    0.05395707
    0.04943955
   -0.12742622
    0.05305637
    0.05234470
    0.05232625
    0.40664162
   -0.38018740
    0.12684230
   -0.12594381
    0.05476501
    0.05313954
    0.05018956
   -0.12911344
    0.06128217
    0.05115596
    0.05287902
    0.12725492
   -0.38000562
   -0.12473085
    0.05168797
    0.05393503
    0.05617523
   -0.12296879
    0.04088849
    0.05093000
    0.05570543
    0.05599785
    0.05248411
   -0.04012991
   -0.04994146
    0.08345765
    0.15490977
    0.05607158
   -0.04744935
   -0.16211753
   -0.26242400
   -0.06187375
    0.08408569
    0.07490445
