           1           2   1.31743647942123     
           2           3   1.35098931449752     
           3           4   1.48067652767151     
           4           5   1.38724901728642     
           1           6   1.39162307007976     
           3           6  0.105932834037888     
           5           6   1.45686661438955     
           6           7  0.956914107910762     
           5           8  0.968079863745221     
           3           9  0.961446735198204     
           2          10   1.08860250023920     
          10          11   1.30856099221430     
          11          12   1.38671247881628     
          12          13   1.45586105595909     
          13          14   1.38894388873352     
          10          15   1.35591079902585     
          12          15  0.104965838540769     
          14          15   1.47546407901090     
          15          16  0.961361424006494     
          13          17  0.968591849976333     
          12          18  0.946737191929510     
           1          19  0.425713103569646     
          11          19  0.411583478307713     
          19          20  0.542862138855742     
          19          21  0.730554940731429     
          21          22   1.10064406919577     
          22          23  0.939997514325086     
          23          24  0.996695759712081     
          24          25  0.982507371030079     
          24          26  0.983393954875780     
          24          27  0.983030366703506     
          23          28  0.990441895077489     
          28          29  0.983860416219185     
          28          30  0.983919629762938     
          28          31  0.984875212004050     
          23          32  0.941201890389843     
          21          33   1.10870402449226     
          32          33  0.936999885120112     
          32          34  0.991123595828750     
          34          35  0.981037789527522     
          34          36  0.983439537073159     
          34          37  0.981456780830447     
          32          38  0.997281702759695     
          38          39  0.983122258524878     
          38          40  0.982506209687453     
          38          41  0.983532844160821     
          19          42  0.848330907583470     
          42          43   1.12869102481269     
          43          44  0.934956626390985     
          44          45  0.995905570383299     
          45          46  0.981291921390703     
          45          47  0.981897788497853     
          45          48  0.982765364101855     
          44          49  0.991732439551298     
          49          50  0.983063408247638     
          49          51  0.982717142312559     
          49          52  0.979923563541157     
          44          53  0.936930193830989     
          42          54   1.10509346733258     
          53          54  0.932254301545898     
          53          55  0.995298802501139     
          55          56  0.982653305878753     
          55          57  0.982673050130633     
          55          58  0.982865767101919     
          53          59  0.992797982246165     
          59          60  0.979241639545867     
          59          61  0.982680546549505     
          59          62  0.982650289453149     
          19          63  0.858820002180563     
          63          64   1.11196015681455     
          64          65  0.935648821531233     
          65          66  0.991483849533594     
          66          67  0.979427128933016     
          66          68  0.982287475637478     
          66          69  0.983040245128677     
          65          70  0.996780545767969     
          70          71  0.981889734742170     
          70          72  0.983273454383506     
          70          73  0.982199553944795     
          65          74  0.938335324767825     
          63          75   1.11979375545265     
          74          75  0.933987367999419     
          74          76  0.996189773159964     
          76          77  0.982748426471329     
          76          78  0.982198880589960     
          76          79  0.982042825125581     
          74          80  0.991396258904465     
          80          81  0.983987208570245     
          80          82  0.983059592451324     
          80          83  0.983099677009366     
           4          84  0.968412760976997     
          14          85  0.968658579543296     
          19          86  0.585989634246860     
          20          86  0.343518675381752     
          86          87   1.37239946906225     
          86          88   1.35363200605456     
          87          89   1.40722233141602     
          87          90  0.958436726172096     
          87          91  0.102036458495584     
          88          91   1.41087078017271     
          88          92  0.964406036092575     
          89          93  0.925163204078776     
          89          94   1.39073423979796     
          91          94   1.42867019788420     
          91          95  0.962089606086028     
          94          96  0.964039340564519     
