   -0.12130767
    0.07923935
   -0.04053952
   -0.02157458
   -0.04379824
    0.04924265
    0.05074389
    0.05682559
    0.04656922
    0.07480336
   -0.13038153
    0.04467380
   -0.04454508
   -0.02417245
   -0.04313927
    0.04639523
    0.05173283
    0.06866753
   -0.15860496
    0.08918895
    0.40577130
   -0.40796990
    0.13018147
   -0.12180101
    0.05388699
    0.04602930
    0.05169813
   -0.11055447
    0.04901831
    0.04276071
    0.02867048
    0.13084937
   -0.40253003
   -0.12183039
    0.05352959
    0.04663203
    0.04894870
   -0.12002946
    0.04743489
    0.05292827
    0.04631671
    0.40279515
   -0.38431410
    0.12843487
   -0.12562397
    0.05347018
    0.05693780
    0.04971858
   -0.12133443
    0.04865224
    0.04473485
    0.05344185
    0.12797949
   -0.38588184
   -0.12394879
    0.05426703
    0.05399911
    0.04883515
   -0.12177100
    0.04107065
    0.05327118
    0.04987051
    0.40389188
   -0.37899436
    0.12531258
   -0.12865697
    0.05682900
    0.05364109
    0.04969822
   -0.12940973
    0.06033952
    0.05065104
    0.05234740
    0.12750923
   -0.38247494
   -0.12425531
    0.05129073
    0.05438366
    0.05415262
   -0.12247375
    0.04004488
    0.05017919
    0.05525300
    0.05452048
    0.05185067
   -0.04060947
    0.09031688
   -0.02295110
    0.01251669
   -0.26049714
   -0.04884476
    0.04943842
   -0.03221095
   -0.02985112
    0.04661302
    0.03440681
   -0.03483281
    0.03482168
   -0.03535586
    0.03271170
    0.03223708
   -0.03793695
    0.03069204
    0.03385882
    0.03528235
