           1           2   1.31013191990458     
           2           3   1.34878152217114     
           3           4   1.48326849295135     
           4           5   1.38183922191080     
           1           6   1.38638580994986     
           3           6  0.105645969002032     
           5           6   1.46076837576556     
           6           7  0.956861826175159     
           5           8  0.968370319316060     
           3           9  0.961566997539850     
           2          10   1.09261653510475     
          10          11   1.30106214696338     
          11          12   1.38251178609931     
          12          13   1.45878557987819     
          13          14   1.38413056750300     
          10          15   1.35461929309790     
          12          15  0.104597556936742     
          14          15   1.47756199776261     
          15          16  0.961449703775567     
          13          17  0.968885748080537     
          12          18  0.950477053649042     
           1          19  0.443399196798822     
          11          19  0.439105505551341     
          19          20  0.530661385391181     
          19          21  0.723362696185630     
          21          22   1.09543331573097     
          22          23  0.940770743685237     
          23          24  0.996519939799000     
          24          25  0.982654465767042     
          24          26  0.983467947336102     
          24          27  0.983132831981249     
          23          28  0.990345760430286     
          28          29  0.983845496240546     
          28          30  0.983830891433960     
          28          31  0.985259544452968     
          23          32  0.940991582283432     
          21          33   1.11430858453505     
          32          33  0.937189742562642     
          32          34  0.990969499607675     
          34          35  0.980271717619160     
          34          36  0.983453930784023     
          34          37  0.982073849517744     
          32          38  0.996976660347245     
          38          39  0.983114849194418     
          38          40  0.982621509038204     
          38          41  0.983581540486869     
          19          42  0.852578777447676     
          42          43   1.11267411448638     
          43          44  0.936609162934471     
          44          45  0.996413009742057     
          45          46  0.982288855785724     
          45          47  0.981371531931540     
          45          48  0.983172136704755     
          44          49  0.990936042813213     
          49          50  0.983278976223645     
          49          51  0.982315650997745     
          49          52  0.978939045109863     
          44          53  0.938137588222496     
          42          54   1.11069580228276     
          53          54  0.934512283259560     
          53          55  0.996094521446854     
          55          56  0.982251739568994     
          55          57  0.982769468833810     
          55          58  0.983044733154218     
          53          59  0.991801433466377     
          59          60  0.982590935346145     
          59          61  0.982946948104047     
          59          62  0.983079945465926     
          19          63  0.859884257524846     
          63          64   1.10659342916099     
          64          65  0.938709372302871     
          65          66  0.991140029214338     
          66          67  0.978762158382324     
          66          68  0.982578612192716     
          66          69  0.983071645431313     
          65          70  0.996008612407289     
          70          71  0.981996298272502     
          70          72  0.983453742136111     
          70          73  0.982272129137471     
          65          74  0.938072973646699     
          63          75   1.11778413089579     
          74          75  0.934462448627424     
          74          76  0.996379411372439     
          76          77  0.982664827235229     
          76          78  0.981926238899757     
          76          79  0.981781703227708     
          74          80  0.991342455900874     
          80          81  0.983631412475055     
          80          82  0.983139185464325     
          80          83  0.983090128923379     
           4          84  0.968608718106143     
          14          85  0.968766427895759     
          19          86  0.582218802650999     
          20          86  0.350156020180747     
          86          87   1.33109881035828     
          86          88   1.38245351493781     
          87          89   1.02445942987259     
          87          90   1.37931508826627     
          88          91   1.44622115256626     
          88          92  0.959365770643355     
          89          93   1.39202180261259     
          89          94   1.38960040680745     
          90          95   1.44360412289444     
          91          95   1.40571311277834     
          91          96  0.968447083309844     
          93          97   1.44603838802808     
          94          97  0.109235111498697     
          93          98  0.967288767277815     
          93          99  0.107715457631092     
          94          99   1.45194059978290     
          94         100  0.969527053240115     
          95         101  0.962393716037798     
          89         102  0.106180694642911     
          97         102   1.43639854086443     
          99         102   1.43294107070460     
          97         103  0.970532570746158     
          99         104  0.970375127876951     
         102         105  0.971134731410771     
