   -0.11569876
    0.08455281
   -0.03983092
   -0.01955143
   -0.04146225
    0.05096358
    0.05152225
    0.05887769
    0.05012788
    0.08145188
   -0.12594323
    0.04405844
   -0.04352378
   -0.02226961
   -0.04228816
    0.05077318
    0.05116712
    0.06884926
   -0.14345334
    0.08654798
    0.40730575
   -0.40849011
    0.13083369
   -0.12177619
    0.05449529
    0.04614238
    0.05209062
   -0.10966745
    0.04919420
    0.04304136
    0.02675695
    0.13178731
   -0.40716867
   -0.12064802
    0.05100740
    0.04761652
    0.04923861
   -0.11913909
    0.04608475
    0.05285981
    0.04663914
    0.40573521
   -0.37943166
    0.12784331
   -0.12846197
    0.05447944
    0.05742815
    0.05133465
   -0.12139091
    0.04858483
    0.04759330
    0.05279283
    0.12743280
   -0.38547859
   -0.12227358
    0.05077815
    0.05164872
    0.04959017
   -0.12402756
    0.04501400
    0.05295068
    0.05046898
    0.40432969
   -0.37675792
    0.12599520
   -0.12826534
    0.05633708
    0.05393536
    0.05080949
   -0.12980502
    0.06126914
    0.05145683
    0.05305722
    0.12750056
   -0.38459582
   -0.12427757
    0.05167653
    0.05292867
    0.05523584
   -0.12279677
    0.03975179
    0.05180236
    0.05535921
    0.05702082
    0.05346409
   -0.03053011
    0.04364190
   -0.03014288
   -0.21697300
    0.04259352
    0.12643389
   -0.07669261
   -0.29266921
    0.04143064
   -0.12526421
   -0.00202849
    0.06377399
    0.22054193
    0.05476743
