           1           2   1.31780414842734     
           2           3   1.35452362753765     
           3           4   1.47719443114824     
           4           5   1.39201799941423     
           1           6   1.39450728285241     
           3           6  0.105536899055899     
           5           6   1.45321338818750     
           6           7  0.956795457171673     
           5           8  0.968114267246736     
           3           9  0.961209284401426     
           2          10   1.08468182085474     
          10          11   1.30586619546418     
          11          12   1.38593609847251     
          12          13   1.45474680522173     
          13          14   1.39077891503013     
          10          15   1.36017611923777     
          12          15  0.104266863603749     
          14          15   1.47244258544605     
          15          16  0.960946773390359     
          13          17  0.968887264489674     
          12          18  0.949130341803711     
           1          19  0.426182002080407     
          11          19  0.431698819179227     
          19          20  0.539049318208734     
          19          21  0.713295832733585     
          21          22   1.09788059391077     
          22          23  0.939931891391651     
          23          24  0.996720722530799     
          24          25  0.982534135911930     
          24          26  0.983422211349331     
          24          27  0.983077665349300     
          23          28  0.990323810738813     
          28          29  0.983757319997908     
          28          30  0.983665591400518     
          28          31  0.985110584130689     
          23          32  0.941518824262277     
          21          33   1.11034996140043     
          32          33  0.936473735322077     
          32          34  0.991219515194441     
          34          35  0.981658265759587     
          34          36  0.983426502222683     
          34          37  0.981679966983276     
          32          38  0.997119893517768     
          38          39  0.983213894967274     
          38          40  0.982238221248916     
          38          41  0.983419644233024     
          19          42  0.842393750259675     
          42          43   1.12583350628778     
          43          44  0.936979150218328     
          44          45  0.995035510460388     
          45          46  0.980392326001789     
          45          47  0.981179403839302     
          45          48  0.982888187158242     
          44          49  0.991996635185258     
          49          50  0.983017886881162     
          49          51  0.982926523641390     
          49          52  0.978404904146714     
          44          53  0.935882974835357     
          42          54   1.10877331995874     
          53          54  0.933929840364197     
          53          55  0.994945801421288     
          55          56  0.982440218023280     
          55          57  0.982899809737565     
          55          58  0.982775799539292     
          53          59  0.992937496246293     
          59          60  0.979301419184004     
          59          61  0.982728857254414     
          59          62  0.982931782393156     
          19          63  0.854785447874478     
          63          64   1.11478564690960     
          64          65  0.936642022553642     
          65          66  0.991193796667023     
          66          67  0.979195878361783     
          66          68  0.982114295963634     
          66          69  0.982819956370111     
          65          70  0.996557661603628     
          70          71  0.981818553211975     
          70          72  0.983274102632359     
          70          73  0.982051422464332     
          65          74  0.938319136521313     
          63          75   1.11500074336982     
          74          75  0.933993006046182     
          74          76  0.996391033581702     
          76          77  0.982582791917493     
          76          78  0.982252367733720     
          76          79  0.982233406169105     
          74          80  0.991469332250855     
          80          81  0.983279820611891     
          80          82  0.982994739107518     
          80          83  0.983081273102131     
           4          84  0.968269058123845     
          14          85  0.968560377778872     
          19          86  0.615341704016560     
          20          86  0.339809740340979     
          86          87   1.39231689058351     
          86          88   1.27888839441324     
          87          89  0.937278627654616     
          87          90   1.35967851559495     
          88          91   1.21802527270244     
          88          92   1.22737649367769     
          90          93   1.45482610213587     
          91          93   1.31756301488525     
          90          94  0.961109601062828     
          91          95   1.20812894479405     
          92          96   1.61424535014349     
          95          96   1.18560304446757     
          92          97  0.960393209779135     
          95          98  0.923187534574089     
          96          99  0.967942054282182     
