   -0.12172493
    0.07546902
   -0.04326348
   -0.02310766
   -0.04447775
    0.04730632
    0.05262472
    0.05428439
    0.04321888
    0.07100670
   -0.12601294
    0.04125664
   -0.04584817
   -0.02541466
   -0.04585644
    0.04206741
    0.04836908
    0.07730260
   -0.16183758
    0.09990940
    0.40388734
   -0.41105124
    0.13067051
   -0.12007514
    0.05287644
    0.04357390
    0.04983269
   -0.10708592
    0.04589843
    0.04000904
    0.02602816
    0.13116926
   -0.40673902
   -0.11993213
    0.05062257
    0.04477333
    0.04923926
   -0.11875565
    0.04540475
    0.05263724
    0.04394853
    0.40026639
   -0.38161918
    0.12808916
   -0.12734718
    0.05687467
    0.05687748
    0.04913385
   -0.12138643
    0.04733355
    0.04516573
    0.05184934
    0.12758553
   -0.38192755
   -0.12372785
    0.05267384
    0.05331199
    0.04764380
   -0.12345365
    0.04449933
    0.05206415
    0.05039505
    0.40031787
   -0.37590944
    0.12452532
   -0.13271834
    0.05989077
    0.05645861
    0.05055384
   -0.13022367
    0.06217640
    0.05039328
    0.05225516
    0.12711460
   -0.38120151
   -0.12382758
    0.05077436
    0.05176244
    0.05506749
   -0.12185990
    0.04047383
    0.04845863
    0.05419709
    0.05016486
    0.04603647
   -0.06511212
   -0.05285869
    0.03316232
    0.00367622
    0.01370329
   -0.00193611
   -0.13451270
    0.10232169
   -0.06500655
    0.08452749
    0.06645261
    0.05386483
   -0.31814437
    0.07029611
    0.07178428
    0.07639526
