           1           2   1.30818790833589     
           2           3   1.34536671789498     
           3           4   1.48684086853403     
           4           5   1.37719376945330     
           1           6   1.38456207325334     
           3           6  0.106178795922125     
           5           6   1.46464114985680     
           6           7  0.956794340834451     
           5           8  0.968631913309227     
           3           9  0.961947537996508     
           2          10   1.09645075964265     
          10          11   1.30090938346782     
          11          12   1.38279110268810     
          12          13   1.46096483751935     
          13          14   1.38075754260360     
          10          15   1.35059458777468     
          12          15  0.105207372029165     
          14          15   1.48100701226761     
          15          16  0.961900063160396     
          13          17  0.969236369678737     
          12          18  0.947169874077432     
           1          19  0.448198095298962     
          11          19  0.431571526502102     
          19          20  0.557870018091768     
          19          21  0.711606178411748     
          21          22   1.09048686882109     
          22          23  0.944034729008086     
          23          24  0.996312906005373     
          24          25  0.982762870223705     
          24          26  0.983745905473950     
          24          27  0.983358421828299     
          23          28  0.989929866626769     
          28          29  0.984180670182855     
          28          30  0.984130897146269     
          28          31  0.985120543984711     
          23          32  0.941043696526158     
          21          33   1.10540848047394     
          32          33  0.940502597083548     
          32          34  0.990789365422927     
          34          35  0.981752019042383     
          34          36  0.983759106659440     
          34          37  0.982087795808912     
          32          38  0.996817212444680     
          38          39  0.983256265977834     
          38          40  0.982848173236605     
          38          41  0.983846691466109     
          19          42  0.869724543094558     
          42          43   1.11254921126304     
          43          44  0.937581806996650     
          44          45  0.996582757871733     
          45          46  0.981821327737905     
          45          47  0.981623760702075     
          45          48  0.983172801913391     
          44          49  0.990873954583896     
          49          50  0.983534344166020     
          49          51  0.982695405706732     
          49          52  0.979289409763684     
          44          53  0.939019589094960     
          42          54   1.10645174332660     
          53          54  0.935976262473447     
          53          55  0.996413392019736     
          55          56  0.982562045920238     
          55          57  0.982846669015566     
          55          58  0.983224849433528     
          53          59  0.991097302288531     
          59          60  0.981123355333416     
          59          61  0.983213093644325     
          59          62  0.983173517495646     
          19          63  0.873054841112642     
          63          64   1.10810553526702     
          64          65  0.937888074470711     
          65          66  0.991283643399749     
          66          67  0.978424278027440     
          66          68  0.981953343506795     
          66          69  0.982839089981299     
          65          70  0.996500740606363     
          70          71  0.981752127537272     
          70          72  0.983328752154876     
          70          73  0.982235480660641     
          65          74  0.937883910801512     
          63          75   1.11739732234530     
          74          75  0.936101749103269     
          74          76  0.995837768295287     
          76          77  0.982848458158804     
          76          78  0.982273482606960     
          76          79  0.981798550582756     
          74          80  0.991210278392115     
          80          81  0.983822085990405     
          80          82  0.983301842745350     
          80          83  0.983263318748401     
           4          84  0.969087221495977     
          14          85  0.969321869980244     
          19          86  0.593627206683463     
          20          86  0.328084514056244     
          86          87   1.35916573857098     
          86          88   1.39713151723260     
          87          89   1.36824974259005     
          88          89  0.101659416317679     
          87          90  0.970016710833233     
          88          91   1.25081212254362     
          89          91   1.14470833477131     
          88          92   1.03370157669195     
          89          93   1.16689636008271     
          91          94   1.00210610570469     
          92          95  0.968519713755898     
          92          96  0.962586951551252     
          92          97  0.966638748901169     
          93          98   2.70741975211059     
          94          99  0.978480721186120     
          94         100  0.970556149868479     
          94         101  0.970468129512071     
