           1           2   1.36906181332227     
           2           3   1.27035716176333     
           3           4   1.17812347802369     
           4           5   1.61988856998826     
           2           6   1.06886986682344     
           4           6  0.100130067567467     
           5           6   1.08631967581489     
           5           7   1.04063065093836     
           1           8  0.110409625950456     
           3           8   1.34217852300925     
           8           9   1.45245352903574     
           9          10  0.973596448992080     
           1          11   1.46364659887085     
           9          11   1.37421964847824     
           1          12  0.962418476656176     
           7          13  0.975998164628606     
           7          14  0.954370837380985     
           7          15  0.954404549780984     
           8          16  0.962808742797437     
          11          17  0.965159128865563     
