   -0.11861003
    0.07880472
   -0.04104492
   -0.01952534
   -0.04035468
    0.04861809
    0.05904335
    0.06288671
    0.05263087
    0.07491712
   -0.12671294
    0.04180120
   -0.04216949
   -0.02112113
   -0.04493622
    0.05395116
    0.05662074
    0.07782076
   -0.14678216
    0.10411931
    0.40124532
   -0.40089622
    0.12877818
   -0.12372804
    0.05565343
    0.04706817
    0.05276489
   -0.11285074
    0.04990651
    0.04433642
    0.02970196
    0.12955930
   -0.39677710
   -0.12412686
    0.05434336
    0.04832829
    0.05076536
   -0.12190010
    0.04824442
    0.05427346
    0.04716720
    0.39944528
   -0.37795941
    0.12771354
   -0.12817665
    0.05662440
    0.05866230
    0.05154447
   -0.12359596
    0.05141846
    0.04914932
    0.05337543
    0.12704083
   -0.38079635
   -0.12571959
    0.05653915
    0.05467799
    0.05050648
   -0.12444466
    0.04568509
    0.05509225
    0.04862979
    0.39842385
   -0.37723300
    0.12440007
   -0.13275030
    0.06049977
    0.05461163
    0.05211932
   -0.13068422
    0.06086561
    0.05232040
    0.05323946
    0.12615579
   -0.37263789
   -0.12638994
    0.05256600
    0.05590141
    0.05644461
   -0.12463292
    0.04206596
    0.05214687
    0.05642745
    0.05940979
    0.05669097
   -0.04720572
   -0.03552884
    0.04779444
    0.14216658
    0.06547458
   -0.23390753
    0.07298470
   -0.24031863
    0.14690810
   -0.16555486
