           1           2   1.32242430972358     
           2           3   1.35741660004602     
           3           4   1.47404973973377     
           4           5   1.39465890117855     
           1           6   1.39333242336964     
           3           6  0.105429918212156     
           5           6   1.45223538781436     
           6           7  0.956183418020007     
           5           8  0.967584969651263     
           3           9  0.961670262625295     
           2          10   1.07954453816627     
          10          11   1.31700238869368     
          11          12   1.39618744790267     
          12          13   1.44835071244682     
          13          14   1.39754496574469     
          10          15   1.36117408889012     
          12          15  0.105014125795446     
          14          15   1.47072196998742     
          15          16  0.961416113823166     
          13          17  0.968317590723268     
          12          18  0.947241760374607     
           1          19  0.422470546455257     
          11          19  0.415294679028500     
          19          20  0.534635124996717     
          19          21  0.755088670060651     
          21          22   1.09970606619015     
          22          23  0.940296292071327     
          23          24  0.996644626246254     
          24          25  0.982331453939173     
          24          26  0.983353822953720     
          24          27  0.982962478090481     
          23          28  0.990457912834181     
          28          29  0.983728645985839     
          28          30  0.983790287993364     
          28          31  0.985381872884204     
          23          32  0.940633722503175     
          21          33   1.12034234744688     
          32          33  0.936878983622245     
          32          34  0.991063783051930     
          34          35  0.980841836415175     
          34          36  0.983316228846379     
          34          37  0.981891450107316     
          32          38  0.997148706932238     
          38          39  0.982993873230719     
          38          40  0.982634175719247     
          38          41  0.983482672650088     
          19          42  0.849415523741683     
          42          43   1.12933419814308     
          43          44  0.932171171683940     
          44          45  0.997316845433175     
          45          46  0.981921310114666     
          45          47  0.981267527249432     
          45          48  0.982678312836168     
          44          49  0.991330915921500     
          49          50  0.982999284850503     
          49          51  0.982175412733683     
          49          52  0.980172486607176     
          44          53  0.938881578609167     
          42          54   1.11514767514140     
          53          54  0.930860810064831     
          53          55  0.996430202528311     
          55          56  0.982078628728295     
          55          57  0.982642492519453     
          55          58  0.982766354745440     
          53          59  0.992265346767239     
          59          60  0.982293533094441     
          59          61  0.982453352229182     
          59          62  0.982941733389202     
          19          63  0.853299717275222     
          63          64   1.11471862910045     
          64          65  0.935253421515829     
          65          66  0.991541026907286     
          66          67  0.978106985536397     
          66          68  0.982378349709766     
          66          69  0.982712652065783     
          65          70  0.996628354935048     
          70          71  0.981860569977863     
          70          72  0.983155707191824     
          70          73  0.982066151054070     
          65          74  0.937868523315716     
          63          75   1.13005156262316     
          74          75  0.932809466018707     
          74          76  0.996278554854863     
          76          77  0.982565082747492     
          76          78  0.981870069368659     
          76          79  0.981395268152299     
          74          80  0.991687286328549     
          80          81  0.983730029123739     
          80          82  0.982854612680358     
          80          83  0.982965970467051     
           4          84  0.968016576325649     
          14          85  0.968176366714793     
          19          86  0.579264226215867     
          20          86  0.350530861411429     
          86          87   1.37095361321223     
          86          88   1.35304648868398     
          87          89   1.40370935890085     
          87          90  0.959275297908581     
          88          91   1.43383415764810     
          88          92  0.952764948874608     
          89          93  0.941603337581285     
          89          94   1.34263263290796     
          91          94   1.40522968169330     
          94          95  0.964035191870690     
