           1           2   1.59312867764306     
           2           3   1.25159164258660     
           1           4  0.105545094869088     
           3           4   1.61256071337932     
           4           5   1.04185399213878     
           1           6   1.14565547096272     
           4           6   1.13705157708196     
           1           7  0.975320988450122     
           2           8  0.960924756464267     
           3           9  0.959996986958294     
           5          10  0.976462671325452     
           5          11  0.965834965137833     
           5          12  0.964970393156894     
