   -0.12186967
    0.07825542
   -0.04196323
   -0.01960453
   -0.04106579
    0.05032335
    0.05595706
    0.06184768
    0.05291149
    0.07403138
   -0.12934333
    0.04251204
   -0.04255721
   -0.02282019
   -0.04433874
    0.05314552
    0.05679149
    0.07642156
   -0.13883221
    0.08442808
    0.40600175
   -0.40163241
    0.12941981
   -0.12332202
    0.05551003
    0.04679574
    0.05365697
   -0.11141176
    0.05017839
    0.04445515
    0.02760663
    0.13103322
   -0.40517544
   -0.12274133
    0.05221483
    0.04840486
    0.05086633
   -0.12095376
    0.04685559
    0.05419024
    0.04770037
    0.40436744
   -0.37564875
    0.12837874
   -0.12848059
    0.06234357
    0.05610642
    0.05146405
   -0.12166565
    0.05123525
    0.05081623
    0.05172220
    0.12690716
   -0.38834638
   -0.12398760
    0.05164888
    0.05356125
    0.05117848
   -0.12236002
    0.04407236
    0.05367541
    0.04943440
    0.40418120
   -0.38311064
    0.12627246
   -0.13161224
    0.05637530
    0.06347002
    0.05140615
   -0.12950626
    0.06142132
    0.05236547
    0.05286241
    0.12662195
   -0.37687916
   -0.12582442
    0.05276526
    0.05451054
    0.05743034
   -0.12358804
    0.04007339
    0.05297503
    0.05627909
    0.05920193
    0.05634276
   -0.01530563
   -0.02459518
    0.01681589
   -0.02409666
    0.04561165
    0.12043367
   -0.01547301
    0.00822929
    0.04637849
   -0.26515674
    0.04751574
    0.11315884
   -0.27785642
