           1           2   1.31913451895708     
           2           3   1.35386403009575     
           3           4   1.47757514364897     
           4           5   1.39165562093209     
           1           6   1.39415321052817     
           3           6  0.105552512616419     
           5           6   1.45344824818273     
           6           7  0.956456106040844     
           5           8  0.967733974968212     
           3           9  0.961159912649956     
           2          10   1.08525005741173     
          10          11   1.30878452415666     
          11          12   1.38589739024925     
          12          13   1.45518242430234     
          13          14   1.39089524258989     
          10          15   1.35825459442198     
          12          15  0.104661898120199     
          14          15   1.47346713488074     
          15          16  0.960974351884898     
          13          17  0.968265355606986     
          12          18  0.947535415879424     
           1          19  0.424856170593774     
          11          19  0.419432993988347     
          19          20  0.525566926716543     
          19          21  0.726662066463781     
          21          22   1.10528131046300     
          22          23  0.938446168302490     
          23          24  0.996932773508221     
          24          25  0.982325870260264     
          24          26  0.983257634163201     
          24          27  0.982903071616390     
          23          28  0.990567779331881     
          28          29  0.983710551438808     
          28          30  0.983790980654670     
          28          31  0.984817536426296     
          23          32  0.941353081975093     
          21          33   1.11235188202939     
          32          33  0.935510362039242     
          32          34  0.991381269902412     
          34          35  0.981739205319984     
          34          36  0.983311604732981     
          34          37  0.981235912639756     
          32          38  0.997463793604431     
          38          39  0.983063759444300     
          38          40  0.982401559011167     
          38          41  0.983362936290687     
          19          42  0.836228998793461     
          42          43   1.14719305045068     
          43          44  0.932569049475292     
          44          45  0.995481764262979     
          45          46  0.976927189176854     
          45          47  0.981336861380988     
          45          48  0.982340333722305     
          44          49  0.992153398744289     
          49          50  0.982724616320080     
          49          51  0.982362441081078     
          49          52  0.979929853437319     
          44          53  0.936162508402974     
          42          54   1.09989655307315     
          53          54  0.932604247310538     
          53          55  0.994748631382825     
          55          56  0.982472138581515     
          55          57  0.982687611625764     
          55          58  0.982561130872496     
          53          59  0.993407553902602     
          59          60  0.980368037542131     
          59          61  0.982293815402231     
          59          62  0.982988599107329     
          19          63  0.844813655672506     
          63          64   1.11911257639352     
          64          65  0.930829342505902     
          65          66  0.992226151704690     
          66          67  0.978772282927811     
          66          68  0.978996547160000     
          66          69  0.982783607721979     
          65          70  0.997129748240712     
          70          71  0.981951394877905     
          70          72  0.983093069562563     
          70          73  0.982182385276548     
          65          74  0.939031296457385     
          63          75   1.12654197841442     
          74          75  0.931296577317349     
          74          76  0.996694827784802     
          76          77  0.982619011979367     
          76          78  0.982436492389175     
          76          79  0.981820672553132     
          74          80  0.991527404115990     
          80          81  0.983824897910452     
          80          82  0.982904830698318     
          80          83  0.983090977561848     
           4          84  0.968039998552162     
          14          85  0.968272215408525     
          19          86  0.617937824256628     
          20          86  0.359609938202211     
          86          87   1.35544178177067     
          86          88   1.29352299060602     
          87          89   1.48238757971939     
          87          90  0.959595205729932     
          88          91   1.09364694797720     
          88          92   1.37802809656836     
          89          93   1.31552967804462     
          92          93   1.36382423222006     
          89          94  0.968395885288093     
          91          95   2.77207950965386     
          92          96  0.967535111243449     
          93          97   1.11014687085753     
          97          98   2.77408242650300     
