   -0.12111611
    0.07608339
   -0.04304405
   -0.02374498
   -0.04499135
    0.04748266
    0.05007063
    0.05320056
    0.04347245
    0.07216931
   -0.12400254
    0.04275436
   -0.04599349
   -0.02547102
   -0.04565548
    0.04151680
    0.04833152
    0.07612462
   -0.16882193
    0.09313973
    0.40338720
   -0.41158845
    0.13072318
   -0.12016607
    0.05286169
    0.04390334
    0.04956978
   -0.10798620
    0.04626769
    0.04025381
    0.02773341
    0.13109428
   -0.40522168
   -0.12013580
    0.05166223
    0.04471869
    0.04855403
   -0.11884986
    0.04616203
    0.05249869
    0.04403511
    0.40050585
   -0.38546109
    0.12807750
   -0.12834845
    0.05626631
    0.05775071
    0.04930297
   -0.12143634
    0.04721749
    0.04437881
    0.05263281
    0.12775331
   -0.38111046
   -0.12336317
    0.05241226
    0.05328722
    0.04761949
   -0.12412732
    0.04582424
    0.05194911
    0.05150035
    0.40109085
   -0.37577692
    0.12462915
   -0.13149669
    0.05724396
    0.05620404
    0.05061780
   -0.13003132
    0.06117447
    0.05037824
    0.05304787
    0.12748484
   -0.38438469
   -0.12408354
    0.05078845
    0.05235260
    0.05485737
   -0.12186936
    0.03966185
    0.04908453
    0.05428700
    0.04961732
    0.04587753
   -0.02082060
   -0.07262940
    0.00068195
   -0.07949371
   -0.00379027
   -0.03768973
   -0.08004888
    0.00449380
    0.02344789
    0.06584062
    0.06167776
    0.09396145
