           1           2   1.30525446060262     
           2           3   1.34565728882169     
           3           4   1.48710902914067     
           4           5   1.37555099992214     
           1           6   1.38294665571998     
           3           6  0.106047947371847     
           5           6   1.46596872053691     
           6           7  0.956435338638718     
           5           8  0.968746410046879     
           3           9  0.961844165267981     
           2          10   1.09669224064982     
          10          11   1.30197207947529     
          11          12   1.38508937763727     
          12          13   1.45940304183500     
          13          14   1.38135906093942     
          10          15   1.35003125667121     
          12          15  0.105279643942847     
          14          15   1.48135671751424     
          15          16  0.961897300369636     
          13          17  0.969270202418762     
          12          18  0.948396594587635     
           1          19  0.455177852807780     
          11          19  0.434768107947988     
          19          20  0.546569487587595     
          19          21  0.715843921492600     
          21          22   1.09020541791255     
          22          23  0.943582578995580     
          23          24  0.996380989774222     
          24          25  0.982741171581274     
          24          26  0.983742429892283     
          24          27  0.983418092273386     
          23          28  0.990003365400824     
          28          29  0.984137876033002     
          28          30  0.984095762550831     
          28          31  0.985370873897001     
          23          32  0.941053429700826     
          21          33   1.10697532056778     
          32          33  0.940285192725137     
          32          34  0.990695310939275     
          34          35  0.981121381007412     
          34          36  0.983847927657922     
          34          37  0.982445540108913     
          32          38  0.996733445158425     
          38          39  0.983276775373229     
          38          40  0.982700274865748     
          38          41  0.983845074324305     
          19          42  0.869295775837889     
          42          43   1.10384624431450     
          43          44  0.937659000724612     
          44          45  0.996435275611668     
          45          46  0.981753639303808     
          45          47  0.981572657914026     
          45          48  0.983321181583720     
          44          49  0.990930463573896     
          49          50  0.983419737526150     
          49          51  0.982931932554723     
          49          52  0.979129308932381     
          44          53  0.938507022157830     
          42          54   1.11117885703706     
          53          54  0.936110341069218     
          53          55  0.996105959034429     
          55          56  0.982596545948788     
          55          57  0.982861538329254     
          55          58  0.983227737843237     
          53          59  0.991367404665046     
          59          60  0.983290369659420     
          59          61  0.983210818481558     
          59          62  0.982910094648266     
          19          63  0.876471578633608     
          63          64   1.10747133304997     
          64          65  0.939116941161774     
          65          66  0.990982154667939     
          66          67  0.979083188027858     
          66          68  0.982149276560417     
          66          69  0.982947286907139     
          65          70  0.996333265472618     
          70          71  0.981893048610985     
          70          72  0.983372817923403     
          70          73  0.982242927629507     
          65          74  0.938385794907736     
          63          75   1.11356006752164     
          74          75  0.935546402269954     
          74          76  0.996278495354854     
          76          77  0.982730115359060     
          76          78  0.982197096618108     
          76          79  0.982242054157953     
          74          80  0.991178831484963     
          80          81  0.983480677452472     
          80          82  0.983321292842278     
          80          83  0.983214599028583     
           4          84  0.969152688670968     
          14          85  0.969324495516541     
          19          86  0.595138262535019     
          20          86  0.334207985567032     
          86          87   1.46736910333795     
          86          88   1.21838340816532     
          87          89   1.33324588159715     
          87          90  0.970117018724089     
          86          91  0.114490308574224     
          88          91   1.22022775533089     
          89          91   1.52863511447513     
          88          92   1.00223685604915     
          89          93  0.974376292281809     
          91          94  0.969398573394510     
          92          95  0.970873479520906     
          92          96  0.978474786033023     
          92          97  0.961432333769747     
