   -0.13143161
    0.07268432
   -0.04626248
   -0.02246944
   -0.04437093
    0.04322704
    0.08084612
    0.05321210
    0.04227301
    0.06932594
   -0.13612183
    0.04438094
   -0.04376880
   -0.02530240
   -0.04852422
    0.04101899
    0.04860767
    0.07944597
   -0.14717941
    0.08856175
    0.39874589
   -0.41152862
    0.13064908
   -0.12271941
    0.05447975
    0.04433889
    0.05238284
   -0.10826690
    0.04572964
    0.04159044
    0.02511677
    0.13122330
   -0.41164255
   -0.11955793
    0.04402667
    0.04775190
    0.05089268
   -0.11755082
    0.04088340
    0.05282116
    0.04508224
    0.40131605
   -0.36449248
    0.12622931
   -0.12702497
    0.05304630
    0.05957893
    0.04943152
   -0.12269068
    0.04895907
    0.05327789
    0.04733760
    0.12626483
   -0.38009969
   -0.12324240
    0.04950573
    0.05307020
    0.04835833
   -0.12202382
    0.04349040
    0.05053076
    0.04915999
    0.40221659
   -0.38174790
    0.12592427
   -0.12657056
    0.04735657
    0.05446398
    0.05377098
   -0.12782242
    0.05739874
    0.05004338
    0.05310428
    0.12825403
   -0.37227206
   -0.12902251
    0.05040009
    0.05794960
    0.06153021
   -0.12129093
    0.04625192
    0.04442797
    0.05178189
    0.04817714
    0.04524958
   -0.02251211
   -0.04318593
   -0.02698387
   -0.04318927
    0.02338455
    0.03167744
   -0.02660224
   -0.06122194
    0.02243621
    0.07481377
    0.02444180
   -0.05322991
    0.02899811
   -0.33684667
   -0.05968856
    0.00009125
    0.05150582
    0.55700324
   -0.04925641
    0.03537429
   -0.06431501
   -0.21746959
   -0.21579013
   -0.21258527
    0.03598699
   -0.10483874
    0.04010519
    0.04592339
    0.04562433
    0.04684144
    0.04169844
    0.04886277
    0.03572992
    0.04413770
    0.03556893
    0.03955694
    0.04473193
    0.03808968
    0.03980803
    0.03316466
