           1           2   1.32077995378368     
           2           3   1.34937590095643     
           3           4   1.48054099268960     
           4           5   1.38954239285073     
           1           6   1.39891698592578     
           3           6  0.106728567229178     
           5           6   1.45173933154630     
           6           7  0.946952669258834     
           5           8  0.968799521175092     
           3           9  0.962201192891534     
           2          10   1.08899633912870     
          10          11   1.31107326687227     
          11          12   1.38929133826248     
          12          13   1.45552198071801     
          13          14   1.38713503999400     
          10          15   1.35171757215225     
          12          15  0.105398627628068     
          14          15   1.47657505479061     
          15          16  0.962032234582012     
          13          17  0.969219236412963     
          12          18  0.944147015114629     
           1          19  0.403735326850019     
          11          19  0.394381629995672     
          19          20  0.527785121609399     
          19          21  0.731599727365870     
          21          22   1.08673671979645     
          22          23  0.943517253134875     
          23          24  0.996265988633906     
          24          25  0.981251191537458     
          24          26  0.983599533829186     
          24          27  0.983002526416398     
          23          28  0.989965483739144     
          28          29  0.984086843385859     
          28          30  0.984116101751533     
          28          31  0.981757973775911     
          23          32  0.940576027074269     
          21          33   1.09991377820597     
          32          33  0.942428989235170     
          32          34  0.990946126452172     
          34          35  0.983569258576257     
          34          36  0.983403732168737     
          34          37  0.980898612221987     
          32          38  0.996107338530900     
          38          39  0.983460261675572     
          38          40  0.982972292999057     
          38          41  0.983899544531724     
          19          42  0.876669833473804     
          42          43   1.14624469072024     
          43          44  0.940057179527009     
          44          45  0.995627596067802     
          45          46  0.979320527658557     
          45          47  0.981994967568783     
          45          48  0.983455651570751     
          44          49  0.990562857980799     
          49          50  0.983357490002839     
          49          51  0.982480879683738     
          49          52  0.980946619628489     
          44          53  0.935997562342576     
          42          54   1.09583960423787     
          53          54  0.938625625284931     
          53          55  0.994634977682652     
          55          56  0.982675096465735     
          55          57  0.982840281765142     
          55          58  0.983241403291073     
          53          59  0.991918141095366     
          59          60  0.978527570877916     
          59          61  0.983214149584719     
          59          62  0.982951658231362     
          19          63  0.892326252150409     
          63          64   1.08826754613191     
          64          65  0.937331452735935     
          65          66  0.991192852650850     
          66          67  0.980075852402497     
          66          68  0.982464749512729     
          66          69  0.983152211704716     
          65          70  0.996198163495824     
          70          71  0.982448911684054     
          70          72  0.983068780635905     
          70          73  0.982520401305013     
          65          74  0.938971739449668     
          63          75   1.12453536668914     
          74          75  0.936926927488789     
          74          76  0.997207228439443     
          76          77  0.983051015584433     
          76          78  0.982301792311340     
          76          79  0.976582120665231     
          74          80  0.989344197873881     
          80          81  0.981966429955704     
          80          82  0.982587355457148     
          80          83  0.983174203028150     
           4          84  0.969033215092919     
          14          85  0.969281382448213     
          19          86  0.593501971693191     
          20          86  0.351929613224832     
          86          87   1.40644956180719     
          86          88   1.32166683241753     
          87          89   1.40109929757251     
          87          90  0.961314297544939     
          88          91   1.24462462184369     
          88          92   1.14656145332818     
          89          93   1.45571584914612     
          91          93   1.35128938757225     
          89          94  0.970446175941038     
          91          95   1.13730638217490     
          92          96   1.24852284880600     
          95          96   1.13700563740486     
          92          97   1.35946398156000     
          93          98  0.967254609431168     
          95          99  0.982105562469903     
          96         100   1.35067264135333     
          97         100  0.103995755805591     
          97         101   1.44717268257235     
          97         102  0.948189931761726     
          99         103  0.994519136836260     
         100         104   1.47331907247630     
         101         104   1.36630178568465     
         100         105  0.966926734062732     
         101         106   1.00956868242739     
         103         107  0.896568736247216     
         103         108  0.886729365285390     
         103         109  0.897849748463448     
         104         110  0.969056735668059     
         106         111   1.00446683586876     
         106         112  0.969705978228892     
         106         113  0.971804635798450     
         107         114  0.983142350891046     
         107         115  0.982560673290960     
         107         116  0.989846073428196     
         108         117  0.984583181218576     
         108         118  0.995083261794478     
         108         119  0.985648246911534     
         109         120  0.985493130666820     
         109         121  0.984362194765496     
         109         122  0.990268363793636     
         111         123  0.987134279941697     
         111         124  0.986180584881555     
         111         125  0.985407259232757     
