   -0.13777721
    0.07554812
   -0.04192906
   -0.02153000
   -0.04323300
    0.04956830
    0.05189437
    0.05500169
    0.04535465
    0.06932231
   -0.13357910
    0.04663707
   -0.04384288
   -0.02423796
   -0.04697980
    0.04675231
    0.05159946
    0.07083463
   -0.15219421
    0.08659730
    0.39982180
   -0.40877939
    0.13016018
   -0.12059795
    0.05301948
    0.04482232
    0.05013315
   -0.10957425
    0.04731813
    0.04199891
    0.02807605
    0.13109366
   -0.40575757
   -0.12053771
    0.05165717
    0.04555299
    0.04829547
   -0.11950084
    0.04682734
    0.05217016
    0.04495519
    0.40741236
   -0.38302133
    0.12867374
   -0.12611901
    0.05535724
    0.05650945
    0.05006587
   -0.12132335
    0.04893205
    0.04528894
    0.05270882
    0.12775205
   -0.38056746
   -0.12440158
    0.05414191
    0.05476971
    0.04892385
   -0.12344974
    0.04503237
    0.05312955
    0.05057713
    0.40161886
   -0.37789521
    0.12516428
   -0.12988851
    0.05817739
    0.05406416
    0.04943143
   -0.12946723
    0.06064207
    0.05028615
    0.05238602
    0.12740267
   -0.38309736
   -0.12368390
    0.05073102
    0.05337409
    0.05408897
   -0.12219889
    0.04042027
    0.04934499
    0.05464070
    0.05187248
    0.05052161
   -0.04566564
    0.03985500
   -0.04706928
    0.05346516
   -0.13849407
   -0.04561304
    0.03835344
   -0.33114095
   -0.05896450
    0.14668848
    0.17968883
    0.02956401
    0.03634351
   -0.13421845
    0.07912943
    0.06592616
    0.05886206
