           1           2   1.30257152674851     
           2           3   1.35203636249647     
           3           4   1.47995886378333     
           4           5   1.38255813647290     
           1           6   1.38685247956744     
           3           6  0.104570284340073     
           5           6   1.45926960185894     
           6           7  0.957427476535428     
           5           8  0.968608062789956     
           3           9  0.962246265065406     
           2          10   1.09010828538280     
          10          11   1.30169611897627     
          11          12   1.39093811205825     
          12          13   1.45359382275624     
          13          14   1.38776350041324     
          10          15   1.35656161110708     
          12          15  0.104145115092357     
          14          15   1.47476956116780     
          15          16  0.962193220351790     
          13          17  0.968956674693931     
          12          18  0.950815585343582     
           1          19  0.420662130993652     
          11          19  0.427481035098910     
          19          20  0.527286600356165     
          19          21  0.731978171046058     
          21          22   1.08905315404209     
          22          23  0.942901697717774     
          23          24  0.996367320940525     
          24          25  0.982681827435100     
          24          26  0.983673102584751     
          24          27  0.983281834158541     
          23          28  0.989950798179736     
          28          29  0.984058696385470     
          28          30  0.983704411761657     
          28          31  0.985364188683741     
          23          32  0.941129766492166     
          21          33   1.10999791713538     
          32          33  0.939535921746493     
          32          34  0.990832326136498     
          34          35  0.981163846279957     
          34          36  0.983632544263951     
          34          37  0.982034026361238     
          32          38  0.996817204070569     
          38          39  0.983198866167665     
          38          40  0.982874690365961     
          38          41  0.983755486220245     
          19          42  0.856509185585088     
          42          43   1.11728878444206     
          43          44  0.934609914064567     
          44          45  0.996902242041574     
          45          46  0.982155054629523     
          45          47  0.981604425926448     
          45          48  0.982997852928008     
          44          49  0.991079793229962     
          49          50  0.983275522658374     
          49          51  0.982381495865213     
          49          52  0.979161804812068     
          44          53  0.938585368447135     
          42          54   1.11401747633714     
          53          54  0.933809745471964     
          53          55  0.996227131826258     
          55          56  0.982361764276281     
          55          57  0.982734155004933     
          55          58  0.983009491638633     
          53          59  0.991753086069028     
          59          60  0.982344735660613     
          59          61  0.982945873509833     
          59          62  0.982913633100294     
          19          63  0.866286531791418     
          63          64   1.11093665464417     
          64          65  0.938477186549264     
          65          66  0.991166008490411     
          66          67  0.978431210429226     
          66          68  0.982509760205438     
          66          69  0.983125835139385     
          65          70  0.996204099151846     
          70          71  0.981968300615881     
          70          72  0.983490073534059     
          70          73  0.982256399411348     
          65          74  0.937942946125064     
          63          75   1.11466243606243     
          74          75  0.935734888251149     
          74          76  0.996263760143087     
          76          77  0.982844897045554     
          76          78  0.982200798754454     
          76          79  0.981611525086964     
          74          80  0.991205826536788     
          80          81  0.983985084103590     
          80          82  0.983249690196834     
          80          83  0.983257885681037     
           4          84  0.968939681185375     
          14          85  0.968923690016456     
          19          86  0.573598901475598     
          20          86  0.354828908606682     
          86          87   1.31698892383046     
          86          88   1.42091659559884     
          87          89   1.24682278430374     
          87          90   1.14362921166387     
          88          91   1.38787355492946     
          88          92  0.961686841660463     
          89          93   1.19898066130302     
          90          93  0.111255858980710     
          86          94  0.102958282856624     
          89          94   1.33278842368596     
          91          94   1.48131433377891     
          90          95   1.21713170738855     
          93          95   1.54951288170098     
          90          96  0.927859100770014     
          91          97  0.969676776354866     
          94          98  0.968339787048778     
          95          99   1.02817606526601     
          99         100  0.980192185845713     
          99         101  0.968237531158635     
          99         102  0.968255391922094     
