   -0.12299169
    0.07657299
   -0.04236683
   -0.02257801
   -0.04344541
    0.04743295
    0.05284657
    0.05446576
    0.04612919
    0.07157121
   -0.11982916
    0.04143262
   -0.04554522
   -0.02562335
   -0.04564109
    0.04648824
    0.05073937
    0.07572952
   -0.16260072
    0.10136833
    0.40220349
   -0.40999352
    0.13023880
   -0.12014872
    0.05205824
    0.04401468
    0.05040955
   -0.10932020
    0.04673928
    0.04199195
    0.02816841
    0.13110689
   -0.40524148
   -0.11958774
    0.05115702
    0.04456740
    0.04759862
   -0.11914245
    0.04688127
    0.05166287
    0.04437117
    0.40422582
   -0.38643630
    0.12907568
   -0.12401685
    0.05226471
    0.05500608
    0.04863884
   -0.12047686
    0.04747363
    0.04472103
    0.05281259
    0.12767637
   -0.38088411
   -0.12397735
    0.05435540
    0.05445153
    0.04739512
   -0.12051462
    0.03995734
    0.05128236
    0.05035550
    0.40127245
   -0.37959196
    0.12517062
   -0.12902312
    0.05674782
    0.05331604
    0.04887999
   -0.12893802
    0.06027384
    0.04959279
    0.05241377
    0.12766954
   -0.38308350
   -0.12278361
    0.04965805
    0.05280693
    0.05337383
   -0.12087898
    0.04043007
    0.04756634
    0.05381670
    0.05156106
    0.04889363
   -0.06254088
    0.04898449
   -0.05574548
   -0.11796543
   -0.10692828
    0.02379999
    0.03363426
    0.05729587
    0.05872909
    0.04797517
    0.19864899
    0.10091431
   -0.30322308
