           1           2   1.30432239381567     
           2           3   1.35027938251279     
           3           4   1.48199811482575     
           4           5   1.38140438840003     
           1           6   1.38602252750196     
           3           6  0.105205281731520     
           5           6   1.46091683672457     
           6           7  0.957115314583463     
           5           8  0.968630086245614     
           3           9  0.961865200599859     
           2          10   1.09277870242373     
          10          11   1.29992475595588     
          11          12   1.38449125559840     
          12          13   1.45828903117890     
          13          14   1.38369950124397     
          10          15   1.35431870709016     
          12          15  0.104692370884960     
          14          15   1.47787374394960     
          15          16  0.961764177631389     
          13          17  0.969000608559078     
          12          18  0.948859916701004     
           1          19  0.445612472130669     
          11          19  0.451254646700293     
          19          20  0.552178908006860     
          19          21  0.722781131859664     
          21          22   1.08864002507954     
          22          23  0.943833229788526     
          23          24  0.996332202304341     
          24          25  0.982803749739039     
          24          26  0.983722069276706     
          24          27  0.983249250585488     
          23          28  0.989944035586462     
          28          29  0.984134758874756     
          28          30  0.983940814340710     
          28          31  0.985271929130553     
          23          32  0.940889422994257     
          21          33   1.10968898176177     
          32          33  0.940255501518046     
          32          34  0.990820465628511     
          34          35  0.981021642394911     
          34          36  0.983666316196621     
          34          37  0.981913716769428     
          32          38  0.996726448849974     
          38          39  0.983175972590010     
          38          40  0.982959050634985     
          38          41  0.983828897595812     
          19          42  0.860824180492853     
          42          43   1.11123772029775     
          43          44  0.937394541287992     
          44          45  0.996837986051315     
          45          46  0.982459924143603     
          45          47  0.981908326599461     
          45          48  0.983216496356774     
          44          49  0.990746736089444     
          49          50  0.983455032971294     
          49          51  0.981890578119534     
          49          52  0.979138222092860     
          44          53  0.938595283567386     
          42          54   1.10946386190668     
          53          54  0.936670475728501     
          53          55  0.995901633985453     
          55          56  0.982359495641516     
          55          57  0.982762817892341     
          55          58  0.983220440472337     
          53          59  0.991631937621644     
          59          60  0.982872173009748     
          59          61  0.983085996315627     
          59          62  0.982944768897870     
          19          63  0.859892843873920     
          63          64   1.10709875915675     
          64          65  0.939288286058458     
          65          66  0.991072789031090     
          66          67  0.979148800025590     
          66          68  0.982608417182633     
          66          69  0.983224851636579     
          65          70  0.996365890552210     
          70          71  0.982040373421191     
          70          72  0.983550197659613     
          70          73  0.982278853490591     
          65          74  0.938053210292518     
          63          75   1.11479228877485     
          74          75  0.937127697368461     
          74          76  0.996043344936902     
          76          77  0.983040248090941     
          76          78  0.982202547030996     
          76          79  0.981011352314380     
          74          80  0.990920774565315     
          80          81  0.984082259164450     
          80          82  0.983312214681000     
          80          83  0.983402016836995     
           4          84  0.968968218071451     
          14          85  0.969090302315638     
          19          86  0.589129489846913     
          20          86  0.336780010183945     
          86          87   1.42182040097638     
          86          88   1.34133552470962     
          87          89   1.02873774215015     
          87          90   1.23774236746126     
          87          91  0.109768878530145     
          88          91   1.40030684714129     
          90          91   1.15256117211411     
          88          92  0.967777322875428     
          89          93  0.974212320913211     
          89          94  0.975724834466227     
          89          95  0.967957600604456     
          90          96  0.930817968840550     
          91          97   1.15717321698657     
          97          98   2.72309161311397     
