   -0.10952297
    0.08049372
   -0.04232828
   -0.02124191
   -0.04300538
    0.04790155
    0.05315181
    0.05911961
    0.05293042
    0.07789964
   -0.11744680
    0.04131459
   -0.04400387
   -0.02354136
   -0.04359433
    0.05102107
    0.05346111
    0.07342687
   -0.15561048
    0.08122314
    0.40382765
   -0.40362779
    0.12938702
   -0.12308084
    0.05456099
    0.04621323
    0.05307479
   -0.11136713
    0.04929851
    0.04351011
    0.02884876
    0.13021303
   -0.40064510
   -0.12238312
    0.05224068
    0.04754999
    0.05044057
   -0.12138941
    0.04816566
    0.05429392
    0.04685090
    0.39942000
   -0.38433012
    0.12847972
   -0.12611797
    0.05330890
    0.05741025
    0.05088964
   -0.12312516
    0.05021772
    0.04693733
    0.05433072
    0.12800093
   -0.38614339
   -0.12522355
    0.05607206
    0.05467060
    0.04977841
   -0.12151015
    0.03861199
    0.05455379
    0.04962608
    0.40290600
   -0.38141428
    0.12523460
   -0.13041342
    0.05885753
    0.05281825
    0.05137723
   -0.12902882
    0.05966414
    0.05174563
    0.05208571
    0.12682784
   -0.37662557
   -0.12534426
    0.05193282
    0.05577290
    0.05517579
   -0.12296871
    0.04054003
    0.05163178
    0.05561698
    0.05746396
    0.05414651
    0.07335611
   -0.25382946
   -0.05360515
    0.14402420
    0.06926809
    0.04827144
   -0.27479337
    0.03293155
    0.04288561
