           1           2   1.31802479200650     
           2           3   1.35027838297913     
           3           4   1.48163971673126     
           4           5   1.38610234870012     
           1           6   1.38959095646860     
           3           6  0.106440008032616     
           5           6   1.45840685403166     
           6           7  0.956298101055704     
           5           8  0.968040681429155     
           3           9  0.961651324669093     
           2          10   1.08588861706451     
          10          11   1.30968698791714     
          11          12   1.38900285296027     
          12          13   1.45453157231853     
          13          14   1.38992924992030     
          10          15   1.35642797711986     
          12          15  0.105442528832259     
          14          15   1.47524044468117     
          15          16  0.961721400929480     
          13          17  0.968687709421434     
          12          18  0.947511849589683     
           1          19  0.451606168164286     
          11          19  0.429748129495274     
          19          20  0.516373254705996     
          19          21  0.731826081614085     
          21          22   1.09827630463617     
          22          23  0.940188824796275     
          23          24  0.996720986869495     
          24          25  0.982539262436544     
          24          26  0.983473972132527     
          24          27  0.983008274002980     
          23          28  0.990310480163063     
          28          29  0.983826982596437     
          28          30  0.983872853770950     
          28          31  0.985168296267315     
          23          32  0.941311373176970     
          21          33   1.11612361573502     
          32          33  0.936434836927113     
          32          34  0.991046651315335     
          34          35  0.981275639015718     
          34          36  0.983532361518538     
          34          37  0.982273146513725     
          32          38  0.997232419458450     
          38          39  0.982994425837768     
          38          40  0.982653330616502     
          38          41  0.983496781833375     
          19          42  0.852388688923969     
          42          43   1.11715692447048     
          43          44  0.934737435715098     
          44          45  0.996963509314986     
          45          46  0.982333914094843     
          45          47  0.981620712020577     
          45          48  0.982979800704365     
          44          49  0.990979698925264     
          49          50  0.983224583894398     
          49          51  0.982370903893968     
          49          52  0.979493348593989     
          44          53  0.939370222372699     
          42          54   1.10700665471381     
          53          54  0.933117743577836     
          53          55  0.996346063262962     
          55          56  0.982229660300896     
          55          57  0.982744353061277     
          55          58  0.982975259418953     
          53          59  0.991620097110527     
          59          60  0.983012507645657     
          59          61  0.982902746648650     
          59          62  0.983102267304619     
          19          63  0.862908597879164     
          63          64   1.10887873659776     
          64          65  0.936654853565441     
          65          66  0.991299658548872     
          66          67  0.978619155478719     
          66          68  0.982650513256096     
          66          69  0.982882369520440     
          65          70  0.996472376728161     
          70          71  0.982025952967336     
          70          72  0.983278721386915     
          70          73  0.982223227704588     
          65          74  0.937767571796815     
          63          75   1.12760937525810     
          74          75  0.933701435850057     
          74          76  0.996063496498133     
          76          77  0.982696861621898     
          76          78  0.982000121924116     
          76          79  0.981523024743536     
          74          80  0.991648846224979     
          80          81  0.983808211286955     
          80          82  0.982923027482597     
          80          83  0.983037403173161     
           4          84  0.968216298559320     
          14          85  0.968426961233624     
          19          86  0.608065769377168     
          20          86  0.349348581962320     
          86          87   1.38037608835013     
          86          88   1.33012767564494     
          87          89   1.42153705281515     
          88          89  0.109162195363285     
          88          90   1.47965480424068     
          88          91  0.962154882784048     
          89          92   1.43680145464543     
          90          92   1.38088746066666     
          89          93  0.955190369747229     
          90          94  0.961047200399163     
