           1           2   1.45174042738361     
           2           3   1.43457647273460     
           1           4  0.107318474088206     
           3           4   1.43192449002459     
           2           5  0.108063918952844     
           4           5   1.45587199091671     
           1           6   1.38788345379557     
           3           6  0.104085855415045     
           5           6   1.38227717198856     
           6           7   1.04956798475119     
           7           8   1.38171390686897     
           8           9   1.45146093561666     
           7          10  0.106376693714443     
           9          10   1.42046928653736     
          10          11   1.43150980466100     
           7          12   1.37084434541683     
           9          12  0.110183114561197     
          11          12   1.45782207351350     
           1          13  0.967316030969203     
           2          14  0.970326637245782     
           3          15  0.970869399683810     
           4          16  0.969925823503254     
           5          17  0.966941788037742     
           9          18  0.962966159025335     
          10          19  0.970018994995727     
          11          20  0.969161013635133     
          12          21  0.966590176395116     
