   -0.12158851
    0.07869181
   -0.04144818
   -0.02141774
   -0.04255090
    0.04905964
    0.05268276
    0.05736065
    0.04799343
    0.07454350
   -0.12494852
    0.04315135
   -0.04351694
   -0.02279963
   -0.04463921
    0.04888269
    0.05319456
    0.07415795
   -0.15712709
    0.08256285
    0.40228116
   -0.41026851
    0.13056193
   -0.12153513
    0.05381410
    0.04527919
    0.05082510
   -0.10884952
    0.04768066
    0.04108059
    0.02775142
    0.13081787
   -0.40275371
   -0.11962920
    0.04750985
    0.04712921
    0.05017260
   -0.11986920
    0.04735884
    0.05318161
    0.04545168
    0.40522010
   -0.38242837
    0.12858479
   -0.12601427
    0.05428350
    0.05697391
    0.05016255
   -0.12233917
    0.04921009
    0.04583545
    0.05368457
    0.12797809
   -0.38442878
   -0.12431905
    0.05419613
    0.05443814
    0.04898108
   -0.12196556
    0.04192260
    0.05321442
    0.04969429
    0.40014468
   -0.37782733
    0.12506359
   -0.13001035
    0.05889082
    0.05350911
    0.05012042
   -0.12901503
    0.05985941
    0.05101257
    0.05186128
    0.12638207
   -0.38089670
   -0.12414035
    0.05089532
    0.05330232
    0.05436582
   -0.12304217
    0.04017158
    0.05167043
    0.05455238
    0.05474162
    0.05304945
   -0.03713496
    0.05962226
   -0.02156930
   -0.26369118
    0.01873914
   -0.04941841
    0.04203434
    0.07956968
    0.03578237
    0.00283948
   -0.03816797
   -0.03266987
   -0.03478825
    0.03386301
   -0.03337137
    0.04886581
   -0.03527104
    0.03550721
    0.03596092
    0.03551767
