           1           2   1.31274999571934     
           2           3   1.35121047569078     
           3           4   1.48072225728911     
           4           5   1.38505040200740     
           1           6   1.38807010487262     
           3           6  0.105735704632934     
           5           6   1.45896884206696     
           6           7  0.956707541949772     
           5           8  0.968281736976837     
           3           9  0.961920849535934     
           2          10   1.08832808450429     
          10          11   1.30663419285214     
          11          12   1.38698891573436     
          12          13   1.45618519153920     
          13          14   1.38734646753224     
          10          15   1.35514139137073     
          12          15  0.105209801409281     
          14          15   1.47701098817742     
          15          16  0.961717781900616     
          13          17  0.968695465231142     
          12          18  0.947881322287645     
           1          19  0.438553117048114     
          11          19  0.437246547989481     
          19          20  0.537176342901069     
          19          21  0.728050824001148     
          21          22   1.08941637556034     
          22          23  0.942621084212796     
          23          24  0.996666096117320     
          24          25  0.982644388256162     
          24          26  0.983598363461698     
          24          27  0.983266487445964     
          23          28  0.989814748293648     
          28          29  0.984008868012934     
          28          30  0.984022338771516     
          28          31  0.985379591823250     
          23          32  0.941411830095846     
          21          33   1.11206208866866     
          32          33  0.938967407319238     
          32          34  0.990833875507453     
          34          35  0.983183417183878     
          34          36  0.983687139129342     
          34          37  0.982402994614975     
          32          38  0.996799494240770     
          38          39  0.983167636175431     
          38          40  0.982681634633960     
          38          41  0.983655570946730     
          19          42  0.856474813434615     
          42          43   1.11984057243336     
          43          44  0.935083892670328     
          44          45  0.996774292342004     
          45          46  0.982280756593434     
          45          47  0.981575212293115     
          45          48  0.983023759331750     
          44          49  0.991055533200789     
          49          50  0.983307739141437     
          49          51  0.982863475625976     
          49          52  0.979188489155984     
          44          53  0.938967060871785     
          42          54   1.10637243741847     
          53          54  0.934254810683210     
          53          55  0.996359877823387     
          55          56  0.982393324845457     
          55          57  0.982728909498270     
          55          58  0.983078177786903     
          53          59  0.991451000537111     
          59          60  0.982422570315846     
          59          61  0.982992012158575     
          59          62  0.983116516672109     
          19          63  0.868096148902357     
          63          64   1.11398473495622     
          64          65  0.938168673066884     
          65          66  0.991352303595178     
          66          67  0.978445273024692     
          66          68  0.982591267420464     
          66          69  0.982985825606112     
          65          70  0.996288627105037     
          70          71  0.982012981432888     
          70          72  0.983340109013399     
          70          73  0.982209599827018     
          65          74  0.937136494483209     
          63          75   1.11712587564174     
          74          75  0.936428698970799     
          74          76  0.995574483002769     
          76          77  0.982939428402233     
          76          78  0.982415563743421     
          76          79  0.982037307471992     
          74          80  0.991447559667410     
          80          81  0.983621898203116     
          80          82  0.983037730716594     
          80          83  0.983197079915272     
           4          84  0.968571425698857     
          14          85  0.968614679863591     
          19          86  0.599151845331130     
          20          86  0.341714147043548     
          86          87   1.36150025132596     
          86          88   1.36662502956525     
          87          89   1.44937147199995     
          87          90  0.957730694527244     
          88          91   1.46835106249439     
          88          92  0.960389802086201     
          89          93   1.37105106041291     
          91          93   1.35710941614094     
          91          94  0.964640128526006     
          93          95   1.05554453838813     
          95          96   1.38494805665354     
          95          97   1.37805916072923     
          96          98   1.45332725570443     
          97          98  0.107230454446914     
          96          99  0.966827060974550     
          96         100  0.106192016995538     
          97         100   1.45861411416840     
          97         101  0.966864260797141     
          95         102  0.103149748469712     
          98         102   1.43360570845866     
         100         102   1.42983917177446     
          98         103  0.970593458803115     
         100         104  0.970266268398246     
         102         105  0.971189587283230     
