           1           2   1.54400846337176     
           2           3   1.33718004289270     
           1           4  0.130656294019685     
           3           4   1.54091341655244     
           1           5   1.23139555256308     
           4           5   1.23410532366285     
           5           6   1.00548921435342     
           1           7  0.970984532218627     
           2           8  0.975676529507085     
           3           9  0.975639486820186     
           4          10  0.969919431379217     
           6          11  0.980410138387318     
           6          12  0.973833647359922     
           6          13  0.974687425938735     
