           1           2   1.44222796810430     
           2           3   1.43054312062426     
           3           4   1.40706687900256     
           4           5   1.02947562555847     
           2           6  0.109979921030602     
           4           6   1.41058315075993     
           1           7   1.39220521440615     
           3           7  0.104219771982262     
           6           7   1.40968545265707     
           7           8   1.02536436910295     
           2           9  0.963667958945942     
           3          10  0.968418934620096     
           5          11  0.985121363929657     
           5          12  0.968535257411202     
           5          13  0.968426254757724     
           6          14  0.967320764442268     
           8          15  0.985636087469550     
           8          16  0.966958896078737     
           8          17  0.966628528978161     
