   -0.12064999
    0.07834503
   -0.04181380
   -0.02152325
   -0.04268315
    0.04868298
    0.05320921
    0.05682778
    0.04746472
    0.07446173
   -0.12529003
    0.04286479
   -0.04380892
   -0.02291111
   -0.04482583
    0.04810284
    0.05128679
    0.07424231
   -0.15714873
    0.09080973
    0.40128444
   -0.40881240
    0.13016851
   -0.12170882
    0.05405383
    0.04507786
    0.05082942
   -0.10924195
    0.04759192
    0.04133370
    0.02786687
    0.13058990
   -0.40246348
   -0.12042877
    0.04922232
    0.04660476
    0.05004560
   -0.12010349
    0.04724193
    0.05320561
    0.04527218
    0.40289016
   -0.38315222
    0.12851535
   -0.12576147
    0.05417085
    0.05632285
    0.04966495
   -0.12233993
    0.04863039
    0.04591767
    0.05393120
    0.12769005
   -0.38357600
   -0.12418679
    0.05442584
    0.05389656
    0.04842226
   -0.12214328
    0.04263925
    0.05264548
    0.04885379
    0.39889878
   -0.37834101
    0.12475755
   -0.13066014
    0.05958932
    0.05319342
    0.04993193
   -0.12896705
    0.05971062
    0.05071296
    0.05158244
    0.12634876
   -0.37901273
   -0.12427083
    0.05067134
    0.05351229
    0.05455652
   -0.12309840
    0.04089543
    0.05111837
    0.05440127
    0.05396884
    0.05157436
   -0.02577428
   -0.04363941
   -0.03825001
    0.06496117
    0.03827815
   -0.04492930
    0.04978593
    0.01434385
   -0.26995668
    0.04062496
   -0.13564647
    0.13260048
   -0.13347465
    0.07856774
    0.07978486
    0.08091961
