           1           2   1.31405701260109     
           2           3   1.35114283386678     
           3           4   1.48064061846167     
           4           5   1.38545628834558     
           1           6   1.38918435386923     
           3           6  0.105814451183399     
           5           6   1.45830968460167     
           6           7  0.956893727443896     
           5           8  0.968347023471639     
           3           9  0.961890091515715     
           2          10   1.08760670594709     
          10          11   1.30825429163064     
          11          12   1.38994651566689     
          12          13   1.45477779150592     
          13          14   1.38832193471754     
          10          15   1.35522629327941     
          12          15  0.105284011444642     
          14          15   1.47674594518251     
          15          16  0.961717582260961     
          13          17  0.968925745718928     
          12          18  0.948077802069586     
           1          19  0.435708336151167     
          11          19  0.428504234969986     
          19          20  0.527816474698922     
          19          21  0.736522034120599     
          21          22   1.08941200293998     
          22          23  0.942957334708883     
          23          24  0.996564496166307     
          24          25  0.982661118224688     
          24          26  0.983625402011685     
          24          27  0.983281391884893     
          23          28  0.989812311147799     
          28          29  0.984060754802970     
          28          30  0.984059025326885     
          28          31  0.985430650185083     
          23          32  0.941367748850018     
          21          33   1.11104351753392     
          32          33  0.939220491794597     
          32          34  0.990748629677501     
          34          35  0.982620898694796     
          34          36  0.983706368608798     
          34          37  0.982311672528533     
          32          38  0.996874748302588     
          38          39  0.983171321964722     
          38          40  0.982745338187145     
          38          41  0.983705844097870     
          19          42  0.861728754984140     
          42          43   1.11704473368308     
          43          44  0.935872943382833     
          44          45  0.996763423323072     
          45          46  0.982320057829738     
          45          47  0.981691494379873     
          45          48  0.983076757149124     
          44          49  0.990967580973471     
          49          50  0.983366655932968     
          49          51  0.982576101321650     
          49          52  0.979145201289869     
          44          53  0.939039388165789     
          42          54   1.10629624847625     
          53          54  0.934918107344535     
          53          55  0.996286862074925     
          55          56  0.982426504943130     
          55          57  0.982817188579842     
          55          58  0.983145909636411     
          53          59  0.991383810184449     
          59          60  0.982286189030461     
          59          61  0.983066933892071     
          59          62  0.983206013400015     
          19          63  0.871077954929582     
          63          64   1.11081501314656     
          64          65  0.938832547156883     
          65          66  0.991256550606869     
          66          67  0.978234589269039     
          66          68  0.982630457854899     
          66          69  0.983027480974988     
          65          70  0.996166403368328     
          70          71  0.982030771233715     
          70          72  0.983430264170755     
          70          73  0.982252987447371     
          65          74  0.936893967131343     
          63          75   1.11946802179947     
          74          75  0.936618559752279     
          74          76  0.995465270377966     
          76          77  0.982959260819456     
          76          78  0.982339140170902     
          76          79  0.981652991630701     
          74          80  0.991534412139896     
          80          81  0.983798227604442     
          80          82  0.983060437925801     
          80          83  0.983221654313142     
           4          84  0.968656892933558     
          14          85  0.968762133370551     
          19          86  0.583059357165372     
          20          86  0.353977836657708     
          86          87   1.42610765400098     
          86          88   1.33969814374921     
          87          89   1.33495832130981     
          87          90  0.960270637475485     
          87          91  0.100495629462718     
          88          91   1.47116961501113     
          88          92  0.959069705946818     
          89          93   1.27675860733193     
          91          93   1.37503703068572     
          89          94   1.16611930670174     
          91          95  0.966938874722201     
          93          96   1.09656222113268     
          94          96  0.164849910294790     
          94          97   1.68718858867976     
          96          97   1.06755865682154     
          97          98   1.04341160066235     
          98          99  0.962310091832572     
          98         100  0.959599822401060     
          98         101  0.974830510529499     
