           1           2   1.47308468288635     
           2           3   1.33796190958522     
           3           4   1.08316546936829     
           4           5  0.952798178898585     
           5           6   1.01619842498311     
           3           7   1.36680640487954     
           2           8  0.106509283333394     
           7           8   1.43634723041899     
           1           9   1.39001332758227     
           8           9   1.41959642441991     
           9          10  0.963246107615902     
           1          11  0.966343564217610     
           2          12  0.964463919973208     
           5          13  0.968752835952377     
           5          14  0.968809941017459     
           6          15  0.984862571314542     
           6          16  0.982787730426125     
           6          17  0.984737676297169     
           7          18  0.963591191934248     
           8          19  0.967086445373846     
