           1           2   1.23936111337166     
           2           3   1.55454523403877     
           3           4   1.33173034188629     
           1           5   1.23934796392214     
           2           5  0.139578025826346     
           4           5   1.55454543021786     
           1           6  0.935365583730775     
           2           7  0.971490906079116     
           3           8  0.975941730963687     
           4           9  0.975942352762562     
           5          10  0.971490870807776     
