           1           2   1.20449322161252     
           2           3   1.00760323708609     
           2           4   1.52063518756956     
           4           5   1.32152711019419     
           1           6   1.12719464913219     
           5           6   1.50839334281139     
           6           7   1.08397953804380     
           7           8   1.76369904993789     
           7           9  0.986653625138472     
           9          10   1.01973687897969     
           4          11  0.957282479412437     
           5          12  0.956400779899376     
           9          13  0.949633162627225     
           9          14  0.947637274397330     
          10          15  0.986286479889840     
          10          16  0.985724086552437     
          10          17  0.986175160807574     
