   -0.12217396
    0.07672701
   -0.04245808
   -0.02326237
   -0.04425078
    0.04804859
    0.05102803
    0.05347099
    0.04425806
    0.07322844
   -0.12328387
    0.04227921
   -0.04565712
   -0.02470426
   -0.04543163
    0.04365259
    0.04950403
    0.07471839
   -0.15844639
    0.08124479
    0.40124980
   -0.41347077
    0.13104709
   -0.12051313
    0.05284488
    0.04411921
    0.04963539
   -0.10778047
    0.04623940
    0.03980934
    0.02821171
    0.13102051
   -0.40353166
   -0.11814588
    0.04606751
    0.04596103
    0.04934404
   -0.11868922
    0.04688695
    0.05222729
    0.04417245
    0.40527984
   -0.38084222
    0.12825305
   -0.12634940
    0.05545819
    0.05664356
    0.04896480
   -0.12146398
    0.04782586
    0.04451916
    0.05265218
    0.12762634
   -0.38355409
   -0.12328770
    0.05238680
    0.05355204
    0.04769142
   -0.12403088
    0.04605723
    0.05205607
    0.05043432
    0.39967649
   -0.37517204
    0.12506456
   -0.12930763
    0.05791040
    0.05470596
    0.04864763
   -0.12903599
    0.06073407
    0.04978146
    0.05181633
    0.12649009
   -0.38491625
   -0.12329512
    0.04993734
    0.05184754
    0.05375674
   -0.12232707
    0.03951962
    0.05075206
    0.05352042
    0.05030884
    0.04786036
   -0.02061478
   -0.03301334
   -0.03901950
   -0.04666032
    0.01964091
   -0.04257964
    0.04200819
    0.00320998
    0.02421679
    0.03429978
   -0.05866403
   -0.07036010
    0.04496895
    0.03702202
    0.09906788
    0.04519506
    0.06193191
   -0.25187083
   -0.05082988
    0.05413432
   -0.01754205
    0.04041501
   -0.04865432
    0.03886892
    0.04093555
    0.04054796
