           1           2   1.30517517019348     
           2           3   1.34689562356360     
           3           4   1.48547987297764     
           4           5   1.37782145176914     
           1           6   1.38410210037477     
           3           6  0.105891052637719     
           5           6   1.46402564457140     
           6           7  0.956550542479671     
           5           8  0.968732590351339     
           3           9  0.962018434654727     
           2          10   1.09500426579231     
          10          11   1.30061051875922     
          11          12   1.38403613960499     
          12          13   1.46036708282564     
          13          14   1.38042986895208     
          10          15   1.34995876324820     
          12          15  0.105485341695105     
          14          15   1.48211660994416     
          15          16  0.961951625202005     
          13          17  0.969115963900028     
          12          18  0.948193820984230     
           1          19  0.451265659829182     
          11          19  0.446208669292426     
          19          20  0.536995852657940     
          19          21  0.712637136758624     
          21          22   1.08458900426141     
          22          23  0.944190731889688     
          23          24  0.996543086201527     
          24          25  0.982754566743774     
          24          26  0.983722375621852     
          24          27  0.983414840187661     
          23          28  0.989655410720402     
          28          29  0.984135068558838     
          28          30  0.984094424218932     
          28          31  0.985334789747153     
          23          32  0.941190516027845     
          21          33   1.11004965815385     
          32          33  0.940754582529031     
          32          34  0.990625741024866     
          34          35  0.983569195171877     
          34          36  0.983853948346325     
          34          37  0.982631522951413     
          32          38  0.996385051328917     
          38          39  0.983230847919919     
          38          40  0.982635245840846     
          38          41  0.983816694852787     
          19          42  0.854412739485920     
          42          43   1.11865484476429     
          43          44  0.937084183330676     
          44          45  0.996383894884363     
          45          46  0.982071189472566     
          45          47  0.981680770451790     
          45          48  0.983278175909088     
          44          49  0.990874952304796     
          49          50  0.983446588109918     
          49          51  0.983056487296013     
          49          52  0.979313454344892     
          44          53  0.938247778130131     
          42          54   1.10503728401775     
          53          54  0.936115290965557     
          53          55  0.996064784414692     
          55          56  0.982514420977478     
          55          57  0.982850211822802     
          55          58  0.983270419130894     
          53          59  0.991495407748682     
          59          60  0.982042683566274     
          59          61  0.983130167670575     
          59          62  0.983001765627136     
          19          63  0.871811594873224     
          63          64   1.11579552738458     
          64          65  0.939696942652180     
          65          66  0.991090896158621     
          66          67  0.978587983247663     
          66          68  0.982457298969614     
          66          69  0.983198347509665     
          65          70  0.996146976589418     
          70          71  0.981930705292979     
          70          72  0.983547616009311     
          70          73  0.982240220502633     
          65          74  0.937192568379278     
          63          75   1.11068397356828     
          74          75  0.937534573391812     
          74          76  0.995692352199195     
          76          77  0.983073868542842     
          76          78  0.982668551652376     
          76          79  0.982348192657632     
          74          80  0.991261833625774     
          80          81  0.983460949932584     
          80          82  0.983190256445380     
          80          83  0.983341409735924     
           4          84  0.969072921895488     
          14          85  0.969156552625103     
          19          86  0.602616190027533     
          20          86  0.338481127013927     
          86          87   1.39048306135701     
          86          88   1.37255876181896     
          87          89   1.43493814036363     
          88          89  0.105079102609301     
          87          90  0.963998843399916     
          87          91  0.103114909961118     
          88          91   1.45885572137300     
          88          92  0.959873852129889     
          89          93   1.41297495191075     
          91          93   1.39345430090120     
          89          94  0.967942682172208     
          91          95  0.967288009529289     
          93          96   1.01018120501390     
          96          97  0.964802440751126     
          96          98  0.973376887260791     
          96          99  0.975239950506952     
          97         100   1.01215013713536     
          97         101  0.969844588481189     
          97         102  0.971679945616757     
         100         103   1.40959310413736     
         100         104   1.38667876231676     
         103         105   1.43729091187104     
         104         105  0.115087407077136     
         104         106   1.45785681408817     
         104         107  0.968595743312155     
         100         108  0.110619479656074     
         105         108   1.43151388983267     
         106         108   1.43000434135957     
         105         109  0.963466382892794     
         106         110  0.969504293548001     
         108         111  0.970135509116689     
