   -0.12318176
    0.08110182
   -0.03938987
   -0.02145890
   -0.04394278
    0.04804132
    0.05120294
    0.05583601
    0.04864443
    0.07794341
   -0.12859146
    0.04048144
   -0.04583037
   -0.02403300
   -0.04127010
    0.04691565
    0.05209565
    0.07768008
   -0.16736553
    0.09695288
    0.40427331
   -0.41091810
    0.13047542
   -0.12054110
    0.05258204
    0.04454237
    0.05074529
   -0.10841391
    0.04739634
    0.04091670
    0.02671878
    0.13087235
   -0.40495313
   -0.11992806
    0.05037780
    0.04545489
    0.04912922
   -0.11964860
    0.04673671
    0.05316773
    0.04485902
    0.40393620
   -0.38281733
    0.12836450
   -0.12628607
    0.05587101
    0.05580304
    0.04981847
   -0.12127919
    0.04864526
    0.04543054
    0.05107922
    0.12730022
   -0.38113908
   -0.12464465
    0.05333819
    0.05460083
    0.04823101
   -0.12495058
    0.04677433
    0.05275451
    0.05143379
    0.40315209
   -0.37853602
    0.12497531
   -0.13089304
    0.05901419
    0.05494783
    0.05016673
   -0.12899357
    0.06097078
    0.05039921
    0.05138990
    0.12732807
   -0.38206350
   -0.12373914
    0.05071279
    0.05292944
    0.05493915
   -0.12100280
    0.03948236
    0.04807853
    0.05431326
    0.05384451
    0.05035656
   -0.04415311
    0.01834709
   -0.07906764
   -0.11447565
    0.10549626
    0.05236388
    0.03435219
    0.19418490
   -0.33624147
   -0.13036647
    0.06308618
    0.06355134
    0.06320868
