           1           2   1.31499277509407     
           2           3   1.34862012035011     
           3           4   1.48384554075372     
           4           5   1.38240401074886     
           1           6   1.38676356718774     
           3           6  0.106509911187223     
           5           6   1.46177213712476     
           6           7  0.957192118707481     
           5           8  0.968427193805372     
           3           9  0.961486410098106     
           2          10   1.09034253298934     
          10          11   1.30570875488749     
          11          12   1.38177105084660     
          12          13   1.45962971082990     
          13          14   1.38469647971706     
          10          15   1.35448382850768     
          12          15  0.105095019441395     
          14          15   1.47781855740715     
          15          16  0.961503351830907     
          13          17  0.968785701211459     
          12          18  0.947178743874634     
           1          19  0.442045921091843     
          11          19  0.437881464971852     
          19          20  0.551692522934299     
          19          21  0.722877904542728     
          21          22   1.09167172546422     
          22          23  0.942772197062740     
          23          24  0.996389862960174     
          24          25  0.982771700522021     
          24          26  0.983687888338628     
          24          27  0.983276993786087     
          23          28  0.990017491515193     
          28          29  0.984063176022201     
          28          30  0.984081299757352     
          28          31  0.985140812274198     
          23          32  0.941087796218298     
          21          33   1.10889236759584     
          32          33  0.939624731435151     
          32          34  0.990782801330116     
          34          35  0.981676372843188     
          34          36  0.983723519385582     
          34          37  0.982132673651071     
          32          38  0.996833919614409     
          38          39  0.983157697564937     
          38          40  0.982883935553173     
          38          41  0.983795256076401     
          19          42  0.866486523043965     
          42          43   1.11486935767496     
          43          44  0.936341943142685     
          44          45  0.996701734106491     
          45          46  0.982244028631432     
          45          47  0.981956564169089     
          45          48  0.983153282300798     
          44          49  0.990792059148382     
          49          50  0.983468841067820     
          49          51  0.982461117445806     
          49          52  0.980054235364492     
          44          53  0.939256217036585     
          42          54   1.10791149528875     
          53          54  0.934934347409314     
          53          55  0.996354363078111     
          55          56  0.982492722697725     
          55          57  0.982743395795599     
          55          58  0.983216711880244     
          53          59  0.991202725858956     
          59          60  0.982071987736995     
          59          61  0.983139157354834     
          59          62  0.983042065235081     
          19          63  0.867273521427030     
          63          64   1.10911999505487     
          64          65  0.937914214350166     
          65          66  0.991045138495642     
          66          67  0.978935920446337     
          66          68  0.982506859053265     
          66          69  0.983116445571922     
          65          70  0.996537206514033     
          70          71  0.981943667831094     
          70          72  0.983454494584991     
          70          73  0.982371219296122     
          65          74  0.938120071261455     
          63          75   1.11722223726061     
          74          75  0.936145721686011     
          74          76  0.995914134100875     
          76          77  0.982997901737701     
          76          78  0.982296131052877     
          76          79  0.981532258316168     
          74          80  0.991043698238415     
          80          81  0.984100930485193     
          80          82  0.983313660057917     
          80          83  0.983311274014308     
           4          84  0.968661107438256     
          14          85  0.968882520042464     
          19          86  0.608455355214097     
          20          86  0.338246062279840     
          86          87   1.35598515297482     
          86          88   1.32471068726973     
          87          89   1.12777900218927     
          87          90   1.17002315922892     
          87          91  0.101718018973157     
          88          91   1.48113445212370     
          89          91   1.24339336328687     
          88          92  0.967045005846784     
          89          93  0.933264305039819     
          90          94   2.69894643538865     
          91          95   1.02969075831016     
          95          96  0.969133733712496     
          95          97  0.982414599026914     
          95          98  0.969237314240662     
