   -0.12137399
    0.07391160
   -0.04405669
   -0.02475480
   -0.04588634
    0.04765398
    0.04858964
    0.05025375
    0.04167131
    0.06961851
   -0.12120072
    0.04148571
   -0.04700826
   -0.02691255
   -0.04626897
    0.03998530
    0.04706111
    0.07618603
   -0.17265101
    0.09583767
    0.40204580
   -0.41264945
    0.13066775
   -0.11929878
    0.05150170
    0.04284489
    0.04932453
   -0.10717139
    0.04524345
    0.03986862
    0.02710118
    0.13114252
   -0.40748439
   -0.11854377
    0.04960332
    0.04358357
    0.04778961
   -0.11867609
    0.04621327
    0.05195981
    0.04323246
    0.40189344
   -0.38672949
    0.12854333
   -0.12554452
    0.05529959
    0.05467180
    0.04860231
   -0.12009738
    0.04698539
    0.04351006
    0.05092139
    0.12736839
   -0.38219450
   -0.12382986
    0.05263568
    0.05416080
    0.04674840
   -0.12328693
    0.04523484
    0.05133378
    0.05028223
    0.40144767
   -0.38018440
    0.12504910
   -0.12996555
    0.05842049
    0.05370155
    0.04867947
   -0.12836705
    0.06032564
    0.04906885
    0.05110169
    0.12753969
   -0.38505013
   -0.12264781
    0.04933067
    0.05184217
    0.05373904
   -0.12001855
    0.03902731
    0.04698084
    0.05295704
    0.04714647
    0.04390476
   -0.05199539
   -0.06797197
   -0.03604464
   -0.03727046
    0.00361840
    0.00390716
    0.03035284
    0.02684412
   -0.06921521
    0.07145517
    0.06368290
    0.07165950
