           1           2   1.29980091969030     
           2           3   1.34289675397715     
           3           4   1.48972633021569     
           4           5   1.37147562338114     
           1           6   1.38198351169416     
           3           6  0.106048887196531     
           5           6   1.46791249524274     
           6           7  0.957229454816762     
           5           8  0.969090248651030     
           3           9  0.962151573770478     
           2          10   1.10100305412517     
          10          11   1.29454987006575     
          11          12   1.38016397777614     
          12          13   1.46373048597923     
          13          14   1.37572278748224     
          10          15   1.34744510325683     
          12          15  0.105229433892073     
          14          15   1.48417642826960     
          15          16  0.962178255228602     
          13          17  0.969382321694326     
          12          18  0.947836374742744     
           1          19  0.463915752903899     
          11          19  0.455228896750747     
          19          20  0.543225598460322     
          19          21  0.716461035238191     
          21          22   1.08534278955391     
          22          23  0.945272292504885     
          23          24  0.996161879925488     
          24          25  0.982939921361642     
          24          26  0.983899618105946     
          24          27  0.983478528274185     
          23          28  0.989641524135245     
          28          29  0.984356900394930     
          28          30  0.984233892863196     
          28          31  0.985339329623563     
          23          32  0.941095380688743     
          21          33   1.10371834780477     
          32          33  0.941807429384731     
          32          34  0.990492788461887     
          34          35  0.981747883391105     
          34          36  0.983982604977939     
          34          37  0.982497146639787     
          32          38  0.996589289048899     
          38          39  0.983249718611414     
          38          40  0.983049355762789     
          38          41  0.984008892441459     
          19          42  0.872574273042874     
          42          43   1.10584866697721     
          43          44  0.938598066411308     
          44          45  0.996469751245041     
          45          46  0.982359280934354     
          45          47  0.982168139044743     
          45          48  0.983380592997345     
          44          49  0.990469545812222     
          49          50  0.983718158667256     
          49          51  0.982709689432199     
          49          52  0.980036545897446     
          44          53  0.939365951216174     
          42          54   1.10371364837073     
          53          54  0.937616851743684     
          53          55  0.996256557482257     
          55          56  0.982662836575334     
          55          57  0.982881019225072     
          55          58  0.983446103156018     
          53          59  0.990676287055875     
          59          60  0.982377874489137     
          59          61  0.983507220768303     
          59          62  0.983289120343233     
          19          63  0.876223244814802     
          63          64   1.10467765467155     
          64          65  0.940398642080521     
          65          66  0.990746135790778     
          66          67  0.978922011448421     
          66          68  0.982680129538893     
          66          69  0.983335412959985     
          65          70  0.996243035615383     
          70          71  0.982077048694695     
          70          72  0.983687979339261     
          70          73  0.982423659530517     
          65          74  0.938006017614183     
          63          75   1.11089585136232     
          74          75  0.938246195330446     
          74          76  0.995796684750397     
          76          77  0.983187772741820     
          76          78  0.982490837722998     
          76          79  0.981767393235600     
          74          80  0.990732122813651     
          80          81  0.984053194405574     
          80          82  0.983489473795686     
          80          83  0.983557402566254     
           4          84  0.969410558007570     
          14          85  0.969538252018445     
          19          86  0.593800861197239     
          20          86  0.341763244792227     
          86          87   1.29160533233649     
          86          88   1.49113885436336     
          87          89   1.53440287101362     
          88          89  0.130814128799636     
          87          90  0.971545130093734     
          88          91   1.22264000906129     
          89          91   1.22327734041101     
          88          92  0.965469666155522     
          89          93  0.969070506022993     
          91          94   1.00426723982143     
          94          95  0.978098289767640     
          94          96  0.971793012050812     
          94          97  0.978352624191144     
