   -0.12486975
    0.07449187
   -0.04453385
   -0.02333259
   -0.04560538
    0.04762008
    0.05168004
    0.05291840
    0.04324703
    0.07102540
   -0.13602241
    0.04132124
   -0.04653007
   -0.02626521
   -0.04584578
    0.04065330
    0.04632344
    0.07458922
   -0.15090065
    0.09001132
    0.40531397
   -0.40868044
    0.13032981
   -0.12066145
    0.05310942
    0.04390382
    0.05073418
   -0.10776614
    0.04626237
    0.04054318
    0.02655082
    0.13121541
   -0.40711586
   -0.12112694
    0.05239302
    0.04493909
    0.04948028
   -0.11904825
    0.04527558
    0.05296903
    0.04447479
    0.40277757
   -0.38756792
    0.12891748
   -0.12661235
    0.05650861
    0.05540162
    0.04872886
   -0.12106974
    0.04686538
    0.04596188
    0.05198824
    0.12756177
   -0.38216553
   -0.12350894
    0.05197866
    0.05336673
    0.04762862
   -0.12501480
    0.04896658
    0.05166652
    0.05069461
    0.40278906
   -0.37436670
    0.12481303
   -0.13165772
    0.05801833
    0.05632865
    0.05072296
   -0.12943124
    0.06081005
    0.05026009
    0.05278995
    0.12726074
   -0.37979289
   -0.12461131
    0.05071636
    0.05255883
    0.05631237
   -0.12180108
    0.04021755
    0.04829233
    0.05430144
    0.04927699
    0.04425536
   -0.02740504
   -0.03068259
    0.01426030
   -0.04459245
    0.02145171
   -0.04666936
   -0.13498931
   -0.04435428
    0.01718555
    0.02992217
    0.06891209
    0.06333414
    0.04537153
    0.02404727
