           1           2   1.30684048434544     
           2           3   1.34272005030241     
           3           4   1.48907242182214     
           4           5   1.37540009910779     
           1           6   1.38634376451661     
           3           6  0.106304288520705     
           5           6   1.46448808240271     
           6           7  0.956897663324221     
           5           8  0.968812864008662     
           3           9  0.962282270733410     
           2          10   1.09819365530738     
          10          11   1.29839625866762     
          11          12   1.38191989194951     
          12          13   1.46306129702861     
          13          14   1.37763532929964     
          10          15   1.34837920265129     
          12          15  0.105410079890754     
          14          15   1.48254825584777     
          15          16  0.962334245817107     
          13          17  0.969447085785384     
          12          18  0.947857818232551     
           1          19  0.445159049027760     
          11          19  0.408615826317477     
          19          20  0.526293514166948     
          19          21  0.706735294857975     
          21          22   1.09259532535164     
          22          23  0.942965287878799     
          23          24  0.996378934335727     
          24          25  0.982732997198736     
          24          26  0.983696885259969     
          24          27  0.983286556215353     
          23          28  0.989999134652886     
          28          29  0.984126549730609     
          28          30  0.984076435425143     
          28          31  0.984744782633023     
          23          32  0.941124502169554     
          21          33   1.10444142831792     
          32          33  0.939608060301285     
          32          34  0.990819766569165     
          34          35  0.981174982266615     
          34          36  0.983743117129040     
          34          37  0.982014494290566     
          32          38  0.996880794347364     
          38          39  0.983265818273720     
          38          40  0.982708627915067     
          38          41  0.983793256933554     
          19          42  0.862533633546803     
          42          43   1.10303286311658     
          43          44  0.937460016318378     
          44          45  0.996362382987011     
          45          46  0.981553160730702     
          45          47  0.981989404538601     
          45          48  0.983297276107718     
          44          49  0.990955890400267     
          49          50  0.983550183857447     
          49          51  0.982972379164151     
          49          52  0.979340729737225     
          44          53  0.938808984145102     
          42          54   1.10880130680782     
          53          54  0.934920565789416     
          53          55  0.996167887158138     
          55          56  0.982660790886263     
          55          57  0.982871511207675     
          55          58  0.983265071739901     
          53          59  0.991437643650386     
          59          60  0.981928254936164     
          59          61  0.983158898762113     
          59          62  0.982945627948659     
          19          63  0.883174647116881     
          63          64   1.11168797814732     
          64          65  0.937817326681946     
          65          66  0.991121234846165     
          66          67  0.979208959087457     
          66          68  0.982057492972154     
          66          69  0.983043626450055     
          65          70  0.996814552588807     
          70          71  0.981998471177832     
          70          72  0.983333234672059     
          70          73  0.982317523196992     
          65          74  0.938585079267198     
          63          75   1.11530014541904     
          74          75  0.935834094568107     
          74          76  0.996131420405785     
          76          77  0.982902714063458     
          76          78  0.982327307261256     
          76          79  0.982046682701354     
          74          80  0.990906070285612     
          80          81  0.983987840452692     
          80          82  0.983346862311445     
          80          83  0.983325670487702     
           4          84  0.969129192465799     
          14          85  0.969463816715170     
          19          86  0.578813272786630     
          20          86  0.354755921533460     
          86          87   1.39620894862941     
          86          88   1.35494798252320     
          87          89   1.42762740509813     
          88          89  0.104131994150608     
          87          90  0.959701853962422     
          87          91  0.101755294902529     
          88          91   1.41636222919447     
          88          92   1.02554243616072     
          86          93  0.100453060307513     
          89          93   1.43628103526384     
          91          93   1.43116059187778     
          89          94  0.970216602519306     
          91          95  0.966807129908695     
          92          96  0.955073529196396     
          92          97  0.963304453237139     
          92          98  0.984250893406500     
          93          99  0.970732334925573     
