   -0.12317501
    0.07709240
   -0.04259946
   -0.02203394
   -0.04326628
    0.04909431
    0.05266050
    0.05533165
    0.04488679
    0.07305897
   -0.12818115
    0.04280139
   -0.04499376
   -0.02421955
   -0.04625054
    0.04443777
    0.04978577
    0.07582397
   -0.15502661
    0.08762533
    0.40070218
   -0.40978449
    0.13029756
   -0.12101207
    0.05363985
    0.04446667
    0.04983720
   -0.10848119
    0.04682520
    0.04042288
    0.02786490
    0.13070918
   -0.40305679
   -0.12004058
    0.04915121
    0.04593680
    0.04992038
   -0.11978730
    0.04693410
    0.05317052
    0.04462817
    0.40238443
   -0.38241816
    0.12840245
   -0.12631619
    0.05563020
    0.05614466
    0.04935027
   -0.12203270
    0.04818165
    0.04532587
    0.05328110
    0.12750459
   -0.38286588
   -0.12411893
    0.05364002
    0.05382751
    0.04807447
   -0.12383604
    0.04530173
    0.05256757
    0.05011604
    0.39895478
   -0.37713436
    0.12477826
   -0.13097419
    0.06008704
    0.05406770
    0.04934267
   -0.12902062
    0.06037437
    0.05017798
    0.05138441
    0.12646370
   -0.38069719
   -0.12402191
    0.05031803
    0.05283784
    0.05466430
   -0.12256761
    0.04039649
    0.05034248
    0.05396942
    0.05182443
    0.04814779
   -0.01940435
   -0.03275032
   -0.03434798
   -0.00502056
    0.02382830
   -0.03375583
    0.04485960
   -0.03884748
    0.09204809
    0.03858756
    0.04883522
   -0.25137440
   -0.04541777
    0.05555935
   -0.01760560
    0.02719298
   -0.04883693
    0.03927777
    0.03864940
    0.04146556
