           1           2   1.31170099882352     
           2           3   1.34933111805828     
           3           4   1.48225505957388     
           4           5   1.38338205286484     
           1           6   1.38982212237145     
           3           6  0.105755107053429     
           5           6   1.45888845042826     
           6           7  0.956976493933971     
           5           8  0.968545222851762     
           3           9  0.962108545825405     
           2          10   1.09021413783893     
          10          11   1.30515154031529     
          11          12   1.38849888204105     
          12          13   1.45668091695384     
          13          14   1.38463352874683     
          10          15   1.35298945344240     
          12          15  0.105315002387420     
          14          15   1.47867553655250     
          15          16  0.962021713803821     
          13          17  0.969094121857005     
          12          18  0.947736673075013     
           1          19  0.433300141204360     
          11          19  0.428846526956381     
          19          20  0.520700198468071     
          19          21  0.733005396870134     
          21          22   1.08734112869203     
          22          23  0.943684054617399     
          23          24  0.996485576353345     
          24          25  0.982695666048013     
          24          26  0.983671878170376     
          24          27  0.983380501892212     
          23          28  0.989769481970852     
          28          29  0.984133142971627     
          28          30  0.984145619415819     
          28          31  0.985471477368107     
          23          32  0.941228710201303     
          21          33   1.11027522543254     
          32          33  0.939908040996935     
          32          34  0.990762920305076     
          34          35  0.982599550287605     
          34          36  0.983754545231249     
          34          37  0.982396106506893     
          32          38  0.996845602371330     
          38          39  0.983185757995524     
          38          40  0.982763981802745     
          38          41  0.983766891045340     
          19          42  0.864678957758744     
          42          43   1.11738309964584     
          43          44  0.936109779185760     
          44          45  0.996768267778520     
          45          46  0.982159485079472     
          45          47  0.981723763214742     
          45          48  0.983113645766661     
          44          49  0.990935879959927     
          49          50  0.983400927256311     
          49          51  0.982696421094959     
          49          52  0.979346975058153     
          44          53  0.939001463006659     
          42          54   1.10615674578398     
          53          54  0.934975700720272     
          53          55  0.996283452044246     
          55          56  0.982515567088869     
          55          57  0.982839736778671     
          55          58  0.983163445925391     
          53          59  0.991478212865607     
          59          60  0.982231598931405     
          59          61  0.983066690466910     
          59          62  0.983037384204530     
          19          63  0.873815466513595     
          63          64   1.11247867814203     
          64          65  0.939008427150200     
          65          66  0.991241869922799     
          66          67  0.978033908309723     
          66          68  0.982515224642550     
          66          69  0.983061420610853     
          65          70  0.996241814617969     
          70          71  0.981949402625948     
          70          72  0.983455280196655     
          70          73  0.982288547709758     
          65          74  0.936963755930367     
          63          75   1.11674199694056     
          74          75  0.936901455141381     
          74          76  0.995552137816513     
          76          77  0.982974549376153     
          76          78  0.982417510689658     
          76          79  0.981735574745776     
          74          80  0.991511362535158     
          80          81  0.983816903570110     
          80          82  0.983154968619453     
          80          83  0.983268447046836     
           4          84  0.968895428542872     
          14          85  0.969105060192917     
          19          86  0.577344493967871     
          20          86  0.359386311697163     
          86          87   1.40519563727287     
          86          88   1.37347047453274     
          87          89   1.37512438599198     
          87          90  0.959894858309618     
          88          91   1.43786995124693     
          88          92  0.961043119912464     
          89          93   1.37705303189936     
          91          93   1.44261796718729     
          89          94   1.05502178293708     
          91          95  0.968032995677257     
          93          96  0.966827776921682     
          94          97   1.38002916901171     
          94          98   1.36327355351240     
          97          99   1.45076711850599     
          98          99  0.110480131340163     
          98         100   1.46322790260880     
          98         101  0.966836722672438     
          94         102  0.105148340788019     
          99         102   1.42197061921607     
         100         102   1.42739268583565     
          99         103  0.962868002131800     
         100         104  0.969417502341955     
         102         105  0.970149765518972     
