   -0.11639069
    0.08303660
   -0.04065028
   -0.02078197
   -0.04217463
    0.04908998
    0.05339348
    0.05757742
    0.04612557
    0.07963160
   -0.11940578
    0.04327305
   -0.04329154
   -0.02194419
   -0.04346711
    0.04659152
    0.05395286
    0.07477539
   -0.15092838
    0.10480400
    0.40418223
   -0.40853758
    0.13035462
   -0.12189642
    0.05439317
    0.04630212
    0.05070230
   -0.11030234
    0.04885509
    0.04136609
    0.02934103
    0.13059253
   -0.39851794
   -0.12138162
    0.05109007
    0.04729123
    0.05072404
   -0.12041861
    0.04791237
    0.05390370
    0.04608662
    0.40160519
   -0.37899545
    0.12759522
   -0.12803064
    0.05580352
    0.05801919
    0.05075713
   -0.12278608
    0.04925537
    0.04587227
    0.05433209
    0.12693240
   -0.38108057
   -0.12453525
    0.05410005
    0.05426965
    0.04932783
   -0.12615856
    0.04568847
    0.05469438
    0.05138830
    0.39833093
   -0.37570434
    0.12454129
   -0.13144693
    0.05965991
    0.05561505
    0.05011224
   -0.12990788
    0.06115258
    0.05091333
    0.05176408
    0.12657021
   -0.37989431
   -0.12476855
    0.05134883
    0.05388218
    0.05526806
   -0.12307225
    0.04012604
    0.05097498
    0.05499304
    0.05402123
    0.05186250
   -0.03943300
    0.08024282
   -0.04078179
   -0.18725049
    0.07989881
   -0.03790159
    0.07109099
   -0.05398988
   -0.19655105
    0.06440960
    0.07060925
