           1           2   1.31764958801774     
           2           3   1.35514863822696     
           3           4   1.47691889296839     
           4           5   1.39091721788117     
           1           6   1.39331783249766     
           3           6  0.105629656056250     
           5           6   1.45420089869541     
           6           7  0.956916625801003     
           5           8  0.968263334791584     
           3           9  0.961985823471520     
           2          10   1.08288495457192     
          10          11   1.31133846632028     
          11          12   1.39197004564794     
          12          13   1.45094783961573     
          13          14   1.39360363395498     
          10          15   1.35989043258292     
          12          15  0.104701849604705     
          14          15   1.47232053749571     
          15          16  0.961818549764144     
          13          17  0.968609343299051     
          12          18  0.949059412619628     
           1          19  0.424318736624237     
          11          19  0.435799909009965     
          19          20  0.535340332549651     
          19          21  0.735706550747922     
          21          22   1.09170742552317     
          22          23  0.941127934978379     
          23          24  0.996719536229912     
          24          25  0.982514427059895     
          24          26  0.983475571962284     
          24          27  0.983237851510678     
          23          28  0.990090011437908     
          28          29  0.983877191376572     
          28          30  0.983980980718501     
          28          31  0.985374702749057     
          23          32  0.941115976038742     
          21          33   1.11760835195146     
          32          33  0.937808628656807     
          32          34  0.990928714935954     
          34          35  0.981751266966061     
          34          36  0.983544205185914     
          34          37  0.982123249273402     
          32          38  0.996885806641334     
          38          39  0.983082208567508     
          38          40  0.982423076171851     
          38          41  0.983569649832929     
          19          42  0.848756726087752     
          42          43   1.12328997343792     
          43          44  0.934738804603716     
          44          45  0.996622834980115     
          45          46  0.981921080093828     
          45          47  0.981301490521968     
          45          48  0.983007330418273     
          44          49  0.991333242022154     
          49          50  0.983125745137187     
          49          51  0.982475209309122     
          49          52  0.978790208511118     
          44          53  0.937962521082209     
          42          54   1.11433563351050     
          53          54  0.933613258072201     
          53          55  0.996267533690890     
          55          56  0.982187844541269     
          55          57  0.982679517235607     
          55          58  0.982949206107915     
          53          59  0.991902852031618     
          59          60  0.982231088487207     
          59          61  0.982787167116546     
          59          62  0.982863086542201     
          19          63  0.856027041917804     
          63          64   1.11383597763207     
          64          65  0.938093083816293     
          65          66  0.991173954983294     
          66          67  0.978137360958335     
          66          68  0.982360641965598     
          66          69  0.982970048919029     
          65          70  0.996213286423407     
          70          71  0.981827307434935     
          70          72  0.983410298622231     
          70          73  0.982201216312895     
          65          74  0.937487210520513     
          63          75   1.12160688285381     
          74          75  0.934545984226961     
          74          76  0.996059059717677     
          76          77  0.982714593097126     
          76          78  0.982094415041333     
          76          79  0.981750965750180     
          74          80  0.991720523581793     
          80          81  0.983633000703311     
          80          82  0.983050054354399     
          80          83  0.983093957984171     
           4          84  0.968632044499537     
          14          85  0.968721267459788     
          19          86  0.583537313946784     
          20          86  0.345888931837353     
          86          87   1.36127122934489     
          86          88   1.35778995805052     
          87          89  0.951329363891264     
          87          90   1.36807909893737     
          88          91   1.45685352552918     
          88          92  0.954793133038496     
          90          93   1.40837792967557     
          91          93   1.41088979300150     
          90          94  0.953817873718079     
          91          95  0.964975594998199     
          93          96  0.964737446314952     
