   -0.13429849
    0.07376373
   -0.04601719
   -0.02094988
   -0.04338141
    0.04701724
    0.07485819
    0.05607662
    0.04523578
    0.07084748
   -0.13796465
    0.04687164
   -0.04207088
   -0.02386392
   -0.04769005
    0.04367632
    0.05239622
    0.07631150
   -0.15630368
    0.10210064
    0.40227088
   -0.40710240
    0.13041687
   -0.12289681
    0.05427909
    0.04550841
    0.05327451
   -0.10849422
    0.04679101
    0.04217566
    0.02448923
    0.13116518
   -0.40981603
   -0.11974764
    0.04464723
    0.04866535
    0.05130228
   -0.11883544
    0.04177380
    0.05488286
    0.04626529
    0.40083359
   -0.37017464
    0.12736037
   -0.12645244
    0.05411222
    0.05934782
    0.04917614
   -0.12139666
    0.04966925
    0.05193329
    0.04523336
    0.12699931
   -0.38412647
   -0.12401576
    0.04953746
    0.05554975
    0.04909204
   -0.12313086
    0.04402011
    0.05232425
    0.05190080
    0.40306352
   -0.38479558
    0.12516881
   -0.12724054
    0.04563502
    0.05309408
    0.05396009
   -0.12739746
    0.05688469
    0.05001120
    0.05338168
    0.12683242
   -0.36313197
   -0.12728318
    0.05181526
    0.05923465
    0.05675940
   -0.12131369
    0.04448397
    0.04744573
    0.05356941
    0.05180521
    0.04909838
   -0.04286148
   -0.01659263
   -0.01012570
   -0.09669680
    0.02152803
   -0.02776132
    0.00211281
    0.03989679
   -0.04227452
   -0.04934947
   -0.04693636
    0.02916186
   -0.04220175
    0.05399852
    0.01303385
    0.03476242
    0.03032404
   -0.12108291
    0.05276926
    0.04678780
    0.05500320
