           1           2   1.32809392363749     
           2           3   1.35382303222888     
           3           4   1.47592083383513     
           4           5   1.39480647762356     
           1           6   1.40133119030678     
           3           6  0.106886668436016     
           5           6   1.44931966414867     
           6           7  0.951685877498129     
           5           8  0.968475447505328     
           3           9  0.963608102868256     
           2          10   1.07967712734834     
          10          11   1.31636531770524     
          11          12   1.38847563383548     
          12          13   1.45388604215070     
          13          14   1.39255636049537     
          10          15   1.35759189842935     
          12          15  0.105206571118886     
          14          15   1.47075438423097     
          15          16  0.963515679382159     
          13          17  0.968791703407001     
          12          18  0.946840119437281     
           1          19  0.386390221270138     
          11          19  0.388342423347666     
          19          20  0.544481503842118     
          19          21  0.743059811132577     
          21          22   1.09007603353907     
          22          23  0.942397111723201     
          23          24  0.996538981042713     
          24          25  0.981018706286409     
          24          26  0.983532657782779     
          24          27  0.982926815883762     
          23          28  0.989712251486162     
          28          29  0.984066721668630     
          28          30  0.984153309638089     
          28          31  0.981993420795683     
          23          32  0.941086925359377     
          21          33   1.10410340064134     
          32          33  0.939924982158874     
          32          34  0.991235924183411     
          34          35  0.983339013372990     
          34          36  0.983452904327667     
          34          37  0.981764156492622     
          32          38  0.996761448775821     
          38          39  0.983408211606952     
          38          40  0.982798111322450     
          38          41  0.983690120254567     
          19          42  0.888796714962165     
          42          43   1.13442026168721     
          43          44  0.941082125235515     
          44          45  0.995439976663674     
          45          46  0.981822658485831     
          45          47  0.982079748412832     
          45          48  0.983644685134087     
          44          49  0.989981059572073     
          49          50  0.983459130416079     
          49          51  0.982195872204656     
          49          52  0.982893690577887     
          44          53  0.936742261108476     
          42          54   1.09247751809479     
          53          54  0.936053854724619     
          53          55  0.996153405060577     
          55          56  0.982406871011308     
          55          57  0.982591441781608     
          55          58  0.983033362770997     
          53          59  0.991865168761299     
          59          60  0.981353428672366     
          59          61  0.982899435290199     
          59          62  0.982743524510879     
          19          63  0.875904948613448     
          63          64   1.07817342700643     
          64          65  0.939653295839482     
          65          66  0.991018100073842     
          66          67  0.979293891874326     
          66          68  0.982605175450902     
          66          69  0.983090256392661     
          65          70  0.995551056441779     
          70          71  0.982427302157803     
          70          72  0.983222294462078     
          70          73  0.982563499194477     
          65          74  0.938024339512308     
          63          75   1.14526756216131     
          74          75  0.935541889504352     
          74          76  0.996898868520361     
          76          77  0.983092217098687     
          76          78  0.982199033773684     
          76          79  0.980123436600891     
          74          80  0.990102529756581     
          80          81  0.982113022484155     
          80          82  0.982617827283739     
          80          83  0.982918925774687     
           4          84  0.968672898300103     
          14          85  0.968919193595976     
          19          86  0.562658710515530     
          20          86  0.341795561174822     
          86          87   1.61829272153978     
          86          88   1.18255089242222     
          87          89   1.12441798396293     
          87          90  0.964826549905021     
          87          91  0.106836119711460     
          88          91   1.57735653339902     
          89          91   1.18154602109878     
          88          92   1.04777662570093     
          91          93  0.968541629010471     
          92          94   1.37401038150262     
          92          95   1.38880992832183     
          94          96   1.46697241840723     
          95          96  0.105792291328493     
          94          97  0.968301764037001     
          94          98  0.103733521850406     
          95          98   1.44450963103541     
          95          99  0.939588636030369     
          92         100  0.100828409048048     
          96         100   1.39535866195153     
          98         100   1.41117192851812     
          96         101  0.969288401744591     
          98         102  0.965932170097571     
         100         103   1.02605399537909     
         103         104  0.973634346637986     
         103         105  0.985387341042557     
         103         106  0.970161596757186     
