   -0.12470611
    0.07437604
   -0.04343287
   -0.02196418
   -0.04271838
    0.04994317
    0.04855540
    0.05116849
    0.04544642
    0.06938622
   -0.13070529
    0.04002785
   -0.04601266
   -0.02690861
   -0.04585959
    0.04363898
    0.04970117
    0.07823646
   -0.16248206
    0.09502748
    0.40610366
   -0.41056383
    0.13037743
   -0.11997853
    0.05124138
    0.04408059
    0.05108767
   -0.10893790
    0.04676522
    0.04176141
    0.02778776
    0.13116803
   -0.40614783
   -0.11991255
    0.05149384
    0.04466443
    0.04806891
   -0.11906189
    0.04615735
    0.05233675
    0.04476589
    0.40448019
   -0.38582617
    0.12905957
   -0.12445541
    0.05447623
    0.05434529
    0.04876596
   -0.12030486
    0.04766201
    0.04453941
    0.05144734
    0.12744063
   -0.37857298
   -0.12428801
    0.05353111
    0.05502637
    0.04755496
   -0.12380754
    0.04640711
    0.05092843
    0.05208960
    0.40726392
   -0.37761661
    0.12543612
   -0.12921731
    0.05684515
    0.05466700
    0.04973489
   -0.12915175
    0.06125902
    0.05013753
    0.05247755
    0.12799000
   -0.38299391
   -0.12290201
    0.05045982
    0.05299595
    0.05395127
   -0.12037387
    0.03997298
    0.04642599
    0.05441622
    0.05051493
    0.04698326
   -0.02267329
   -0.00512248
   -0.07937363
   -0.00815414
   -0.03618325
   -0.07471082
    0.01275851
    0.00787469
    0.06206961
    0.05808511
    0.01877254
    0.01086414
   -0.04371234
   -0.03727407
   -0.03492784
    0.02485103
   -0.03460824
    0.04410054
   -0.03866671
    0.03457884
    0.04038937
    0.03731136
