           1           2   1.30234263384880     
           2           3   1.34500679955291     
           3           4   1.48662089854847     
           4           5   1.37660794508392     
           1           6   1.38554421835746     
           3           6  0.105479415995776     
           5           6   1.46354124726505     
           6           7  0.957636034291465     
           5           8  0.968954170510272     
           3           9  0.962117909434389     
           2          10   1.09791527429439     
          10          11   1.28579623666445     
          11          12   1.37441450818428     
          12          13   1.46412476520396     
          13          14   1.37743159197471     
          10          15   1.35238624619948     
          12          15  0.103634534126094     
          14          15   1.47837494474946     
          15          16  0.962059252656141     
          13          17  0.969061904659302     
          12          18  0.947697884347096     
           1          19  0.451265062812533     
          11          19  0.446778500059565     
          19          20  0.557091157301708     
          19          21  0.704501000325812     
          21          22   1.09095491810719     
          22          23  0.942965846136589     
          23          24  0.996259875899834     
          24          25  0.982877822803065     
          24          26  0.983653019747737     
          24          27  0.983186396940336     
          23          28  0.990158892047483     
          28          29  0.984089085099879     
          28          30  0.983919840773014     
          28          31  0.984273607688850     
          23          32  0.940542380083238     
          21          33   1.10866110717134     
          32          33  0.939707172768215     
          32          34  0.990977022261756     
          34          35  0.980647667487831     
          34          36  0.983581178635042     
          34          37  0.981879543341903     
          32          38  0.996657765511499     
          38          39  0.983045143647690     
          38          40  0.982917534646200     
          38          41  0.983834424339315     
          19          42  0.858204644339925     
          42          43   1.10970990280666     
          43          44  0.936876610993029     
          44          45  0.996663593117266     
          45          46  0.982372068250236     
          45          47  0.981917418272494     
          45          48  0.983259146058671     
          44          49  0.990479255017855     
          49          50  0.983588243075510     
          49          51  0.981919821382715     
          49          52  0.979624106135932     
          44          53  0.939180284335954     
          42          54   1.11358150240397     
          53          54  0.934708899354443     
          53          55  0.996142215669447     
          55          56  0.982516103434027     
          55          57  0.982766282027237     
          55          58  0.983259033685300     
          53          59  0.991568580170839     
          59          60  0.982056167452019     
          59          61  0.983195440173547     
          59          62  0.982848628733087     
          19          63  0.852234910960844     
          63          64   1.11147455506735     
          64          65  0.937441098009180     
          65          66  0.991200310400248     
          66          67  0.979348838070091     
          66          68  0.982496673640000     
          66          69  0.983161289886783     
          65          70  0.996446145650295     
          70          71  0.981968058841060     
          70          72  0.983469647928195     
          70          73  0.982353746929273     
          65          74  0.938450929556292     
          63          75   1.11255982775150     
          74          75  0.936278757407441     
          74          76  0.996282588654093     
          76          77  0.982958113837993     
          76          78  0.982063657434878     
          76          79  0.981018452925149     
          74          80  0.990601821493979     
          80          81  0.984254353409613     
          80          82  0.983289978756922     
          80          83  0.983351025746986     
           4          84  0.969027104444102     
          14          85  0.969316515010404     
          19          86  0.601292691646605     
          20          86  0.326961350898469     
          86          87   1.19998404900144     
          86          88   1.47641789406573     
          87          89   1.00134818950523     
          86          90  0.119720201294320     
          87          90   1.20401892289364     
          88          91   1.33475047591519     
          90          91   1.53572271432507     
          88          92  0.967290900036397     
          89          93  0.993040158562629     
          89          94  0.955245430509456     
          89          95  0.944236033666811     
          90          96  0.968280628765704     
          91          97  0.974306084079299     
          93          98   1.40425687649981     
          93          99   1.42128889287456     
          98         100   1.45347776446587     
          99         100  0.109678573467888     
          98         101  0.969939378699061     
          98         102  0.112287408593715     
          99         102   1.43576406738426     
          99         103  0.965709427570205     
          93         104  0.109241909885175     
         100         104   1.43033966583001     
         102         104   1.44601110851409     
         100         105  0.970680087623178     
         102         106  0.970456046187217     
         104         107  0.970952523803081     
