   -0.12642623
    0.07517471
   -0.04434115
   -0.02184784
   -0.04442655
    0.04869778
    0.05360554
    0.05682900
    0.04826820
    0.07062740
   -0.13551565
    0.04106171
   -0.04506452
   -0.02586064
   -0.04511039
    0.04694559
    0.05201952
    0.07411684
   -0.14914668
    0.07953801
    0.40609377
   -0.40381440
    0.12943213
   -0.12227713
    0.05427156
    0.04599540
    0.05247022
   -0.11030741
    0.04890915
    0.04300057
    0.02755911
    0.13059095
   -0.40331538
   -0.12295348
    0.05325520
    0.04715741
    0.05107472
   -0.12091787
    0.04643223
    0.05479861
    0.04673404
    0.40776574
   -0.37567683
    0.12806540
   -0.12762542
    0.05880405
    0.05655495
    0.05084884
   -0.12297263
    0.04990405
    0.04861348
    0.05197234
    0.12802777
   -0.38376997
   -0.12503515
    0.05438713
    0.05417836
    0.05002145
   -0.12506161
    0.05306796
    0.05375771
    0.04559899
    0.40653313
   -0.37534418
    0.12484483
   -0.13295670
    0.06128348
    0.05598456
    0.05212766
   -0.12932033
    0.06094507
    0.05197829
    0.05145744
    0.12682137
   -0.37600170
   -0.12538200
    0.05202740
    0.05417694
    0.05732677
   -0.12244230
    0.04087652
    0.04966347
    0.05567544
    0.05424943
    0.05045569
    0.07429509
   -0.05525330
   -0.26566948
    0.06577272
    0.02783248
    0.18733452
   -0.29040285
    0.03199552
   -0.13916820
    0.07650971
    0.07669749
    0.07031536
