           1           2   1.31129054230154     
           2           3   1.34456072565401     
           3           4   1.48659228173064     
           4           5   1.38042804787740     
           1           6   1.39068168082975     
           3           6  0.106315400457739     
           5           6   1.46018140920993     
           6           7  0.957136235862894     
           5           8  0.968378549764065     
           3           9  0.962159675169677     
           2          10   1.09496887749945     
          10          11   1.29628820679335     
          11          12   1.37720288949605     
          12          13   1.46441015013219     
          13          14   1.37865232060969     
          10          15   1.35209982441236     
          12          15  0.104893123080048     
          14          15   1.47992575230392     
          15          16  0.962069582536166     
          13          17  0.968809017705201     
          12          18  0.947551912339251     
           1          19  0.435503570370867     
          11          19  0.431597036484330     
          19          20  0.522530536378141     
          19          21  0.716760817618512     
          21          22   1.09956355313152     
          22          23  0.940018893600226     
          23          24  0.996483771204303     
          24          25  0.982525176612858     
          24          26  0.983438968378125     
          24          27  0.983017072802168     
          23          28  0.990447463837253     
          28          29  0.983834309992577     
          28          30  0.983936468272702     
          28          31  0.984790943346304     
          23          32  0.940767807318912     
          21          33   1.11319640151987     
          32          33  0.936672003016253     
          32          34  0.991132832167710     
          34          35  0.980855924103320     
          34          36  0.983364399040784     
          34          37  0.981799474098289     
          32          38  0.997185425248016     
          38          39  0.983050412956038     
          38          40  0.982568598545712     
          38          41  0.983575282383689     
          19          42  0.846878713398917     
          42          43   1.13139145633495     
          43          44  0.933280488478324     
          44          45  0.996868122555192     
          45          46  0.981837106482681     
          45          47  0.981936500462817     
          45          48  0.982928329020318     
          44          49  0.990821236481765     
          49          50  0.983375605518806     
          49          51  0.982270470542318     
          49          52  0.979884769142674     
          44          53  0.940031511295542     
          42          54   1.10808540359683     
          53          54  0.930705621384624     
          53          55  0.996833313471254     
          55          56  0.982474719553405     
          55          57  0.982875219198910     
          55          58  0.982966053077449     
          53          59  0.991809123730134     
          59          60  0.980878998915787     
          59          61  0.982892080160122     
          59          62  0.983385638930313     
          19          63  0.856638435482565     
          63          64   1.11984587911288     
          64          65  0.935120519398554     
          65          66  0.991456909388212     
          66          67  0.978667245230212     
          66          68  0.982273379189079     
          66          69  0.982733021239870     
          65          70  0.996576825152227     
          70          71  0.981893575294097     
          70          72  0.983246343282956     
          70          73  0.982344420808970     
          65          74  0.937390774762225     
          63          75   1.12315010081567     
          74          75  0.934095141923873     
          74          76  0.995758631338104     
          76          77  0.982724349123649     
          76          78  0.982024104101177     
          76          79  0.981337556921538     
          74          80  0.991515636952052     
          80          81  0.984127562663214     
          80          82  0.983030608166110     
          80          83  0.983089501812612     
           4          84  0.968580860733640     
          14          85  0.968899812825835     
          19          86  0.609114977760439     
          20          86  0.342632913230597     
          86          87   1.33399255749899     
          86          88   1.39445218708309     
          87          89   1.45958632472516     
          87          90  0.963762064881968     
          87          91  0.102067038351853     
          88          91   1.39330376000898     
          89          92   1.40767767289946     
          91          92   1.38354671006623     
          89          93  0.960719943170855     
          91          94   1.02202134643994     
          94          95  0.970296830820802     
          94          96  0.957440180979537     
          94          97  0.981149878227153     
