   -0.12037151
    0.07789737
   -0.04191145
   -0.02110634
   -0.04231369
    0.04836548
    0.05399863
    0.05963385
    0.05084300
    0.07483796
   -0.12861032
    0.04337775
   -0.04336959
   -0.02249512
   -0.04435704
    0.05078513
    0.05441126
    0.07230404
   -0.15739530
    0.08682009
    0.40339552
   -0.40700514
    0.12988400
   -0.12274598
    0.05460066
    0.04633611
    0.05208016
   -0.11035119
    0.04901915
    0.04243692
    0.02834518
    0.13042608
   -0.40023436
   -0.12124409
    0.05016710
    0.04775692
    0.05047354
   -0.12073774
    0.04788306
    0.05381608
    0.04649744
    0.40297791
   -0.38315759
    0.12860315
   -0.12652408
    0.05531386
    0.05734386
    0.05084902
   -0.12218888
    0.05042790
    0.04705523
    0.05262221
    0.12812800
   -0.38662524
   -0.12437847
    0.05475700
    0.05405181
    0.04970205
   -0.12187194
    0.04394552
    0.05396556
    0.04822190
    0.40107255
   -0.38040240
    0.12518496
   -0.13070443
    0.05919105
    0.05345702
    0.05108796
   -0.12924114
    0.06005367
    0.05177124
    0.05205982
    0.12659609
   -0.37805244
   -0.12509678
    0.05181729
    0.05504388
    0.05507237
   -0.12335226
    0.04052514
    0.05161672
    0.05565360
    0.05730549
    0.05498510
   -0.05528096
    0.07588016
    0.07204793
   -0.28677226
    0.02265497
   -0.27729405
    0.04073130
    0.17844473
   -0.13942329
    0.07321026
    0.07074840
    0.07404596
