           1           2   1.31410713432441     
           2           3   1.35111724129445     
           3           4   1.48076765354328     
           4           5   1.38569910795615     
           1           6   1.38831004287727     
           3           6  0.105788265489327     
           5           6   1.45861771407099     
           6           7  0.956482914952447     
           5           8  0.967981593941782     
           3           9  0.961283424518285     
           2          10   1.08792747134744     
          10          11   1.30697634599370     
          11          12   1.38971022360859     
          12          13   1.45409085368368     
          13          14   1.38946488716276     
          10          15   1.35627243446657     
          12          15  0.104968928348283     
          14          15   1.47577280397046     
          15          16  0.961148126484559     
          13          17  0.968577195014594     
          12          18  0.948164984403622     
           1          19  0.443940098480788     
          11          19  0.432261377386318     
          19          20  0.537699969076385     
          19          21  0.739773723356645     
          21          22   1.09361894944775     
          22          23  0.941076702589251     
          23          24  0.996738018043970     
          24          25  0.982604082186430     
          24          26  0.983398526038070     
          24          27  0.983147774930146     
          23          28  0.990160136560341     
          28          29  0.983894383218005     
          28          30  0.983978581314960     
          28          31  0.985384696940247     
          23          32  0.941255580531076     
          21          33   1.11655681903344     
          32          33  0.937690948100946     
          32          34  0.990837898430889     
          34          35  0.982243816016800     
          34          36  0.983545541350570     
          34          37  0.982333446849917     
          32          38  0.997016619412434     
          38          39  0.983059211739271     
          38          40  0.982691341006221     
          38          41  0.983565854420146     
          19          42  0.854636827600823     
          42          43   1.12146344014091     
          43          44  0.933902972929776     
          44          45  0.996968064674875     
          45          46  0.982147693003870     
          45          47  0.981514088776530     
          45          48  0.982866389928458     
          44          49  0.991059879631780     
          49          50  0.983163662886873     
          49          51  0.982377943183786     
          49          52  0.980168587634755     
          44          53  0.939021280215725     
          42          54   1.10790644189724     
          53          54  0.932550737635048     
          53          55  0.996192887384944     
          55          56  0.982333854383819     
          55          57  0.982770508286161     
          55          58  0.982966438958525     
          53          59  0.991955751019516     
          59          60  0.982477245929249     
          59          61  0.982704546678271     
          59          62  0.983097212048814     
          19          63  0.864172094588537     
          63          64   1.11114914864925     
          64          65  0.936582156078301     
          65          66  0.991344505956358     
          66          67  0.978127773927838     
          66          68  0.982546580343438     
          66          69  0.982892109701930     
          65          70  0.996492979809809     
          70          71  0.981995149079885     
          70          72  0.983271430770884     
          70          73  0.982205537347571     
          65          74  0.937600415988864     
          63          75   1.12383800350599     
          74          75  0.934454341076749     
          74          76  0.995899031046812     
          76          77  0.982777250142143     
          76          78  0.982168524787830     
          76          79  0.981527507067620     
          74          80  0.991540008952194     
          80          81  0.983842491356052     
          80          82  0.982983642031672     
          80          83  0.983095295817401     
           4          84  0.968291477383164     
          14          85  0.968392819840714     
          19          86  0.584185422766604     
          20          86  0.345982601200453     
          86          87   1.37593511966561     
          86          88   1.35674740543190     
          87          89   1.42377259745895     
          87          90  0.958578338331495     
          88          91   1.44920184657910     
          88          92  0.955540708071309     
          89          93   1.39317302957697     
          91          93   1.37340845206854     
          93          94   1.02299331035403     
          94          95  0.976339434059113     
          94          96  0.978549322825084     
          94          97  0.957581532033955     
