   -0.12201462
    0.07637060
   -0.04372895
   -0.02182598
   -0.04386474
    0.04818691
    0.05275645
    0.05695498
    0.04879377
    0.07278434
   -0.12986744
    0.04129261
   -0.04457910
   -0.02457017
   -0.04474304
    0.04702445
    0.05202758
    0.07542694
   -0.15168089
    0.08417397
    0.40352790
   -0.40585950
    0.12973127
   -0.12194424
    0.05370592
    0.04536387
    0.05196258
   -0.10999081
    0.04821943
    0.04254626
    0.02800836
    0.13058423
   -0.40329073
   -0.12159782
    0.05197518
    0.04654287
    0.04971014
   -0.12031115
    0.04705901
    0.05349099
    0.04590267
    0.40182085
   -0.38426628
    0.12857299
   -0.12607070
    0.05441673
    0.05661845
    0.05023231
   -0.12201364
    0.04930538
    0.04630039
    0.05278364
    0.12778353
   -0.38358839
   -0.12471781
    0.05469847
    0.05460629
    0.04899559
   -0.12274589
    0.04179662
    0.05358737
    0.05059619
    0.40330430
   -0.37919386
    0.12518668
   -0.13045227
    0.05868450
    0.05378158
    0.05078793
   -0.12926759
    0.06053302
    0.05116258
    0.05221824
    0.12711068
   -0.37906900
   -0.12464466
    0.05144003
    0.05433832
    0.05521880
   -0.12231795
    0.04043418
    0.05011716
    0.05513740
    0.05441845
    0.05087487
   -0.00640952
   -0.04046595
   -0.04641680
    0.05043394
    0.02653452
    0.05304061
    0.04382517
   -0.25761969
    0.02950392
    0.03480428
