           1           2   1.31275676899766     
           2           3   1.34700526004341     
           3           4   1.48464328288297     
           4           5   1.38187661828787     
           1           6   1.38913843476746     
           3           6  0.106259330407847     
           5           6   1.46051143160202     
           6           7  0.956955511858997     
           5           8  0.968333299409907     
           3           9  0.961907288096124     
           2          10   1.09182875259850     
          10          11   1.30206504254095     
          11          12   1.38357474655307     
          12          13   1.45927376047928     
          13          14   1.38406085605932     
          10          15   1.35372615241845     
          12          15  0.105054366783469     
          14          15   1.47799410880649     
          15          16  0.961897082522817     
          13          17  0.968837194892271     
          12          18  0.947722538259144     
           1          19  0.441508835081479     
          11          19  0.429013971522123     
          19          20  0.528734877201497     
          19          21  0.722072819072127     
          21          22   1.09596933893578     
          22          23  0.941379142304246     
          23          24  0.996520326445350     
          24          25  0.982611859952487     
          24          26  0.983524924975215     
          24          27  0.983115162153947     
          23          28  0.990310983142343     
          28          29  0.983902162274098     
          28          30  0.983948517831303     
          28          31  0.985062714726845     
          23          32  0.940937305183883     
          21          33   1.11227064828833     
          32          33  0.938102467730437     
          32          34  0.990967107748084     
          34          35  0.981237364608951     
          34          36  0.983552383351495     
          34          37  0.982052879644480     
          32          38  0.996993533440890     
          38          39  0.983070917233304     
          38          40  0.982728764921777     
          38          41  0.983639181733075     
          19          42  0.855883442602058     
          42          43   1.11662069483565     
          43          44  0.935292748170201     
          44          45  0.996926564739362     
          45          46  0.982227388234647     
          45          47  0.981730434456881     
          45          48  0.983027543518441     
          44          49  0.990985268173812     
          49          50  0.983324644340543     
          49          51  0.982571975906937     
          49          52  0.979601728289503     
          44          53  0.939145288448769     
          42          54   1.10918140340832     
          53          54  0.933638807834232     
          53          55  0.996269941022077     
          55          56  0.982374003222971     
          55          57  0.982743262200536     
          55          58  0.983061597203026     
          53          59  0.991725749009412     
          59          60  0.982451223738706     
          59          61  0.982918367829358     
          59          62  0.982932381019860     
          19          63  0.865553749242734     
          63          64   1.11121935711454     
          64          65  0.936870473022533     
          65          66  0.991309824654603     
          66          67  0.978715530699492     
          66          68  0.982538180495588     
          66          69  0.982954801154777     
          65          70  0.996588499832256     
          70          71  0.981952786613572     
          70          72  0.983312768328083     
          70          73  0.982237489502939     
          65          74  0.937996886610633     
          63          75   1.12203809111807     
          74          75  0.934465833851533     
          74          76  0.996154493172003     
          76          77  0.982766596544908     
          76          78  0.982093914167220     
          76          79  0.981659314799470     
          74          80  0.991395546434349     
          80          81  0.983920550416511     
          80          82  0.983102036287065     
          80          83  0.983159992091274     
           4          84  0.968587425645243     
          14          85  0.968821768570512     
          19          86  0.595048188974852     
          20          86  0.350133927406038     
          86          87   1.38123361436631     
          86          88   1.37244240947308     
          87          89   1.43150750758064     
          88          89  0.105150096149831     
          87          90  0.963879882581019     
          87          91  0.102053776151936     
          88          91   1.44597623849435     
          88          92  0.961009506491179     
          89          93   1.42837983907981     
          91          93   1.41475554957229     
          89          94  0.962573425457374     
          91          95  0.962358374595383     
