   -0.12671911
    0.07360088
   -0.04477174
   -0.02365869
   -0.04584686
    0.04833684
    0.05127823
    0.05239701
    0.04362274
    0.06912721
   -0.13350569
    0.04137984
   -0.04664943
   -0.02731099
   -0.04593505
    0.04197362
    0.04746129
    0.07304159
   -0.15862869
    0.08259690
    0.40448795
   -0.40710850
    0.12988846
   -0.12096520
    0.05324686
    0.04424202
    0.05100747
   -0.10839684
    0.04678995
    0.04121837
    0.02678776
    0.13090625
   -0.40637825
   -0.12096757
    0.05129659
    0.04541246
    0.04976796
   -0.11971066
    0.04577416
    0.05344734
    0.04489627
    0.40711583
   -0.37740073
    0.12800626
   -0.12672008
    0.05853074
    0.05489476
    0.04885958
   -0.12152245
    0.04791895
    0.04679912
    0.05104054
    0.12756452
   -0.38341364
   -0.12405700
    0.05284259
    0.05343902
    0.04791630
   -0.12493494
    0.05202807
    0.05139280
    0.04714310
    0.40401007
   -0.37607670
    0.12476356
   -0.13250858
    0.06119462
    0.05544911
    0.05014998
   -0.12855966
    0.06031634
    0.05022212
    0.05105799
    0.12677923
   -0.37897752
   -0.12413035
    0.05024272
    0.05229774
    0.05652465
   -0.12135066
    0.04016991
    0.04815370
    0.05387710
    0.04931701
    0.04519394
    0.05243550
   -0.04994095
   -0.23995803
   -0.00621461
    0.02011907
    0.03311294
    0.02743120
   -0.08025391
    0.03395557
   -0.11440727
    0.00371099
    0.02653089
    0.20407512
    0.04641110
