           1           2   1.30444744193810     
           2           3   1.34134983442216     
           3           4   1.49011301650539     
           4           5   1.37424739909822     
           1           6   1.38741225541700     
           3           6  0.106289584786393     
           5           6   1.46405596803387     
           6           7  0.957263999040853     
           5           8  0.968889596973121     
           3           9  0.962310535265434     
           2          10   1.10049151590708     
          10          11   1.29175215926213     
          11          12   1.37666972693108     
          12          13   1.46675154196165     
          13          14   1.37347255366511     
          10          15   1.34823015593482     
          12          15  0.105035355481040     
          14          15   1.48375688745409     
          15          16  0.962252012080633     
          13          17  0.969321377164912     
          12          18  0.948117518082856     
           1          19  0.445573194885157     
          11          19  0.439265338446055     
          19          20  0.522343528161201     
          19          21  0.716563359352060     
          21          22   1.09253756731991     
          22          23  0.942897297202596     
          23          24  0.996254654354548     
          24          25  0.982727636184041     
          24          26  0.983704781694768     
          24          27  0.983252050329986     
          23          28  0.989899424909314     
          28          29  0.984157567937624     
          28          30  0.984127753658246     
          28          31  0.984926728623023     
          23          32  0.940908218032629     
          21          33   1.10552512101467     
          32          33  0.939711448154371     
          32          34  0.990739715230203     
          34          35  0.981663509888779     
          34          36  0.983675922646802     
          34          37  0.982021576804232     
          32          38  0.996835955273011     
          38          39  0.983214525095087     
          38          40  0.982803555118864     
          38          41  0.983849040267451     
          19          42  0.856905621327840     
          42          43   1.12438696997781     
          43          44  0.936804877484797     
          44          45  0.996362327025032     
          45          46  0.981953179953678     
          45          47  0.982200646576593     
          45          48  0.983251795093872     
          44          49  0.990438192701060     
          49          50  0.983646363571545     
          49          51  0.982633279149612     
          49          52  0.980040172194856     
          44          53  0.939464882607129     
          42          54   1.10287165257906     
          53          54  0.934921598414033     
          53          55  0.996339353731254     
          55          56  0.982695640649131     
          55          57  0.982989147155878     
          55          58  0.983348969657134     
          53          59  0.991244040921774     
          59          60  0.981570375011336     
          59          61  0.983242376014136     
          59          62  0.983480348073187     
          19          63  0.870969693661404     
          63          64   1.11556925359042     
          64          65  0.937881660921981     
          65          66  0.991099008080172     
          66          67  0.978465870485384     
          66          68  0.982384533911327     
          66          69  0.983122332084038     
          65          70  0.996423628378494     
          70          71  0.982072765823895     
          70          72  0.983520663935145     
          70          73  0.982469149811573     
          65          74  0.937347373747856     
          63          75   1.11485325024533     
          74          75  0.937276148023884     
          74          76  0.995461332260940     
          76          77  0.983130972697115     
          76          78  0.982381294150236     
          76          79  0.981603982116119     
          74          80  0.990956615767051     
          80          81  0.984247572906385     
          80          82  0.983318297694865     
          80          83  0.983431424822445     
           4          84  0.969135925434027     
          14          85  0.969441769005706     
          19          86  0.582709955054318     
          20          86  0.344904607775963     
          86          87   1.42009567569591     
          86          88   1.35073874612117     
          87          89   1.32970327282593     
          87          90  0.962254784438654     
          87          91  0.113200168377621     
          88          91   1.46704521696957     
          89          92   1.23256870003535     
          91          92   1.33600172173834     
          89          93   1.23058066072824     
          91          94  0.958602904663419     
          92          95   1.17346949759169     
          93          96   1.59885199998721     
          95          96   1.21968143381967     
          93          97  0.973873206622302     
          95          98  0.931111269878914     
          96          99  0.968842153901440     
