   -0.12406433
    0.07673393
   -0.04188120
   -0.02252412
   -0.04326834
    0.04775107
    0.05210192
    0.05416671
    0.04565101
    0.07183114
   -0.12009310
    0.04239997
   -0.04569207
   -0.02548913
   -0.04563088
    0.04657958
    0.05050488
    0.07407303
   -0.16320673
    0.10004018
    0.40197392
   -0.41083738
    0.13046300
   -0.12009588
    0.05199259
    0.04402987
    0.05030091
   -0.10914238
    0.04669843
    0.04186122
    0.02811455
    0.13121340
   -0.40549403
   -0.11903796
    0.05014894
    0.04468832
    0.04750483
   -0.11897012
    0.04697158
    0.05142351
    0.04434099
    0.40551596
   -0.38681954
    0.12912186
   -0.12367519
    0.05172126
    0.05496317
    0.04864356
   -0.12034740
    0.04747027
    0.04442248
    0.05297042
    0.12780660
   -0.38124476
   -0.12370006
    0.05416347
    0.05431920
    0.04730145
   -0.11986112
    0.03951620
    0.05106451
    0.05017532
    0.40074028
   -0.37983971
    0.12521993
   -0.12865653
    0.05637376
    0.05313607
    0.04876043
   -0.12875779
    0.06006212
    0.04953168
    0.05238256
    0.12761991
   -0.38403025
   -0.12263046
    0.04953275
    0.05264200
    0.05315245
   -0.12091960
    0.04024352
    0.04789048
    0.05375390
    0.05134047
    0.04907040
   -0.06545651
    0.03485900
   -0.05983251
   -0.00927129
   -0.11334856
    0.00982418
    0.03112227
   -0.06285742
    0.05747317
    0.04511599
    0.05718810
    0.10416255
    0.07069876
    0.07013764
    0.07199362
   -0.31008684
