           1           2   1.30312614542354     
           2           3   1.35057615349155     
           3           4   1.48181081952512     
           4           5   1.38091724351869     
           1           6   1.38460027181167     
           3           6  0.105079384850378     
           5           6   1.46159149497377     
           6           7  0.957090978749389     
           5           8  0.968661099175130     
           3           9  0.962083817450122     
           2          10   1.09249361821672     
          10          11   1.30018080574727     
          11          12   1.38476414714624     
          12          13   1.45832078281567     
          13          14   1.38342778146292     
          10          15   1.35405061570872     
          12          15  0.104773919623777     
          14          15   1.47817891520802     
          15          16  0.961974170934108     
          13          17  0.969025088370255     
          12          18  0.949418604504032     
           1          19  0.446324806621078     
          11          19  0.452552478355068     
          19          20  0.549496126846753     
          19          21  0.723852566305122     
          21          22   1.08723915997236     
          22          23  0.944109202002138     
          23          24  0.996347832551204     
          24          25  0.982816962685613     
          24          26  0.983743409241350     
          24          27  0.983282725736949     
          23          28  0.989805972776901     
          28          29  0.984181608815557     
          28          30  0.983905139136741     
          28          31  0.985324539520349     
          23          32  0.940965880551592     
          21          33   1.10926142481662     
          32          33  0.940472343924583     
          32          34  0.990730742264203     
          34          35  0.981479842771419     
          34          36  0.983702064478758     
          34          37  0.981936188055700     
          32          38  0.996694135198381     
          38          39  0.983153577034388     
          38          40  0.982952711830941     
          38          41  0.983847912086269     
          19          42  0.859253438247667     
          42          43   1.11123394733741     
          43          44  0.937498983816771     
          44          45  0.996753847781430     
          45          46  0.982531357452486     
          45          47  0.981925842589816     
          45          48  0.983193982066534     
          44          49  0.990788992333388     
          49          50  0.983435851499411     
          49          51  0.982045375632546     
          49          52  0.978963076813083     
          44          53  0.938259416412444     
          42          54   1.10895173255831     
          53          54  0.937088513121467     
          53          55  0.995774634414636     
          55          56  0.982327542218761     
          55          57  0.982758971457491     
          55          58  0.983251800463367     
          53          59  0.991636293102020     
          59          60  0.982801917685597     
          59          61  0.983066738996777     
          59          62  0.982963193117847     
          19          63  0.861661122257670     
          63          64   1.10758923296008     
          64          65  0.939449930431510     
          65          66  0.991079771326852     
          66          67  0.979200902998841     
          66          68  0.982625148918005     
          66          69  0.983236219905776     
          65          70  0.996324663054993     
          70          71  0.982074359671641     
          70          72  0.983564229483874     
          70          73  0.982276177665703     
          65          74  0.937959962547043     
          63          75   1.11345288798439     
          74          75  0.937432494491671     
          74          76  0.995993474374213     
          76          77  0.983072799699384     
          76          78  0.982271043327309     
          76          79  0.981196050991401     
          74          80  0.990899351132324     
          80          81  0.984025582797590     
          80          82  0.983344255450471     
          80          83  0.983422874695717     
           4          84  0.968996323727156     
          14          85  0.969078877411634     
          19          86  0.588458791053353     
          20          86  0.338676754653326     
          86          87   1.40828246223036     
          86          88   1.35050869730720     
          87          89   1.23501889112771     
          87          90   1.03100783309523     
          87          91  0.101618984364301     
          88          91   1.38477141269340     
          89          91   1.14440440181283     
          88          92  0.967233742120511     
          89          93   1.00307650817640     
          90          94  0.975560339368942     
          90          95  0.967827334004590     
          90          96  0.970171549185147     
          91          97   1.16113422570552     
          93          98  0.977929042408473     
          93          99  0.969693122711535     
          93         100  0.972450635044358     
          97         101   2.71597546243239     
