   -0.11965228
    0.07512946
   -0.04420667
   -0.02149132
   -0.04233107
    0.04395597
    0.07040107
    0.05887898
    0.05103766
    0.07169757
   -0.12815036
    0.04033061
   -0.04386507
   -0.02423585
   -0.04569981
    0.04995307
    0.05564919
    0.08225950
   -0.16014242
    0.10871020
    0.40284245
   -0.40939703
    0.12985804
   -0.12280747
    0.05303141
    0.04610794
    0.05329885
   -0.11098032
    0.04879936
    0.04362701
    0.02821011
    0.13028751
   -0.39995111
   -0.12026782
    0.04665120
    0.04839133
    0.04969026
   -0.12056102
    0.04732751
    0.05373864
    0.04678751
    0.39586710
   -0.38263658
    0.12876879
   -0.12679762
    0.05547820
    0.05569093
    0.04918332
   -0.12466728
    0.04801766
    0.05199882
    0.05339124
    0.12641530
   -0.38107528
   -0.12478754
    0.05556368
    0.05512345
    0.04795364
   -0.12529633
    0.04393660
    0.05221984
    0.05255644
    0.40301298
   -0.38039319
    0.12448971
   -0.13032935
    0.05148247
    0.05585161
    0.05396834
   -0.12886234
    0.06049194
    0.05182375
    0.05232185
    0.12697841
   -0.37045387
   -0.12630810
    0.05254824
    0.05602860
    0.05593646
   -0.12003861
    0.04188636
    0.04668468
    0.05601473
    0.05591020
    0.05333327
   -0.07269606
   -0.00539226
    0.01580427
    0.00055519
    0.05797580
    0.48402891
   -0.23095695
    0.23341867
   -0.20801056
   -0.22332134
   -0.22360097
