           1           2   1.31840414007039     
           2           3   1.35178555967320     
           3           4   1.47903486092309     
           4           5   1.39004313530715     
           1           6   1.39372679148789     
           3           6  0.106249606502102     
           5           6   1.45401932831262     
           6           7  0.952260808822414     
           5           8  0.968099565146506     
           3           9  0.961543377536348     
           2          10   1.08609847998468     
          10          11   1.30860431855507     
          11          12   1.38755671323496     
          12          13   1.45408510627226     
          13          14   1.39060790421398     
          10          15   1.35738705847117     
          12          15  0.104905739974295     
          14          15   1.47343665139871     
          15          16  0.961526988813770     
          13          17  0.968422915970869     
          12          18  0.945383659712419     
           1          19  0.437248639026033     
          11          19  0.429341020705046     
          19          20  0.562936439610551     
          19          21  0.744366303591481     
          21          22   1.08925183827052     
          22          23  0.941929251124504     
          23          24  0.996653490573433     
          24          25  0.982165936603830     
          24          26  0.983419742476986     
          24          27  0.982839770962770     
          23          28  0.990249992441993     
          28          29  0.983855464460464     
          28          30  0.983931835758606     
          28          31  0.984184720923723     
          23          32  0.940235843629180     
          21          33   1.11731441607691     
          32          33  0.938826884899360     
          32          34  0.991169648083692     
          34          35  0.980912761912124     
          34          36  0.983043626309194     
          34          37  0.981119571695229     
          32          38  0.996598935834310     
          38          39  0.982907642085839     
          38          40  0.982669665286949     
          38          41  0.983622279750636     
          19          42  0.864805916867440     
          42          43   1.13016267498943     
          43          44  0.935942685298989     
          44          45  0.997161922026022     
          45          46  0.981640003310836     
          45          47  0.982584349319929     
          45          48  0.983357391444727     
          44          49  0.990107229352579     
          49          50  0.983748708834562     
          49          51  0.982735352836837     
          49          52  0.978764708760553     
          44          53  0.938684735005948     
          42          54   1.10803528907196     
          53          54  0.933673666285978     
          53          55  0.995509110131055     
          55          56  0.982078600141353     
          55          57  0.982845990733980     
          55          58  0.983225505067777     
          53          59  0.992424768185029     
          59          60  0.983141511003906     
          59          61  0.983054771296160     
          59          62  0.982799712732842     
          19          63  0.851935055418061     
          63          64   1.10078791268443     
          64          65  0.936857608150697     
          65          66  0.992128360162455     
          66          67  0.982486641004390     
          66          68  0.982214997683771     
          66          69  0.982721165358364     
          65          70  0.995650870151345     
          70          71  0.981998949056414     
          70          72  0.982992121055427     
          70          73  0.982456719568845     
          65          74  0.937363241256355     
          63          75   1.13477960968703     
          74          75  0.937615619705137     
          74          76  0.996102491793068     
          76          77  0.983022447467170     
          76          78  0.982326131573393     
          76          79  0.981845336385575     
          74          80  0.989977465974122     
          80          81  0.984295706603951     
          80          82  0.980392230879193     
          80          83  0.982527901804510     
           4          84  0.968369744246175     
          14          85  0.968539457426053     
          19          86  0.583326848241795     
          20          86  0.331589721847869     
          86          87   1.44910624854841     
          86          88   1.30994923292004     
          87          89   1.27743900443326     
          88          89  0.104680645222206     
          87          90  0.963218870738703     
          88          91  0.958754587271635     
          87          92  0.169814876850041     
          88          92   1.44091126451115     
          89          92   1.24614644870102     
          89          93  0.914479350605754     
          91          94  0.952710961065034     
          91          95  0.927135604681445     
          91          96  0.927898062020565     
