           1           2   1.43839789306275     
           2           3   1.43873170250672     
           1           4  0.111424737878927     
           3           4   1.43871825667009     
           2           5  0.111421196650353     
           4           5   1.43840202808891     
           1           6   1.41009804295667     
           3           6  0.102907371014038     
           5           6   1.41009003804191     
           6           7  0.947808625973300     
           1           8  0.966973416371432     
           2           9  0.968044046028025     
           3          10  0.968990885667953     
           4          11  0.968043201106637     
           5          12  0.966969234571145     
