   -0.11732158
    0.07862048
   -0.04190205
   -0.02115755
   -0.04225443
    0.04865176
    0.05366550
    0.05805187
    0.05019641
    0.07499434
   -0.11884741
    0.04362471
   -0.04312568
   -0.02256909
   -0.04422417
    0.04981020
    0.05428835
    0.07863984
   -0.15950229
    0.09802569
    0.40296666
   -0.40633832
    0.12964651
   -0.12179802
    0.05327721
    0.04539708
    0.05202169
   -0.11041756
    0.04831964
    0.04283018
    0.02839793
    0.13040768
   -0.40170435
   -0.12121712
    0.05139264
    0.04637751
    0.04929982
   -0.12063178
    0.04774028
    0.05335791
    0.04574501
    0.40271482
   -0.38586551
    0.12892455
   -0.12482892
    0.05354616
    0.05554071
    0.04963741
   -0.12189460
    0.04913655
    0.04628208
    0.05263759
    0.12774267
   -0.38088590
   -0.12491402
    0.05521065
    0.05511675
    0.04821295
   -0.12141460
    0.04206302
    0.05159593
    0.05082008
    0.40227700
   -0.38071050
    0.12520532
   -0.13000565
    0.05804673
    0.05308411
    0.05068973
   -0.12900459
    0.06011577
    0.05101931
    0.05242090
    0.12709594
   -0.37864649
   -0.12424384
    0.05106362
    0.05456444
    0.05460978
   -0.12201908
    0.04069781
    0.04919471
    0.05508895
    0.05575544
    0.05321145
   -0.01982970
   -0.08211104
   -0.05784449
   -0.03479658
   -0.04946446
    0.02183604
    0.03460900
    0.02597655
