           1           2   1.31711255785563     
           2           3   1.35262486532785     
           3           4   1.47933591970484     
           4           5   1.38770623610917     
           1           6   1.39069930338533     
           3           6  0.105924779812001     
           5           6   1.45709668263068     
           6           7  0.957052535741433     
           5           8  0.968182307881075     
           3           9  0.961408266151335     
           2          10   1.08599649230028     
          10          11   1.31085304774582     
          11          12   1.39095047861950     
          12          13   1.45187038776638     
          13          14   1.39253530833728     
          10          15   1.35768672679496     
          12          15  0.105081349786580     
          14          15   1.47387688439681     
          15          16  0.961331705730098     
          13          17  0.968595317099750     
          12          18  0.946861763406293     
           1          19  0.437444079174900     
          11          19  0.433114579025935     
          19          20  0.553108192021375     
          19          21  0.741077724942129     
          21          22   1.09399329170109     
          22          23  0.942003705791260     
          23          24  0.996491666948609     
          24          25  0.982706793185043     
          24          26  0.983551244902231     
          24          27  0.983121717820301     
          23          28  0.990167308770336     
          28          29  0.984007350810485     
          28          30  0.983982106664423     
          28          31  0.985303584464764     
          23          32  0.940945573753724     
          21          33   1.11247969345523     
          32          33  0.938700174011925     
          32          34  0.990849450844320     
          34          35  0.981310911002126     
          34          36  0.983564219985006     
          34          37  0.982136760577119     
          32          38  0.996914383877428     
          38          39  0.983059305928239     
          38          40  0.982853879122096     
          38          41  0.983700407039277     
          19          42  0.864007032633828     
          42          43   1.11425779483401     
          43          44  0.935500330073483     
          44          45  0.996984713213293     
          45          46  0.982468702199976     
          45          47  0.982005223042258     
          45          48  0.983122747066980     
          44          49  0.990755542590687     
          49          50  0.983401851111107     
          49          51  0.982012849483265     
          49          52  0.979941713511105     
          44          53  0.939568106790454     
          42          54   1.11005501405767     
          53          54  0.934377152558857     
          53          55  0.996338461390748     
          55          56  0.982357262218256     
          55          57  0.982739787819496     
          55          58  0.983156319251297     
          53          59  0.991426618357038     
          59          60  0.982895505481214     
          59          61  0.983216563225887     
          59          62  0.983028213225334     
          19          63  0.859440005870100     
          63          64   1.10872127096957     
          64          65  0.937023902364114     
          65          66  0.991177357996088     
          66          67  0.979009063615149     
          66          68  0.982670066162064     
          66          69  0.983065406448880     
          65          70  0.996587934834746     
          70          71  0.982054258365298     
          70          72  0.983380302829849     
          70          73  0.982257466834201     
          65          74  0.938147517599956     
          63          75   1.11944702401319     
          74          75  0.935645704753772     
          74          76  0.995949098320677     
          76          77  0.982960450582000     
          76          78  0.982146794618593     
          76          79  0.981117447098486     
          74          80  0.991026234505380     
          80          81  0.984075953879453     
          80          82  0.983111227929595     
          80          83  0.983261205425389     
           4          84  0.968461959437032     
          14          85  0.968554786998079     
          19          86  0.589512292124855     
          20          86  0.337115494068806     
          86          87   1.14653099918279     
          86          88   1.56535702565515     
          86          89  0.109840119181505     
          87          89   1.16601744527250     
          88          90   1.26849840181727     
          89          90   1.62267689562798     
          88          91  0.960192395342289     
          89          92  0.971480762042849     
          90          93  0.964697619991878     
