   -0.11890176
    0.07879979
   -0.04213527
   -0.02123415
   -0.04252733
    0.04883649
    0.05614364
    0.05860505
    0.04880104
    0.07557480
   -0.12283886
    0.04133351
   -0.04408910
   -0.02300838
   -0.04472920
    0.04867309
    0.05308273
    0.07676577
   -0.14918181
    0.08076636
    0.40285894
   -0.40930902
    0.13060959
   -0.12212987
    0.05474961
    0.04538446
    0.05107125
   -0.10865029
    0.04778130
    0.04076101
    0.02746485
    0.13086537
   -0.40295394
   -0.11978045
    0.04701221
    0.04801062
    0.05039422
   -0.12000826
    0.04672454
    0.05389524
    0.04583238
    0.40355866
   -0.37534234
    0.12741569
   -0.12806175
    0.05387644
    0.05934714
    0.05051535
   -0.12330378
    0.04959757
    0.04807099
    0.05407844
    0.12749127
   -0.38376003
   -0.12393671
    0.05350905
    0.05365709
    0.04962976
   -0.12177718
    0.03959332
    0.05246269
    0.04840960
    0.40031557
   -0.37318495
    0.12548650
   -0.12924669
    0.05753327
    0.05375507
    0.05108975
   -0.13012748
    0.06059553
    0.05174937
    0.05350874
    0.12612176
   -0.38090672
   -0.12522287
    0.05135915
    0.05350077
    0.05521287
   -0.12424424
    0.04021328
    0.05336688
    0.05497318
    0.05537229
    0.05309807
   -0.01519861
   -0.05148865
   -0.02321890
    0.04556163
    0.02829792
    0.13254250
   -0.06564866
   -0.27440468
    0.03842037
   -0.07638965
    0.00058653
    0.08299902
    0.41589139
    0.06860353
   -0.48145688
   -0.27832799
    0.15603011
   -0.12873999
   -0.13321567
   -0.12808285
    0.05129858
    0.06114609
    0.06189858
    0.06410947
    0.06544414
    0.06286845
    0.05964069
    0.04987248
    0.06229050
