           1           2   1.31523762161526     
           2           3   1.35124454034911     
           3           4   1.48044641228366     
           4           5   1.38695534395679     
           1           6   1.39109102278908     
           3           6  0.105863220653744     
           5           6   1.45702843050340     
           6           7  0.955759790381672     
           5           8  0.968143682598898     
           3           9  0.961476008628901     
           2          10   1.08786067493561     
          10          11   1.30801281996267     
          11          12   1.38736135606575     
          12          13   1.45578341319646     
          13          14   1.38753007495874     
          10          15   1.35414920174998     
          12          15  0.105398421642507     
          14          15   1.47757665202837     
          15          16  0.961343557890878     
          13          17  0.968696977656608     
          12          18  0.946258022751572     
           1          19  0.436840755531647     
          11          19  0.431946089967072     
          19          20  0.537596169285003     
          19          21  0.720057552044309     
          21          22   1.09076690720925     
          22          23  0.942238100351579     
          23          24  0.996789632331677     
          24          25  0.982520603740218     
          24          26  0.983526768056048     
          24          27  0.983242208503756     
          23          28  0.989852393037586     
          28          29  0.983916435165266     
          28          30  0.983941898961669     
          28          31  0.985189557897326     
          23          32  0.941609260883716     
          21          33   1.11356897575384     
          32          33  0.938286650213199     
          32          34  0.990969327221257     
          34          35  0.983532702149507     
          34          36  0.983654027283990     
          34          37  0.982652717476076     
          32          38  0.996831690842541     
          38          39  0.983236147402325     
          38          40  0.982341113061404     
          38          41  0.983507632089328     
          19          42  0.846367371469703     
          42          43   1.12978337348806     
          43          44  0.936410311847781     
          44          45  0.996191846983174     
          45          46  0.981638657183397     
          45          47  0.981187769046985     
          45          48  0.983069859714057     
          44          49  0.991160181527620     
          49          50  0.983129309533550     
          49          51  0.982992590968766     
          49          52  0.979434271207829     
          44          53  0.937732457460886     
          42          54   1.10497096082445     
          53          54  0.934278118510995     
          53          55  0.995924553910288     
          55          56  0.982517878852653     
          55          57  0.982762156156962     
          55          58  0.982948794830029     
          53          59  0.992040531767793     
          59          60  0.979978936377785     
          59          61  0.982904508975193     
          59          62  0.983082264334690     
          19          63  0.863604529848540     
          63          64   1.12012592612308     
          64          65  0.936263022435265     
          65          66  0.991534632984619     
          66          67  0.979157010042909     
          66          68  0.982190790984090     
          66          69  0.982807289434316     
          65          70  0.996597931533013     
          70          71  0.981898559284476     
          70          72  0.983185132596287     
          70          73  0.981995025071720     
          65          74  0.937911862000467     
          63          75   1.11230761883038     
          74          75  0.935736956500364     
          74          76  0.996004546982297     
          76          77  0.982848172745272     
          76          78  0.982567625327761     
          76          79  0.982310673619926     
          74          80  0.991273172602482     
          80          81  0.983148117193301     
          80          82  0.982905513152359     
          80          83  0.983139720360199     
           4          84  0.968477284752138     
          14          85  0.968588270453651     
          19          86  0.614937260750658     
          20          86  0.333022681517199     
          86          87   1.39370962802526     
          86          88   1.30905791076823     
          87          89   1.41237844599893     
          87          90  0.963847201377192     
          88          91   1.25489534492053     
          88          92   1.17398193845715     
          89          93   1.41987404932678     
          91          93   1.37012967487305     
          89          94  0.962574326616520     
          91          95   1.09556407655296     
          92          96   1.68951808626870     
          95          96   1.09580789033398     
          92          97  0.955077513274419     
          95          98   1.08016411555413     
          96          99  0.964932104835803     
          95         100  0.103514977933648     
          98         100   1.62369089594992     
          98         101   1.15779690026829     
         100         101  0.156439673135016     
         101         102  0.873901619354335     
         102         103  0.995999912154519     
         102         104  0.996056401872182     
         102         105  0.995729423551895     
         103         106  0.984489840020987     
         103         107  0.980948338758816     
         103         108  0.981626114384579     
         104         109  0.983037822840049     
         104         110  0.981909585445052     
         104         111  0.983171940128971     
         105         112  0.981244023661436     
         105         113  0.984673435241797     
         105         114  0.981612252267527     
