   -0.04016130
   -0.04606359
   -0.04195134
   -0.05719758
    0.04369352
   -0.11498445
   -0.00873629
   -0.03222086
   -0.06805470
    0.02376601
   -0.19771648
    0.40981397
   -0.51678659
   -0.32007244
    0.15768603
   -0.12498545
   -0.13151581
   -0.12620169
    0.35106056
   -0.44291976
   -0.25444074
    0.00237614
   -0.02157924
    0.02319610
    0.02494418
    0.02804190
    0.03067710
    0.20331713
    0.04540444
    0.05770568
    0.06578479
    0.09390226
    0.21428893
    0.04708495
    0.05721164
    0.05697211
    0.05897961
    0.06239335
    0.06024573
    0.05879150
    0.04925170
    0.05713764
    0.09482795
    0.08113550
    0.08589790
