           1           2   1.50603545741956     
           2           3   1.36926711624069     
           1           4  0.112863236975509     
           3           4   1.49515438464062     
           4           5   1.33669201131052     
           5           6   1.18412691486362     
           6           7   1.21073650619534     
           7           8   1.57367077917796     
           8           9   1.01442310794777     
           9          10  0.947169495530779     
          10          11  0.997661037171192     
          11          12   1.21090179308465     
          11          13  0.157524561160599     
          12          13   1.59039813513208     
          12          14   1.09320120095271     
          13          14  0.132053831500785     
          14          15  0.887354519464945     
          15          16  0.996190079953524     
          15          17  0.995216421832949     
          15          18  0.996385312579363     
          10          19  0.939611961333454     
          19          20   1.72104556114916     
          19          21   1.16950148902806     
          20          21  0.177988254670718     
          21          22  0.936166005289183     
           1          23   1.32984039782021     
           5          23   1.24429484428414     
           8          23   1.20878846200224     
           1          24  0.967782595132357     
           2          25  0.971863957358705     
           3          26  0.972050753499069     
           4          27  0.968177712051537     
           6          28  0.931106215187815     
           7          29  0.968639733985742     
           9          30  0.971366599342846     
           9          31  0.967759578833057     
          10          32  0.942785970822372     
          11          33  0.921885713758924     
          16          34  0.984965880033630     
          16          35  0.981507269119354     
          16          36  0.982599566541966     
          17          37  0.983862415897073     
          17          38  0.982541518588793     
          17          39  0.983700463713184     
          18          40  0.981192348160687     
          18          41  0.984760365655073     
          18          42  0.982527810518188     
          22          43  0.975283689718987     
          22          44  0.976118200440628     
          22          45  0.973186086362501     
