   -0.10388181
    0.08272267
   -0.04048948
   -0.01938706
   -0.04043801
    0.04750818
    0.05912742
    0.06466699
    0.05674645
    0.08118199
   -0.10921466
    0.04145299
   -0.04133934
   -0.01989705
   -0.04224926
    0.05635583
    0.05754268
    0.07718922
   -0.14826690
    0.10027019
    0.40245847
   -0.39949438
    0.12864053
   -0.12495467
    0.05631728
    0.04761777
    0.05401788
   -0.11383906
    0.05066166
    0.04498953
    0.03088965
    0.12929788
   -0.39356380
   -0.12382335
    0.05217244
    0.04957284
    0.05175800
   -0.12252723
    0.04947364
    0.05473682
    0.04796205
    0.39644615
   -0.37848051
    0.12758863
   -0.12759474
    0.05286484
    0.05918826
    0.05183328
   -0.12488059
    0.05187684
    0.04876662
    0.05660085
    0.12709523
   -0.38254424
   -0.12648318
    0.05845874
    0.05555477
    0.05086911
   -0.12151650
    0.03467867
    0.05558351
    0.04971270
    0.39780900
   -0.37915383
    0.12461887
   -0.13158349
    0.06008575
    0.05233159
    0.05206529
   -0.13024067
    0.05930793
    0.05271537
    0.05328808
    0.12571172
   -0.37120001
   -0.12671364
    0.05252642
    0.05709926
    0.05582271
   -0.12540451
    0.04189680
    0.05434761
    0.05644303
    0.06216405
    0.05869313
    0.04962279
   -0.22708443
   -0.04485236
    0.17586170
   -0.01470155
    0.07588703
   -0.06564899
   -0.16870367
    0.48684596
    0.07617613
   -0.21091586
   -0.21409400
   -0.21860660
