           1           2   1.32590549140993     
           2           3   1.35796696454453     
           3           4   1.47386578412454     
           4           5   1.39637720858154     
           1           6   1.39440058012596     
           3           6  0.105795509747890     
           5           6   1.45132126238128     
           6           7  0.955156124836906     
           5           8  0.967304152363389     
           3           9  0.960616563335331     
           2          10   1.07700155803510     
          10          11   1.32234066789267     
          11          12   1.39965432766479     
          12          13   1.44511106339354     
          13          14   1.40143783034328     
          10          15   1.36164690454511     
          12          15  0.105378453848928     
          14          15   1.46983593784499     
          15          16  0.960560962360559     
          13          17  0.968193389986573     
          12          18  0.946428260613371     
           1          19  0.442153704315239     
          11          19  0.422227424032505     
          19          20  0.519665638671387     
          19          21  0.754443498399579     
          21          22   1.10190678080889     
          22          23  0.939096858658869     
          23          24  0.996926330488799     
          24          25  0.982340921795620     
          24          26  0.983213588744168     
          24          27  0.982878237009533     
          23          28  0.990531814103196     
          28          29  0.983643804777905     
          28          30  0.983760475465280     
          28          31  0.985244551366103     
          23          32  0.941003653952202     
          21          33   1.12410003602131     
          32          33  0.935630112581927     
          32          34  0.991131190199244     
          34          35  0.982002905095308     
          34          36  0.983277102146606     
          34          37  0.982055768874601     
          32          38  0.997216599431897     
          38          39  0.982863954117394     
          38          40  0.982503048204560     
          38          41  0.983354379070937     
          19          42  0.841560356069779     
          42          43   1.12785259078159     
          43          44  0.933324166246628     
          44          45  0.997150438119461     
          45          46  0.982114602184146     
          45          47  0.981030595407492     
          45          48  0.982762713561719     
          44          49  0.991183863917190     
          49          50  0.982894179890273     
          49          51  0.982050705832646     
          49          52  0.979399644557316     
          44          53  0.938698753427534     
          42          54   1.11149365504167     
          53          54  0.932292721731879     
          53          55  0.996249708222782     
          55          56  0.981859823336554     
          55          57  0.982573613516017     
          55          58  0.982732037226346     
          53          59  0.992155776620402     
          59          60  0.983327294416287     
          59          61  0.982612347385531     
          59          62  0.983018338000162     
          19          63  0.850042013133750     
          63          64   1.11336000045807     
          64          65  0.935851901297872     
          65          66  0.991630055827886     
          66          67  0.977959142452015     
          66          68  0.982611535988575     
          66          69  0.982661561559160     
          65          70  0.996455503658707     
          70          71  0.982018285007158     
          70          72  0.983122004764300     
          70          73  0.982014451475317     
          65          74  0.937438815989696     
          63          75   1.13351869458507     
          74          75  0.932981656503868     
          74          76  0.996064961379648     
          76          77  0.982570639288926     
          76          78  0.981864004261892     
          76          79  0.981340649888347     
          74          80  0.991875577558379     
          80          81  0.983486649195415     
          80          82  0.982649971217048     
          80          83  0.982899030253964     
           4          84  0.967666200489065     
          14          85  0.967905216534139     
          19          86  0.602633738279369     
          20          86  0.349638217296115     
          86          87   1.35976105549419     
          86          88   1.31541083505495     
          87          89   1.42355026392689     
          88          90   1.46384872367146     
          88          91  0.959180505579118     
          89          92   1.39318785079950     
          90          92   1.36041892983484     
          89          93  0.963025728449709     
          90          94  0.946944847159886     
          92          95  0.964003777925426     
          94          96  0.947957323930279     
          94          97  0.941908039155533     
          94          98  0.933472466245092     
