   -0.12024934
    0.07558261
   -0.04331590
   -0.02259148
   -0.04383345
    0.04763799
    0.05374721
    0.05586150
    0.04735109
    0.07166588
   -0.12618699
    0.04166070
   -0.04488511
   -0.02512797
   -0.04545389
    0.04612622
    0.05137202
    0.07699941
   -0.15397738
    0.09637039
    0.40398895
   -0.40736742
    0.12988958
   -0.12159461
    0.05345356
    0.04488684
    0.05178705
   -0.10947878
    0.04772582
    0.04222187
    0.02742309
    0.13093371
   -0.40512502
   -0.12113847
    0.05159713
    0.04581153
    0.04951828
   -0.11994397
    0.04650217
    0.05308036
    0.04549580
    0.40508186
   -0.38038383
    0.12899487
   -0.12288760
    0.05130991
    0.05468886
    0.04923068
   -0.12176485
    0.04803800
    0.04736800
    0.05275348
    0.12796308
   -0.38537104
   -0.12420415
    0.05326417
    0.05388833
    0.04814331
   -0.11993687
    0.03928914
    0.05085511
    0.05066554
    0.40383177
   -0.37869462
    0.12536395
   -0.12842381
    0.05942528
    0.05143641
    0.04951746
   -0.12837056
    0.05955211
    0.05032374
    0.05194495
    0.12701136
   -0.37864243
   -0.12400610
    0.05026138
    0.05350939
    0.05571209
   -0.12183064
    0.04068241
    0.04880967
    0.05441571
    0.05296633
    0.04957887
   -0.04616335
   -0.03944397
    0.11292853
   -0.04726897
    0.02775775
   -0.21094682
   -0.01771803
   -0.05269769
    0.03080433
    0.07490468
   -0.08085179
    0.03577664
    0.05378576
    0.04935128
