           1           2   1.30887413468900     
           2           3   1.34736230927497     
           3           4   1.48468059225196     
           4           5   1.38027408658732     
           1           6   1.38656192890442     
           3           6  0.106035364680192     
           5           6   1.46185649802052     
           6           7  0.956880987617919     
           5           8  0.968453897184843     
           3           9  0.961687781602801     
           2          10   1.09362524013025     
          10          11   1.30128959176861     
          11          12   1.38369879823713     
          12          13   1.45915034398744     
          13          14   1.38323215846307     
          10          15   1.35234782774103     
          12          15  0.105112207518197     
          14          15   1.47910254323421     
          15          16  0.961668551466274     
          13          17  0.968909858928699     
          12          18  0.947177552852205     
           1          19  0.452148791397730     
          11          19  0.435009456665396     
          19          20  0.538115673009108     
          19          21  0.728033315852671     
          21          22   1.09354446830544     
          22          23  0.942031485439703     
          23          24  0.996500313620159     
          24          25  0.982719412010620     
          24          26  0.983572163008873     
          24          27  0.983153438083039     
          23          28  0.990093823997937     
          28          29  0.984057447880702     
          28          30  0.984014791101808     
          28          31  0.985015619268022     
          23          32  0.941192543452260     
          21          33   1.10819152720850     
          32          33  0.938797683887973     
          32          34  0.990846266404579     
          34          35  0.981433826865782     
          34          36  0.983571055112078     
          34          37  0.981791578370326     
          32          38  0.996965755006644     
          38          39  0.983152407473868     
          38          40  0.982763615335409     
          38          41  0.983732154511189     
          19          42  0.854617084557381     
          42          43   1.12370083552912     
          43          44  0.937809504508381     
          44          45  0.996043948331435     
          45          46  0.981834010779758     
          45          47  0.982013260616987     
          45          48  0.983287600768650     
          44          49  0.990703231865561     
          49          50  0.983422155086818     
          49          51  0.982502153235001     
          49          52  0.979253033278722     
          44          53  0.937643507048500     
          42          54   1.10248235763680     
          53          54  0.936062064806332     
          53          55  0.995325099227768     
          55          56  0.982518586689135     
          55          57  0.982824346885304     
          55          58  0.983218520629631     
          53          59  0.991779127168568     
          59          60  0.980697349195081     
          59          61  0.983202938906013     
          59          62  0.982963285119063     
          19          63  0.862242395228269     
          63          64   1.11064286375670     
          64          65  0.937834160073523     
          65          66  0.991029350367705     
          66          67  0.978698616440649     
          66          68  0.982782621349272     
          66          69  0.983271549238352     
          65          70  0.996557784300080     
          70          71  0.982151803713624     
          70          72  0.983516840823935     
          70          73  0.982336927083324     
          65          74  0.937814462915741     
          63          75   1.11878165492134     
          74          75  0.936354673430706     
          74          76  0.995777075606608     
          76          77  0.983108554878685     
          76          78  0.982312454591431     
          76          79  0.981614494326257     
          74          80  0.991025961406098     
          80          81  0.984200200005826     
          80          82  0.983213105603781     
          80          83  0.983372435048075     
           4          84  0.968782259921548     
          14          85  0.968975579576507     
          19          86  0.581751105250001     
          20          86  0.343751236805157     
          86          87   1.42851988298016     
          86          88   1.30614257023943     
          87          89   1.37442680877665     
          87          90  0.964421224991677     
          88          91   1.07758229016999     
          88          92   1.28012331933204     
          86          93  0.103747855602776     
          89          93   1.49857531915274     
          92          93   1.31805720345777     
          89          94  0.969717609556397     
          91          95   1.10863130472335     
          92          96   1.20083881617633     
          95          96   1.65269590429969     
          93          97  0.968823683274395     
          95          98  0.964446549579973     
          96          99  0.972249607461331     
