   -0.12448874
    0.07367940
   -0.04472265
   -0.02364567
   -0.04541087
    0.04800967
    0.05205835
    0.05315525
    0.04453356
    0.06905612
   -0.12789583
    0.04052041
   -0.04627855
   -0.02706552
   -0.04615621
    0.04263399
    0.04923565
    0.07747419
   -0.16827238
    0.09746601
    0.40410682
   -0.40774943
    0.12984578
   -0.12053244
    0.05257259
    0.04389741
    0.05101809
   -0.10855677
    0.04655455
    0.04151614
    0.02677000
    0.13091013
   -0.40720648
   -0.12086178
    0.05260976
    0.04454965
    0.04879930
   -0.11964592
    0.04560304
    0.05340349
    0.04452888
    0.40610157
   -0.37909863
    0.12816091
   -0.12726741
    0.06005645
    0.05454327
    0.04897924
   -0.12041569
    0.04820402
    0.04653730
    0.04877560
    0.12738206
   -0.38213891
   -0.12457758
    0.05290853
    0.05437173
    0.04786398
   -0.12764363
    0.05494912
    0.05141906
    0.04929384
    0.40502988
   -0.37769856
    0.12481143
   -0.13299266
    0.06130526
    0.05624519
    0.05010215
   -0.12871272
    0.06090495
    0.05005820
    0.05089129
    0.12735168
   -0.38009966
   -0.12383191
    0.05038428
    0.05233197
    0.05619920
   -0.12068534
    0.04014943
    0.04711756
    0.05402364
    0.05004232
    0.04597755
    0.03174849
   -0.06988561
   -0.24066261
   -0.01428840
    0.00748000
   -0.01750417
    0.03921468
    0.20056865
