           1           2   1.30551232420771     
           2           3   1.34332661572301     
           3           4   1.48851587784454     
           4           5   1.37539311716117     
           1           6   1.38621641761621     
           3           6  0.106385818424730     
           5           6   1.46445001787500     
           6           7  0.957268270198472     
           5           8  0.968789281730048     
           3           9  0.962390274358324     
           2          10   1.09815210548866     
          10          11   1.29418435922771     
          11          12   1.37710697619322     
          12          13   1.46478087694739     
          13          14   1.37669785151029     
          10          15   1.35012608202413     
          12          15  0.104965079478467     
          14          15   1.48155804613531     
          15          16  0.962386672513337     
          13          17  0.969128195617160     
          12          18  0.946767730177028     
           1          19  0.452228701010342     
          11          19  0.449284225009038     
          19          20  0.546653441129291     
          19          21  0.719743982693480     
          21          22   1.09255184095204     
          22          23  0.943338313363699     
          23          24  0.996170303733324     
          24          25  0.982715013447450     
          24          26  0.983776000049504     
          24          27  0.983241063483744     
          23          28  0.989939553793058     
          28          29  0.984197539473518     
          28          30  0.984150871159516     
          28          31  0.984970570987585     
          23          32  0.940700577409893     
          21          33   1.10628275551860     
          32          33  0.939965043075940     
          32          34  0.990804582891075     
          34          35  0.980676378281429     
          34          36  0.983775524066997     
          34          37  0.982306986686009     
          32          38  0.996840854894643     
          38          39  0.983211730300658     
          38          40  0.982885312881350     
          38          41  0.983886524848787     
          19          42  0.865663600335739     
          42          43   1.12183167105987     
          43          44  0.935959948282188     
          44          45  0.996701310578794     
          45          46  0.981896853491829     
          45          47  0.982253167674847     
          45          48  0.983191283151604     
          44          49  0.990367579951095     
          49          50  0.983722122687441     
          49          51  0.982604316237310     
          49          52  0.981328582176237     
          44          53  0.940366541966539     
          42          54   1.10252706658363     
          53          54  0.933901259143144     
          53          55  0.996852644607553     
          55          56  0.982669821124728     
          55          57  0.982892998778335     
          55          58  0.983301738664589     
          53          59  0.991107229914279     
          59          60  0.981984489684827     
          59          61  0.983270998656150     
          59          62  0.983320426731732     
          19          63  0.864092535341808     
          63          64   1.11028104053105     
          64          65  0.937694391889219     
          65          66  0.991023873775732     
          66          67  0.978357069154645     
          66          68  0.982277165569414     
          66          69  0.983125013201947     
          65          70  0.996372808898378     
          70          71  0.981976774284007     
          70          72  0.983537624358621     
          70          73  0.982537088131857     
          65          74  0.937693928978574     
          63          75   1.11801688792920     
          74          75  0.936357155321454     
          74          76  0.995738387710901     
          76          77  0.983051820953825     
          76          78  0.982350499809691     
          76          79  0.981518682908337     
          74          80  0.991073746087785     
          80          81  0.984366275944996     
          80          82  0.983291234610669     
          80          83  0.983329370886850     
           4          84  0.969069825669342     
          14          85  0.969341182874516     
          19          86  0.591764691011117     
          20          86  0.339408120894545     
          86          87   1.30279629816953     
          86          88   1.48336450255064     
          87          89   1.52147647526760     
          88          89  0.161082632170105     
          87          90  0.972164649571312     
          88          91   1.19311279479736     
          89          91   1.27720690420608     
          89          92  0.967469408104970     
          91          93  0.929513050149791     
