           1           2   1.38872078398116     
           2           3   1.27407851861710     
           3           4   1.17211886516757     
           4           5   1.68900560710504     
           2           6   1.10680408303005     
           4           6  0.161980634504963     
           5           6   1.06505368688444     
           5           7   1.04653524341881     
           1           8  0.109362606949443     
           3           8   1.34228997127157     
           8           9   1.48029984556548     
           1          10   1.46163510726801     
           9          10   1.39785137766509     
           1          11  0.968195631553084     
           7          12  0.973555237530708     
           7          13  0.958671172409292     
           7          14  0.958888150067917     
           8          15  0.965632026618250     
           9          16  0.969664472081708     
          10          17  0.969039569412741     
