   -0.10946258
    0.08048615
   -0.04232010
   -0.02124295
   -0.04299879
    0.04789718
    0.05317522
    0.05912198
    0.05292248
    0.07788031
   -0.11738907
    0.04131240
   -0.04399596
   -0.02354416
   -0.04359673
    0.05102990
    0.05347852
    0.07344729
   -0.15563221
    0.08129778
    0.40384173
   -0.40360887
    0.12937732
   -0.12307081
    0.05455485
    0.04622017
    0.05307286
   -0.11136807
    0.04930109
    0.04351489
    0.02884779
    0.13021536
   -0.40066015
   -0.12238918
    0.05225960
    0.04753732
    0.05043841
   -0.12139703
    0.04817486
    0.05430538
    0.04684869
    0.39938827
   -0.38437786
    0.12848793
   -0.12610920
    0.05331336
    0.05739519
    0.05088205
   -0.12312291
    0.05021549
    0.04695590
    0.05431467
    0.12800021
   -0.38616691
   -0.12523084
    0.05608023
    0.05467652
    0.04977648
   -0.12150512
    0.03860288
    0.05455410
    0.04961503
    0.40288619
   -0.38147946
    0.12523898
   -0.13040045
    0.05882390
    0.05281305
    0.05138512
   -0.12902246
    0.05966085
    0.05173736
    0.05208736
    0.12683445
   -0.37660344
   -0.12534826
    0.05192687
    0.05578605
    0.05518041
   -0.12294890
    0.04053769
    0.05160120
    0.05561094
    0.05746379
    0.05415381
    0.07333563
   -0.25383484
   -0.05360351
    0.14402656
    0.06927263
    0.04823985
   -0.27479728
    0.03292538
    0.04288213
