           1           2   1.31797957338600     
           2           3   1.35028068061711     
           3           4   1.48163583381793     
           4           5   1.38610300912795     
           1           6   1.38957181695252     
           3           6  0.106436638769363     
           5           6   1.45840273008443     
           6           7  0.956289141761270     
           5           8  0.968039954559626     
           3           9  0.961644208167498     
           2          10   1.08590651005136     
          10          11   1.30964947067336     
          11          12   1.38898024529226     
          12          13   1.45453315676856     
          13          14   1.38993224762267     
          10          15   1.35643350747329     
          12          15  0.105439269267235     
          14          15   1.47523911954146     
          15          16  0.961712054920845     
          13          17  0.968684736116747     
          12          18  0.947499088464221     
           1          19  0.451748902410974     
          11          19  0.429927927055141     
          19          20  0.516348650798019     
          19          21  0.731923175406066     
          21          22   1.09833995851813     
          22          23  0.940148626626619     
          23          24  0.996728493060927     
          24          25  0.982538573423629     
          24          26  0.983473023868312     
          24          27  0.983006838936169     
          23          28  0.990321496087754     
          28          29  0.983822461885797     
          28          30  0.983873761295193     
          28          31  0.985175259791522     
          23          32  0.941312955409620     
          21          33   1.11607299098033     
          32          33  0.936439961139026     
          32          34  0.991049593779602     
          34          35  0.981259922101847     
          34          36  0.983534455410867     
          34          37  0.982273551548680     
          32          38  0.997235177357490     
          38          39  0.982998671223448     
          38          40  0.982654222495062     
          38          41  0.983495477967988     
          19          42  0.852381896153842     
          42          43   1.11711090198216     
          43          44  0.934738251682278     
          44          45  0.996967684287160     
          45          46  0.982337610975649     
          45          47  0.981629729360557     
          45          48  0.982978817815988     
          44          49  0.990979052355754     
          49          50  0.983224635341719     
          49          51  0.982368156842740     
          49          52  0.979508367158733     
          44          53  0.939388997941141     
          42          54   1.10701681611741     
          53          54  0.933107130233310     
          53          55  0.996350731783617     
          55          56  0.982232234787193     
          55          57  0.982744369753169     
          55          58  0.982972453670787     
          53          59  0.991618611092697     
          59          60  0.983013708445923     
          59          61  0.982900610138958     
          59          62  0.983103574064983     
          19          63  0.862873868351689     
          63          64   1.10878641398477     
          64          65  0.936653647243554     
          65          66  0.991297787401333     
          66          67  0.978642267218805     
          66          68  0.982651660609228     
          66          69  0.982887618363460     
          65          70  0.996476192842823     
          70          71  0.982029071058256     
          70          72  0.983279943351077     
          70          73  0.982222163427513     
          65          74  0.937787533008014     
          63          75   1.12762484033357     
          74          75  0.933707256614360     
          74          76  0.996066406727090     
          76          77  0.982701710206847     
          76          78  0.982001983437768     
          76          79  0.981516557252934     
          74          80  0.991640131965810     
          80          81  0.983809397613149     
          80          82  0.982924592048180     
          80          83  0.983042592965497     
           4          84  0.968217158630602     
          14          85  0.968427397425336     
          19          86  0.607936030174770     
          20          86  0.349384731591180     
          86          87   1.38034422796660     
          86          88   1.33016701892691     
          87          89   1.42157827336197     
          88          89  0.109161753375517     
          88          90   1.47962055101149     
          88          91  0.962158652851740     
          89          92   1.43676410056689     
          90          92   1.38092327343583     
          89          93  0.955190059686882     
          90          94  0.961047795426579     
