   -0.12083937
    0.07691252
   -0.04258071
   -0.02704022
   -0.04749633
    0.04227905
    0.05425227
    0.05327010
    0.04229903
    0.07617040
   -0.11979333
    0.04260197
   -0.04605756
   -0.02710254
   -0.04530824
    0.04226119
    0.04406467
    0.06724543
   -0.14751385
    0.10926398
    0.41058860
   -0.41115473
    0.13037916
   -0.12104628
    0.05185350
    0.04589640
    0.05303558
   -0.11071746
    0.04862298
    0.04379936
    0.02776626
    0.13074771
   -0.40267255
   -0.12097013
    0.05435293
    0.04608163
    0.04641616
   -0.11974184
    0.04636989
    0.05275888
    0.04629526
    0.40517217
   -0.38609089
    0.12845128
   -0.12524491
    0.05462085
    0.05588909
    0.04997717
   -0.11986330
    0.04933367
    0.04799359
    0.04767266
    0.12766776
   -0.38260600
   -0.12380650
    0.05304235
    0.05483912
    0.04886298
   -0.12331756
    0.04427056
    0.05311310
    0.04923576
    0.40610581
   -0.37906095
    0.12485824
   -0.12770173
    0.05243146
    0.05544623
    0.05101115
   -0.13085063
    0.06274645
    0.05056404
    0.05335396
    0.12895586
   -0.38408751
   -0.12430770
    0.05171343
    0.05413774
    0.05460822
   -0.12014892
    0.04052886
    0.04436018
    0.05557316
    0.04846781
    0.04385006
   -0.05070096
    0.02785022
   -0.05736122
    0.06800513
   -0.02869300
   -0.00211847
    0.04177974
    0.02828212
   -0.33782591
   -0.05517211
   -0.02503886
   -0.05936612
   -0.05128182
    0.56669281
    0.03176638
   -0.03839174
   -0.10724188
    0.03651804
    0.03627272
   -0.04096934
    0.02371451
   -0.21410235
   -0.21279966
   -0.21993744
   -0.04886163
    0.03388753
    0.03705781
    0.04134072
    0.03953306
    0.03059072
    0.04157215
    0.03409024
    0.04447971
    0.03604941
    0.03424099
    0.04282997
    0.04692441
    0.04954124
    0.04951694
    0.03000793
