           1           2   1.29526494698332     
           2           3   1.34360432491877     
           3           4   1.48600091972482     
           4           5   1.36943552047755     
           1           6   1.37127103430795     
           3           6  0.104957254815770     
           5           6   1.47083215015875     
           6           7  0.955726654011831     
           5           8  0.968776983859917     
           3           9  0.962131649959583     
           2          10   1.10169966716589     
          10          11   1.29138026827229     
          11          12   1.37464667197968     
          12          13   1.46619796028428     
          13          14   1.37449622913644     
          10          15   1.34821389099385     
          12          15  0.104587246498731     
          14          15   1.48345577232888     
          15          16  0.962277265452765     
          13          17  0.969660132997468     
          12          18  0.950515449678339     
           1          19  0.475520372377631     
          11          19  0.440954681303614     
          19          20  0.571513014433527     
          19          21  0.688529112045400     
          21          22   1.09369011909809     
          22          23  0.940637133538210     
          23          24  0.996564882070378     
          24          25  0.982041647189613     
          24          26  0.983421033613932     
          24          27  0.982919522795941     
          23          28  0.990743206296217     
          28          29  0.983872633689930     
          28          30  0.983623063401323     
          28          31  0.984167572118014     
          23          32  0.940071832835350     
          21          33   1.11550286920595     
          32          33  0.938113037932189     
          32          34  0.990985118417118     
          34          35  0.978882073359243     
          34          36  0.983315951541445     
          34          37  0.981645525214644     
          32          38  0.996695541129312     
          38          39  0.982967210817316     
          38          40  0.982800632797415     
          38          41  0.983719888108043     
          19          42  0.834958658380864     
          42          43   1.10511796718889     
          43          44  0.936828499854311     
          44          45  0.996371329753940     
          45          46  0.980109063784027     
          45          47  0.982008884091349     
          45          48  0.983284215529028     
          44          49  0.990808106106392     
          49          50  0.983361325708036     
          49          51  0.980653953937567     
          49          52  0.981417678710638     
          44          53  0.938497392939895     
          42          54   1.12069199999177     
          53          54  0.932213054702273     
          53          55  0.996289481335512     
          55          56  0.982452565738774     
          55          57  0.982722377930735     
          55          58  0.983063539809262     
          53          59  0.992066874474304     
          59          60  0.979216982090649     
          59          61  0.982935629756304     
          59          62  0.983045073316426     
          19          63  0.823156589728290     
          63          64   1.10224093874615     
          64          65  0.937254045908894     
          65          66  0.991002240552436     
          66          67  0.981591845249523     
          66          68  0.982466830931848     
          66          69  0.983227960246775     
          65          70  0.996334612361607     
          70          71  0.981756734951414     
          70          72  0.983397145787271     
          70          73  0.982347469264005     
          65          74  0.939501601815491     
          63          75   1.11436258422768     
          74          75  0.935118249868023     
          74          76  0.996932089077503     
          76          77  0.982801116523065     
          76          78  0.982051877910388     
          76          79  0.979967830583215     
          74          80  0.990322991297835     
          80          81  0.984359911730332     
          80          82  0.982136237816642     
          80          83  0.983026590743851     
           4          84  0.969319659432750     
          14          85  0.969615730244063     
          19          86  0.574992953471964     
          20          86  0.311137698439178     
          86          87   1.31419375794995     
          86          88   1.40644339188149     
          87          89   1.10574142259072     
          87          90   1.24871271395938     
          88          91   1.37781423551022     
          88          92  0.962913104167769     
          89          93   1.15219348482603     
          89          94  0.980136808204829     
          90          95   1.36076935658910     
          91          95   1.43174456384730     
          90          96   1.14353928721269     
          93          96   1.24484896694046     
          91          97   1.00884917814645     
          93          98   1.35265381463987     
          94          99  0.981916395971432     
          95         100  0.965956324308818     
          96         101   1.36922165095593     
          98         101  0.104476052895896     
          97         102   1.00210969337757     
          97         103  0.974346101051067     
          97         104  0.972917233008411     
          98         105   1.46940961443831     
          98         106  0.968513032697210     
          99         107  0.896582735024756     
          99         108  0.880204926584987     
          99         109  0.901845852276276     
         101         110   1.46842940078174     
         105         110   1.39428863259748     
         101         111  0.968709241210560     
         102         112  0.988418609828986     
         102         113  0.986105073167952     
         102         114  0.988343771648606     
         105         115  0.971745288112430     
         107         116  0.982633560475844     
         107         117  0.985469390625146     
         107         118  0.989711976011473     
         108         119  0.995672900078953     
         108         120  0.984426611509866     
         108         121  0.985407922266812     
         109         122  0.988839023526959     
         109         123  0.980528821018695     
         109         124  0.977350041245839     
         110         125  0.971603380605019     
