   -0.12147185
    0.07608399
   -0.04251158
   -0.02103816
   -0.04204939
    0.04929749
    0.05431164
    0.05996091
    0.05120010
    0.07224128
   -0.12885644
    0.04247155
   -0.04334003
   -0.02370944
   -0.04484419
    0.05033255
    0.05545402
    0.07760113
   -0.15530329
    0.09015934
    0.40718414
   -0.40320595
    0.12957707
   -0.12267658
    0.05462907
    0.04627455
    0.05332848
   -0.11068638
    0.04952519
    0.04399946
    0.02729150
    0.13108124
   -0.40592170
   -0.12232096
    0.05303622
    0.04741918
    0.04969395
   -0.12047475
    0.04651264
    0.05378727
    0.04714134
    0.40426335
   -0.38037605
    0.12888691
   -0.12669064
    0.06131349
    0.05477456
    0.04998035
   -0.12045354
    0.05014684
    0.04879877
    0.05048661
    0.12727884
   -0.38752331
   -0.12361587
    0.05144041
    0.05411795
    0.04968391
   -0.12146174
    0.04178201
    0.05242284
    0.05076614
    0.40578442
   -0.38390391
    0.12607982
   -0.13027697
    0.05678477
    0.06068092
    0.05034227
   -0.12887525
    0.06073133
    0.05152177
    0.05232385
    0.12702813
   -0.37886518
   -0.12486156
    0.05219697
    0.05397661
    0.05641588
   -0.12281130
    0.04022259
    0.05144406
    0.05580922
    0.05737517
    0.05406121
   -0.03382988
   -0.02683482
   -0.00009577
   -0.02803595
    0.03910737
    0.11982330
   -0.01902190
   -0.27759178
    0.05608815
