           1           2   1.31354468644489     
           2           3   1.35117805139731     
           3           4   1.48071680363373     
           4           5   1.38601585331908     
           1           6   1.38908769802676     
           3           6  0.105756153740425     
           5           6   1.45814727820825     
           6           7  0.956720344715093     
           5           8  0.967949408753986     
           3           9  0.961310316837000     
           2          10   1.08931297772020     
          10          11   1.30513202304519     
          11          12   1.38450609970532     
          12          13   1.45668478940862     
          13          14   1.38792013403459     
          10          15   1.35606620903015     
          12          15  0.104707228273676     
          14          15   1.47547492093249     
          15          16  0.961254682704999     
          13          17  0.968438925820021     
          12          18  0.946653433860017     
           1          19  0.444148725439642     
          11          19  0.431481362050103     
          19          20  0.562975496233110     
          19          21  0.731732175251179     
          21          22   1.10276558963125     
          22          23  0.939584965516783     
          23          24  0.996724058354159     
          24          25  0.982458296550753     
          24          26  0.983377528204144     
          24          27  0.982952500606631     
          23          28  0.990436403332409     
          28          29  0.983866700500893     
          28          30  0.983878451809846     
          28          31  0.984858212182780     
          23          32  0.941075985520164     
          21          33   1.11054630797984     
          32          33  0.936326929765975     
          32          34  0.991295433528145     
          34          35  0.981030780853216     
          34          36  0.983361834693364     
          34          37  0.981657929349022     
          32          38  0.997316579097968     
          38          39  0.983050920357021     
          38          40  0.982587224617241     
          38          41  0.983512062628927     
          19          42  0.850352692412357     
          42          43   1.13761265666381     
          43          44  0.933983521423119     
          44          45  0.995725037627199     
          45          46  0.977987518725248     
          45          47  0.981545866889860     
          45          48  0.982574915195394     
          44          49  0.991532107043948     
          49          50  0.983019906291321     
          49          51  0.982681230357968     
          49          52  0.980339677189097     
          44          53  0.936815248740221     
          42          54   1.09936305898432     
          53          54  0.934054127463857     
          53          55  0.994927356277724     
          55          56  0.982582577033579     
          55          57  0.982714057600505     
          55          58  0.982843551833897     
          53          59  0.992856024492521     
          59          60  0.980784072734722     
          59          61  0.982523900903031     
          59          62  0.982941013464943     
          19          63  0.846131496910523     
          63          64   1.11149526106278     
          64          65  0.933220229904618     
          65          66  0.991872184921145     
          66          67  0.978160764334071     
          66          68  0.979489212904218     
          66          69  0.983007332484557     
          65          70  0.996656249865775     
          70          71  0.982080336013468     
          70          72  0.983280850957458     
          70          73  0.982374807479142     
          65          74  0.938865288591402     
          63          75   1.12461797457862     
          74          75  0.932229634507499     
          74          76  0.996578446319717     
          76          77  0.982716006518550     
          76          78  0.982379149033201     
          76          79  0.981898316716628     
          74          80  0.991438075633520     
          80          81  0.984099448140005     
          80          82  0.983080248428042     
          80          83  0.983112976456458     
           4          84  0.968277573050612     
          14          85  0.968508125903437     
          19          86  0.575606005348643     
          20          86  0.325911736355954     
          86          87   1.61533880688322     
          86          88   1.16455202611435     
          87          89   1.12432073603304     
          87          90  0.966305846509014     
          88          91   1.10908022391132     
          87          92  0.103177987189265     
          88          92   1.51286634201370     
          89          92   1.22935765698916     
          91          93   2.75952137620886     
          92          94  0.969203353990169     
