   -0.12194117
    0.07778324
   -0.04193072
   -0.02165912
   -0.04270260
    0.04835538
    0.05428153
    0.05738928
    0.04677667
    0.07380307
   -0.12725874
    0.04229473
   -0.04466503
   -0.02361685
   -0.04561847
    0.04734673
    0.05114804
    0.07523197
   -0.15355692
    0.09364234
    0.40132751
   -0.40847497
    0.13007670
   -0.12201038
    0.05449039
    0.04547420
    0.05079755
   -0.10929648
    0.04790754
    0.04112276
    0.02773095
    0.13043776
   -0.40114941
   -0.12096880
    0.04940677
    0.04707938
    0.05074527
   -0.12039237
    0.04721302
    0.05370521
    0.04555400
    0.40306473
   -0.38101779
    0.12818882
   -0.12691643
    0.05561978
    0.05694242
    0.05030800
   -0.12287562
    0.04925716
    0.04662353
    0.05381699
    0.12741880
   -0.38262593
   -0.12457938
    0.05445002
    0.05396516
    0.04907543
   -0.12414512
    0.04475458
    0.05374614
    0.04917593
    0.39829796
   -0.37682869
    0.12450860
   -0.13173035
    0.06029740
    0.05423528
    0.05056847
   -0.12950269
    0.06036269
    0.05120240
    0.05160112
    0.12607781
   -0.37764975
   -0.12486679
    0.05119321
    0.05373214
    0.05523168
   -0.12358748
    0.04113485
    0.05139462
    0.05483970
    0.05400643
    0.05086342
   -0.02762746
   -0.05671774
   -0.04310643
    0.10447015
    0.03452664
   -0.05046984
    0.05395272
    0.04883952
   -0.26450580
    0.05320296
   -0.31640205
    0.22549008
   -0.14475167
    0.08467143
    0.08417442
    0.08874385
