           1           2   1.31351780354217     
           2           3   1.35106813504832     
           3           4   1.48067660029277     
           4           5   1.38512072737162     
           1           6   1.38865192472041     
           3           6  0.105752238097842     
           5           6   1.45858002684535     
           6           7  0.956756972416343     
           5           8  0.968279143872631     
           3           9  0.962033667049167     
           2          10   1.08786509715228     
          10          11   1.30806817866756     
          11          12   1.39031881933150     
          12          13   1.45484850199993     
          13          14   1.38780408021986     
          10          15   1.35487928752877     
          12          15  0.105366998577563     
          14          15   1.47706872457451     
          15          16  0.961881112444171     
          13          17  0.968949404284639     
          12          18  0.947997127922547     
           1          19  0.434626764679793     
          11          19  0.425700349291564     
          19          20  0.526095733891867     
          19          21  0.737335493817220     
          21          22   1.08983609789905     
          22          23  0.942656101866456     
          23          24  0.996581559556644     
          24          25  0.982618938112392     
          24          26  0.983566067899019     
          24          27  0.983278258140935     
          23          28  0.989840412702102     
          28          29  0.984021540599811     
          28          30  0.984049390704561     
          28          31  0.985406509515813     
          23          32  0.941257824619265     
          21          33   1.11281318190137     
          32          33  0.939038631970936     
          32          34  0.990758677097960     
          34          35  0.982672231929830     
          34          36  0.983647440839053     
          34          37  0.982247011876735     
          32          38  0.996847385448909     
          38          39  0.983165618457926     
          38          40  0.982678040690575     
          38          41  0.983676169585726     
          19          42  0.857965929514637     
          42          43   1.12100685318609     
          43          44  0.934826732840810     
          44          45  0.996897258459172     
          45          46  0.982144908258817     
          45          47  0.981627670440167     
          45          48  0.982956495206319     
          44          49  0.991047820761352     
          49          50  0.983300659534547     
          49          51  0.982501637011915     
          49          52  0.979284310720947     
          44          53  0.939064924097170     
          42          54   1.10873055661501     
          53          54  0.933841763165863     
          53          55  0.996338479805980     
          55          56  0.982419527748995     
          55          57  0.982805788941099     
          55          58  0.983066817845519     
          53          59  0.991612935062095     
          59          60  0.981932238646288     
          59          61  0.982855824622501     
          59          62  0.983081662500338     
          19          63  0.870247024874215     
          63          64   1.11380001746453     
          64          65  0.938020703821619     
          65          66  0.991350439158352     
          66          67  0.978127899093400     
          66          68  0.982488419161652     
          66          69  0.982929354874608     
          65          70  0.996234457262995     
          70          71  0.981939482787445     
          70          72  0.983364033774097     
          70          73  0.982219106986508     
          65          74  0.936799625413751     
          63          75   1.12127904128656     
          74          75  0.935935111393770     
          74          76  0.995473012850846     
          76          77  0.982885746834812     
          76          78  0.982311905291297     
          76          79  0.981539534261003     
          74          80  0.991640764098698     
          80          81  0.983772438864407     
          80          82  0.983020016960645     
          80          83  0.983177091143535     
           4          84  0.968658809814624     
          14          85  0.968834223092199     
          19          86  0.583358976039146     
          20          86  0.356117558738835     
          86          87   1.40927248010377     
          86          88   1.33872332131622     
          87          89   1.36748102487948     
          87          90  0.961807640985581     
          87          91  0.105244596131440     
          88          91   1.49731178941782     
          88          92  0.959626352776846     
          89          93   1.28249666292185     
          91          93   1.32960814567015     
          89          94   1.04603138187689     
          91          95  0.965949013450518     
          93          96   1.16731085849093     
          94          96  0.105870619912420     
          94          97   1.07689166191994     
          96          97   1.63132326134329     
          97          98   1.03360865104553     
          98          99  0.960678140291091     
          98         100  0.961129444509485     
          98         101  0.978292456586073     
