           1           2   1.37032718238773     
           2           3   1.28351103967699     
           3           4   1.16560399814260     
           4           5   1.63331974912371     
           2           6   1.05420780715316     
           4           6  0.104470463665182     
           5           6   1.08177707584573     
           5           7   1.03544240914208     
           1           8  0.110748164563217     
           3           8   1.32104152257340     
           8           9   1.02974035870118     
           8          10   1.44356260712982     
           1          11   1.45690458537935     
          10          11   1.41183235567744     
           1          12  0.967294134941160     
           7          13  0.977984929547768     
           7          14  0.959235760332257     
           7          15  0.959216653401640     
           9          16  0.983961928873657     
           9          17  0.968320673679478     
           9          18  0.968254752089065     
          10          19  0.968529881675283     
          11          20  0.969762345388800     
