   -0.11140119
    0.08046474
   -0.04361602
   -0.02294696
   -0.04376207
    0.04869782
    0.05058985
    0.05476297
    0.04468059
    0.07723333
   -0.11469860
    0.03942747
   -0.04669503
   -0.02621510
   -0.04572201
    0.04397195
    0.05059279
    0.07492081
   -0.15144174
    0.09881359
    0.40480884
   -0.40877939
    0.13042477
   -0.12173769
    0.05392151
    0.04549163
    0.05095834
   -0.10996871
    0.04819789
    0.04165190
    0.02893622
    0.13069813
   -0.40094064
   -0.12081367
    0.05058980
    0.04690295
    0.04968326
   -0.12011080
    0.04761917
    0.05342504
    0.04573199
    0.39996074
   -0.38043709
    0.12780082
   -0.12703016
    0.05477719
    0.05713984
    0.04966348
   -0.12229721
    0.04826653
    0.04465038
    0.05394152
    0.12690494
   -0.38251138
   -0.12423545
    0.05343493
    0.05392606
    0.04845542
   -0.12532641
    0.04564305
    0.05321354
    0.05126254
    0.39937652
   -0.37625338
    0.12508674
   -0.12960286
    0.05810938
    0.05468218
    0.04940087
   -0.12943770
    0.06041875
    0.05036583
    0.05194425
    0.12667595
   -0.38288157
   -0.12412044
    0.05060374
    0.05306213
    0.05470949
   -0.12261486
    0.03941251
    0.05073725
    0.05416104
    0.05179443
    0.04922696
   -0.04607949
    0.14651258
   -0.03590191
   -0.05649305
   -0.26475103
   -0.04508717
    0.05821350
    0.23962759
   -0.04567815
    0.04356717
    0.04673905
   -0.43223535
   -0.14968942
    0.04668346
    0.05119349
    0.03099982
    0.06185056
    0.08418443
    0.07450081
    0.06543487
