           1           2   1.31134184389399     
           2           3   1.34983588876922     
           3           4   1.48194838345331     
           4           5   1.38447976605585     
           1           6   1.39275323566454     
           3           6  0.105913009245588     
           5           6   1.45744573666136     
           6           7  0.957161738505942     
           5           8  0.968632381209618     
           3           9  0.961743472359367     
           2          10   1.08976618654376     
          10          11   1.30098079597370     
          11          12   1.38467140961823     
          12          13   1.45705181626135     
          13          14   1.38473189955095     
          10          15   1.35485548768876     
          12          15  0.104512420196466     
          14          15   1.47669874049799     
          15          16  0.961593479952825     
          13          17  0.968986398367869     
          12          18  0.948225928776391     
           1          19  0.439960779372160     
          11          19  0.452578404741916     
          19          20  0.529481951197713     
          19          21  0.725899750400189     
          21          22   1.09065945321181     
          22          23  0.942043840470662     
          23          24  0.996565365498510     
          24          25  0.982651975211760     
          24          26  0.983537322387026     
          24          27  0.983237281813135     
          23          28  0.989976231615725     
          28          29  0.983927223915241     
          28          30  0.983849657068487     
          28          31  0.985233784013860     
          23          32  0.941055516875536     
          21          33   1.11368711303951     
          32          33  0.938276568228719     
          32          34  0.990954524297631     
          34          35  0.981946218391453     
          34          36  0.983584562613450     
          34          37  0.982285562034008     
          32          38  0.996780830642987     
          38          39  0.983137703164294     
          38          40  0.982509085588388     
          38          41  0.983622377199082     
          19          42  0.853243703945195     
          42          43   1.11983055092447     
          43          44  0.936889916318614     
          44          45  0.996298064769094     
          45          46  0.982092360152163     
          45          47  0.981428311988263     
          45          48  0.983242482669544     
          44          49  0.990879272874532     
          49          50  0.983304141450859     
          49          51  0.982828832130607     
          49          52  0.978792581012868     
          44          53  0.937995979493957     
          42          54   1.10901397729312     
          53          54  0.935329691702403     
          53          55  0.996022985711373     
          55          56  0.982404723075313     
          55          57  0.982782707632809     
          55          58  0.983102830737822     
          53          59  0.991683331024063     
          59          60  0.982239038940446     
          59          61  0.983022965696254     
          59          62  0.982945386222884     
          19          63  0.858282073098682     
          63          64   1.11481298029129     
          64          65  0.938887250820018     
          65          66  0.991085004401939     
          66          67  0.978552479467960     
          66          68  0.982490503738127     
          66          69  0.983151953962373     
          65          70  0.996182889134876     
          70          71  0.981997848709956     
          70          72  0.983481888231252     
          70          73  0.982257394253285     
          65          74  0.937920610986352     
          63          75   1.11311781108586     
          74          75  0.936155623731112     
          74          76  0.996079721309234     
          76          77  0.982890246596421     
          76          78  0.982222811581680     
          76          79  0.982228294354851     
          74          80  0.991169098089018     
          80          81  0.983486191867424     
          80          82  0.983164592504317     
          80          83  0.983296219366553     
           4          84  0.968909447281334     
          14          85  0.969033663142082     
          19          86  0.574357162451490     
          20          86  0.345782892041821     
          86          87   1.29822121298618     
          86          88   1.41987528159039     
          87          89   1.33171073517870     
          87          90   1.05694544354048     
          88          91   1.39662875888707     
          88          92  0.957000152773101     
          89          93   1.03867813585472     
          89          94   1.33751878005288     
          91          94   1.47053082706586     
          90          95  0.983395592302388     
          91          96  0.966693124187506     
          93          97   1.76608556975111     
          93          98   1.00144445151113     
          94          99  0.966835666992015     
          95         100  0.976190489542458     
          95         101  0.973505118245136     
          95         102  0.964755883846189     
          98         103  0.948547887280200     
          98         104  0.971616598721643     
          98         105  0.981708534077975     
