   -0.11911735
    0.07634096
   -0.04293454
   -0.02271691
   -0.04374506
    0.04717444
    0.05304657
    0.05635387
    0.04803425
    0.07304247
   -0.12283207
    0.04087647
   -0.04505803
   -0.02456063
   -0.04498946
    0.04669629
    0.05133301
    0.07710387
   -0.15380744
    0.09044495
    0.40210858
   -0.40797868
    0.12997801
   -0.12221826
    0.05400725
    0.04511077
    0.05164640
   -0.10962514
    0.04767379
    0.04179139
    0.02820986
    0.13046192
   -0.40225623
   -0.12056536
    0.04940800
    0.04664217
    0.04992743
   -0.12039821
    0.04746409
    0.05332870
    0.04547733
    0.40309113
   -0.38275402
    0.12866198
   -0.12559594
    0.05447766
    0.05629928
    0.04910515
   -0.12198826
    0.04916249
    0.04611785
    0.05307030
    0.12774586
   -0.38301004
   -0.12484602
    0.05508806
    0.05457581
    0.04846433
   -0.12110934
    0.04155749
    0.05147889
    0.04851823
    0.40004852
   -0.37841495
    0.12513243
   -0.12985420
    0.05908370
    0.05249173
    0.04972729
   -0.12909062
    0.05961639
    0.05072289
    0.05212323
    0.12636506
   -0.37878482
   -0.12450580
    0.05076829
    0.05394848
    0.05464635
   -0.12328392
    0.04081312
    0.05120134
    0.05459714
    0.05355715
    0.05035908
   -0.02511361
   -0.03766715
   -0.06404005
   -0.04689130
    0.03217042
    0.12343379
    0.05258423
   -0.02235983
    0.03780420
   -0.23941320
   -0.07071991
    0.01987597
    0.04562876
    0.43276848
   -0.37820735
   -0.38681362
    0.12785308
    0.12799354
   -0.12590344
   -0.12939160
   -0.12973547
   -0.12681787
    0.05949350
    0.04234207
    0.05818206
    0.06332526
    0.05521765
    0.05670235
    0.05578393
    0.05645897
    0.06295520
    0.05888102
    0.05938493
    0.04397672
