           1           2   1.30840231625186     
           2           3   1.34779056513923     
           3           4   1.48450011469265     
           4           5   1.38012321523464     
           1           6   1.38570651995481     
           3           6  0.105971173553184     
           5           6   1.46242716726298     
           6           7  0.956670191371677     
           5           8  0.968388877936005     
           3           9  0.961523680138259     
           2          10   1.09298549943421     
          10          11   1.30169399026119     
          11          12   1.38508629143672     
          12          13   1.45821111161642     
          13          14   1.38374348149451     
          10          15   1.35218080493026     
          12          15  0.105212640097594     
          14          15   1.47944335843288     
          15          16  0.961504258891019     
          13          17  0.968911164504600     
          12          18  0.947006962927239     
           1          19  0.453215465877019     
          11          19  0.439040688264695     
          19          20  0.535919334542581     
          19          21  0.724785904973037     
          21          22   1.09143404725291     
          22          23  0.942349789530351     
          23          24  0.996638400796826     
          24          25  0.982683351819624     
          24          26  0.983581800672603     
          24          27  0.983209619144470     
          23          28  0.989929148930651     
          28          29  0.984033637202327     
          28          30  0.983965578231744     
          28          31  0.985162538843255     
          23          32  0.941293583463537     
          21          33   1.11177817608316     
          32          33  0.939112080284707     
          32          34  0.990717276300714     
          34          35  0.982517912904119     
          34          36  0.983740970772070     
          34          37  0.982515097217056     
          32          38  0.996841570723931     
          38          39  0.983112202651630     
          38          40  0.982740580440032     
          38          41  0.983708232729395     
          19          42  0.851794003844037     
          42          43   1.11853571886792     
          43          44  0.935966404132197     
          44          45  0.996892650896810     
          45          46  0.982202343898774     
          45          47  0.981654552575092     
          45          48  0.983140995522707     
          44          49  0.990726834410835     
          49          50  0.983438128993513     
          49          51  0.982832608502155     
          49          52  0.980097875892738     
          44          53  0.939363423734170     
          42          54   1.10614927272939     
          53          54  0.935126071651768     
          53          55  0.996194042456799     
          55          56  0.982415446548800     
          55          57  0.982803335962396     
          55          58  0.983215693406336     
          53          59  0.991415528905440     
          59          60  0.982429798300705     
          59          61  0.983155030957068     
          59          62  0.983122545472857     
          19          63  0.864332628902320     
          63          64   1.11233950943766     
          64          65  0.938446858000230     
          65          66  0.991257715331913     
          66          67  0.978152530071825     
          66          68  0.982651804801053     
          66          69  0.983069430846546     
          65          70  0.996244276694267     
          70          71  0.982085229244707     
          70          72  0.983439132498995     
          70          73  0.982248697444721     
          65          74  0.937271983760538     
          63          75   1.11953695037548     
          74          75  0.936197176092220     
          74          76  0.995729183942805     
          76          77  0.982955939645138     
          76          78  0.982295303068613     
          76          79  0.981887558168367     
          74          80  0.991334063744868     
          80          81  0.983852417027664     
          80          82  0.983069440082280     
          80          83  0.983245082045537     
           4          84  0.968733403454140     
          14          85  0.968890905485018     
          19          86  0.592951774412986     
          20          86  0.342708239393897     
          86          87   1.32561623961489     
          86          88   1.41547786073816     
          87          89   1.50784213979836     
          88          89  0.108234359530327     
          87          90  0.963522117167888     
          88          91   1.36236465747780     
          88          92  0.958180101460980     
          89          93   1.31521897247703     
          91          93   1.25785749188632     
          89          94  0.967544516784622     
          91          95   1.08449602974862     
          93          96   1.22430474865504     
          95          97   1.06677582207540     
          96          97   1.60244044859073     
          96          98  0.972447264203073     
          97          99  0.997628831792185     
          99         100   1.14673853127642     
          99         101   1.13800679667890     
         100         102  0.938796334499171     
         101         103  0.937417679707415     
         102         103  0.937885871847168     
         102         104  0.991421298530457     
         102         105  0.997311776448773     
         103         106  0.997321221787533     
         103         107  0.992082894258798     
         104         108  0.981792122916949     
         104         109  0.983975683142006     
         104         110  0.982661071807793     
         105         111  0.981402404554810     
         105         112  0.982785628503149     
         105         113  0.981749199858699     
         106         114  0.982632208667798     
         106         115  0.981788089103298     
         106         116  0.981527538938517     
         107         117  0.982573306237672     
         107         118  0.981847997854986     
         107         119  0.983848194986475     
