           1           2   1.42129529940736     
           2           3   1.01644854492666     
           3           4  0.976609794164600     
           4           5  0.976604205283778     
           2           6   1.29863723044313     
           5           6   1.01646804260996     
           6           7   1.42129124417610     
           7           8   1.39929172983033     
           1           9   1.39929103744904     
           8           9   1.46988210849914     
           1          10  0.966485160957034     
           4          11  0.961146313180273     
           4          12  0.961150028433974     
           7          13  0.966483375961566     
           8          14  0.968570264633242     
           9          15  0.968570393341920     
