   -0.11347874
    0.08040543
   -0.04083785
   -0.02046845
   -0.04086644
    0.04820459
    0.05725651
    0.06166148
    0.05182414
    0.07769051
   -0.11554873
    0.04287100
   -0.04327256
   -0.02175397
   -0.04452696
    0.05305289
    0.05543771
    0.07837043
   -0.16324682
    0.10616647
    0.40214514
   -0.40582769
    0.12959592
   -0.12325335
    0.05517549
    0.04637482
    0.05214310
   -0.11097241
    0.04891397
    0.04244681
    0.02871700
    0.12997271
   -0.39756753
   -0.12167276
    0.04931771
    0.04820669
    0.05134348
   -0.12135111
    0.04824041
    0.05417811
    0.04636471
    0.40086711
   -0.37734452
    0.12801047
   -0.12652371
    0.05447284
    0.05765244
    0.05066851
   -0.12380718
    0.05063956
    0.04808357
    0.05507087
    0.12732920
   -0.38054715
   -0.12540510
    0.05655048
    0.05477060
    0.04977125
   -0.12108036
    0.04189472
    0.05305513
    0.04811486
    0.39697520
   -0.37731254
    0.12455886
   -0.13177316
    0.06001278
    0.05319107
    0.05161280
   -0.13001325
    0.05983397
    0.05209858
    0.05313620
    0.12554268
   -0.37330073
   -0.12580335
    0.05172449
    0.05550842
    0.05565738
   -0.12472963
    0.04137703
    0.05279897
    0.05577782
    0.05861843
    0.05593417
    0.05218101
   -0.17977912
   -0.06723998
    0.06636383
   -0.05742095
    0.04368533
    0.06532399
    0.35083138
   -0.46087099
   -0.28401879
    0.01804232
    0.08848490
    0.06969758
    0.06961780
