           1           2   1.31955111163604     
           2           3   1.35689411888603     
           3           4   1.47490980726288     
           4           5   1.39218714366884     
           1           6   1.39005417212275     
           3           6  0.105605061371073     
           5           6   1.45471111724193     
           6           7  0.956034770982267     
           5           8  0.967730584504855     
           3           9  0.962053594533978     
           2          10   1.07966725801787     
          10          11   1.31700284476951     
          11          12   1.39526297122530     
          12          13   1.44875803021405     
          13          14   1.39657922937762     
          10          15   1.35968133909758     
          12          15  0.105635852581548     
          14          15   1.47208248011081     
          15          16  0.961848914737624     
          13          17  0.968469658010054     
          12          18  0.946525902298876     
           1          19  0.438861089536355     
          11          19  0.434061056854432     
          19          20  0.558742713721627     
          19          21  0.759303244204719     
          21          22   1.09207839878017     
          22          23  0.941747839114382     
          23          24  0.996811805627721     
          24          25  0.982513000373490     
          24          26  0.983469282629633     
          24          27  0.983127726179305     
          23          28  0.989912782882488     
          28          29  0.983918022990570     
          28          30  0.983983170074086     
          28          31  0.985406195870335     
          23          32  0.941324416059864     
          21          33   1.11790250859376     
          32          33  0.938049102251054     
          32          34  0.990890477168471     
          34          35  0.982887725753451     
          34          36  0.983583247847589     
          34          37  0.982307951427869     
          32          38  0.996914860612914     
          38          39  0.983101740009338     
          38          40  0.982654088392121     
          38          41  0.983571794055018     
          19          42  0.851078740167692     
          42          43   1.13097410185964     
          43          44  0.933257011861529     
          44          45  0.997206361089326     
          45          46  0.982286491675233     
          45          47  0.981496351456326     
          45          48  0.982861588924756     
          44          49  0.990838918659897     
          49          50  0.983208027099443     
          49          51  0.982551648923905     
          49          52  0.979617226701122     
          44          53  0.939386186285538     
          42          54   1.10978875000577     
          53          54  0.932892161097760     
          53          55  0.996354182129768     
          55          56  0.982205247867922     
          55          57  0.982728791815282     
          55          58  0.982976285673910     
          53          59  0.991805335947151     
          59          60  0.982741392198792     
          59          61  0.982799833907039     
          59          62  0.983099834428034     
          19          63  0.853744868529389     
          63          64   1.11581369867184     
          64          65  0.936290290186561     
          65          66  0.991497779507983     
          66          67  0.978186984256104     
          66          68  0.982552753179826     
          66          69  0.982850677313645     
          65          70  0.996432799007554     
          70          71  0.982067146126341     
          70          72  0.983231417101801     
          70          73  0.982115643511453     
          65          74  0.937485536387664     
          63          75   1.12604704939391     
          74          75  0.935191535837798     
          74          76  0.995845270476574     
          76          77  0.982903483782506     
          76          78  0.982240896919746     
          76          79  0.981684060019206     
          74          80  0.991281994863338     
          80          81  0.983702897265995     
          80          82  0.982913928969663     
          80          83  0.983149720043020     
           4          84  0.968108834402610     
          14          85  0.968229956642342     
          19          86  0.576631956919701     
          20          86  0.325652678519016     
          86          87   1.09012361048369     
          86          88   1.55896273642975     
          86          89  0.125030621213842     
          87          89   1.16052342566701     
          88          90   1.23940897973040     
          89          90   1.49823464368297     
          88          91  0.970848267145339     
          89          92  0.963090552464376     
          90          93   1.04441910834306     
          93          94   1.68502410207737     
          93          95   1.11217755212381     
          94          95  0.161078534937027     
          95          96  0.949911590469984     
          96          97  0.978977248457809     
          96          98  0.976420372455068     
          96          99  0.976595043024547     
