   -0.10568539
    0.08621431
   -0.04040795
   -0.01949467
   -0.04083854
    0.05266653
    0.05408698
    0.06071371
    0.04857764
    0.08030975
   -0.13791816
    0.04474637
   -0.04347919
   -0.02328085
   -0.04527731
    0.04793202
    0.05680111
    0.07147962
   -0.14685933
    0.10171462
    0.40649321
   -0.40501453
    0.12991031
   -0.12376406
    0.05583252
    0.04802258
    0.05280805
   -0.11148944
    0.05102986
    0.04307301
    0.02921697
    0.13029990
   -0.39812262
   -0.12287872
    0.05173817
    0.04999191
    0.05106845
   -0.12144932
    0.04832293
    0.05490873
    0.04841928
    0.39977906
   -0.37831030
    0.12746643
   -0.12586262
    0.05058178
    0.05952625
    0.05190799
   -0.12425127
    0.05102443
    0.04817245
    0.05511262
    0.12729657
   -0.38589415
   -0.12499857
    0.05533186
    0.05447783
    0.05076553
   -0.11982239
    0.03568320
    0.05509554
    0.05068347
    0.40199821
   -0.37611592
    0.12530828
   -0.12920623
    0.05628387
    0.05482289
    0.05249530
   -0.13037163
    0.06108340
    0.05277297
    0.05349254
    0.12654116
   -0.37934522
   -0.12635250
    0.05311191
    0.05553434
    0.05632418
   -0.12420635
    0.03973241
    0.05375029
    0.05674265
    0.05820746
    0.05674305
   -0.01870533
   -0.02143744
   -0.02566459
    0.35497655
   -0.02916884
    0.01933954
    0.06784086
   -0.45929380
   -0.28536617
   -0.03412201
    0.05636912
    0.11696220
    0.02662737
    0.05432640
   -0.26712187
    0.06856201
    0.05451722
    0.08782754
