           1           2   1.31942834719311     
           2           3   1.35075096552620     
           3           4   1.47999877910787     
           4           5   1.39142109425067     
           1           6   1.39686606888721     
           3           6  0.106330065453109     
           5           6   1.45264803408544     
           6           7  0.955501307035624     
           5           8  0.967894246426296     
           3           9  0.961650316715394     
           2          10   1.08446052222672     
          10          11   1.30786097754991     
          11          12   1.38413250312227     
          12          13   1.45660538184581     
          13          14   1.38902659469337     
          10          15   1.35673422208612     
          12          15  0.104809671748148     
          14          15   1.47350967194698     
          15          16  0.961290627073124     
          13          17  0.968263751604061     
          12          18  0.949874745946805     
           1          19  0.436583419315118     
          11          19  0.426333750567646     
          19          20  0.513754656905999     
          19          21  0.733264020852524     
          21          22   1.10028130542363     
          22          23  0.938444184462246     
          23          24  0.996814700890246     
          24          25  0.982374328335082     
          24          26  0.983186740346152     
          24          27  0.983000496982079     
          23          28  0.990545928693592     
          28          29  0.983589355787850     
          28          30  0.983685866554607     
          28          31  0.985191612109651     
          23          32  0.941009466121653     
          21          33   1.12159494358499     
          32          33  0.934849023992098     
          32          34  0.991227840061805     
          34          35  0.981905526054736     
          34          36  0.983181751743020     
          34          37  0.982101909282753     
          32          38  0.997104942511754     
          38          39  0.982900069602617     
          38          40  0.982156512299356     
          38          41  0.983277576906749     
          19          42  0.836554332293594     
          42          43   1.12796131695855     
          43          44  0.934769553879477     
          44          45  0.996484123920790     
          45          46  0.982077678886551     
          45          47  0.981307389201228     
          45          48  0.982908828194736     
          44          49  0.991204597259418     
          49          50  0.982873360438252     
          49          51  0.982528788644805     
          49          52  0.978850829681050     
          44          53  0.937516099390566     
          42          54   1.11026086666699     
          53          54  0.932924036273589     
          53          55  0.995811864801891     
          55          56  0.982058349980151     
          55          57  0.982680259426944     
          55          58  0.982691244569408     
          53          59  0.992770303261033     
          59          60  0.981557247308412     
          59          61  0.982564504449641     
          59          62  0.982866620050256     
          19          63  0.860369905218497     
          63          64   1.11869982181090     
          64          65  0.935117890084429     
          65          66  0.991490869515215     
          66          67  0.979495782637551     
          66          68  0.982295261993660     
          66          69  0.982714512856271     
          65          70  0.996611336197666     
          70          71  0.981834765149372     
          70          72  0.983065921242951     
          70          73  0.982021849604714     
          65          74  0.938300352801695     
          63          75   1.12329250339985     
          74          75  0.931758528556229     
          74          76  0.996565074442530     
          76          77  0.982431687917422     
          76          78  0.982046997696402     
          76          79  0.982078654253863     
          74          80  0.991823247160476     
          80          81  0.982767698417393     
          80          82  0.982788761808108     
          80          83  0.982804206033868     
           4          84  0.968121162080233     
          14          85  0.968198474058063     
          19          86  0.598087092357260     
          20          86  0.361460128217260     
          86          87   1.32892038003710     
          86          88   1.37088179495819     
          87          89   1.01384464311924     
          87          90   1.34526938600202     
          88          91   1.38616094349465     
          88          92  0.957575768310207     
          89          93   1.68182510024028     
          89          94   1.10931913478732     
          93          94  0.157781158148587     
          90          95   1.49238149005178     
          91          95   1.30593039018513     
          90          96  0.963498141542860     
          91          97   1.10313484665566     
          94          98  0.952404637484387     
          95          99  0.968032049425413     
          97         100   2.78168638872495     
          98         101  0.976725093655080     
          98         102  0.974485485677244     
          98         103  0.978615876586954     
