           1           2   1.45467730864368     
           2           3   1.38510500469926     
           1           4  0.109204045876074     
           3           4   1.49306075499452     
           4           5   1.33259883912540     
           5           6   1.20023747784510     
           6           7   1.55732431254566     
           7           8   1.03063747911584     
           6           9  0.107687491665333     
           7           9   1.21041563969233     
           1          10   1.32277638949871     
           5          10   1.26103055284092     
           9          10   1.15302639509988     
           1          11   1.02283482810670     
           2          12  0.969401455946246     
           3          13  0.971322328790390     
           4          14  0.969194776525074     
           8          15  0.979983844641978     
           8          16  0.966214049961009     
           8          17  0.966185826856417     
           9          18  0.931410479334415     
          11          19  0.985100635953016     
          11          20  0.972858405241364     
          11          21  0.972835476777609     
