   -0.13936737
    0.07485714
   -0.04176487
   -0.02065979
   -0.04185431
    0.04972352
    0.05485300
    0.05804983
    0.04891003
    0.06906912
   -0.13550161
    0.04495525
   -0.04303684
   -0.02364558
   -0.04716873
    0.05033785
    0.05442315
    0.07444139
   -0.14280701
    0.10187586
    0.40166125
   -0.40556964
    0.12970897
   -0.12186254
    0.05401382
    0.04570943
    0.05195275
   -0.11076783
    0.04873297
    0.04360792
    0.02750422
    0.13124926
   -0.40740695
   -0.12250068
    0.05355948
    0.04620561
    0.04932912
   -0.12053981
    0.04656945
    0.05320697
    0.04625492
    0.41349016
   -0.37689386
    0.12906091
   -0.12546547
    0.05664010
    0.05473157
    0.05035857
   -0.12177016
    0.04958284
    0.04822202
    0.05205607
    0.12805746
   -0.38383310
   -0.12507663
    0.05307309
    0.05507033
    0.04949801
   -0.12267268
    0.04912242
    0.05088419
    0.05003350
    0.40390771
   -0.37743219
    0.12534233
   -0.13041634
    0.05929294
    0.05390176
    0.05007617
   -0.12951881
    0.06024852
    0.05100128
    0.05297161
    0.12699650
   -0.37901391
   -0.12467320
    0.05113841
    0.05385652
    0.05609073
   -0.12302110
    0.04161338
    0.05007151
    0.05538180
    0.05507399
    0.05359203
   -0.07279793
    0.03946996
    0.14879551
    0.05001140
   -0.13299597
   -0.06556936
   -0.26335962
   -0.32144493
   -0.05950981
    0.14724164
    0.18643092
    0.05422309
    0.05432308
   -0.13717134
    0.08306157
    0.07011387
    0.06221826
