           1           2   1.30615039142929     
           2           3   1.35459236508574     
           3           4   1.47696256994462     
           4           5   1.38656336495209     
           1           6   1.38768519046079     
           3           6  0.104421861976740     
           5           6   1.45693183456653     
           6           7  0.957177988328139     
           5           8  0.968231944191559     
           3           9  0.961924189742545     
           2          10   1.08651015976825     
          10          11   1.30429659352401     
          11          12   1.39264346248420     
          12          13   1.45082093273782     
          13          14   1.39180294745396     
          10          15   1.35928221362784     
          12          15  0.103832401319455     
          14          15   1.47174999068429     
          15          16  0.961916071811323     
          13          17  0.968634347482713     
          12          18  0.948815007796567     
           1          19  0.413307495699438     
          11          19  0.418286987736556     
          19          20  0.539418155391866     
          19          21  0.740715173810861     
          21          22   1.09574242155752     
          22          23  0.941015582202562     
          23          24  0.996540116450483     
          24          25  0.982563003634097     
          24          26  0.983501939305314     
          24          27  0.983072472931063     
          23          28  0.990140649475166     
          28          29  0.983944269859597     
          28          30  0.983290966384169     
          28          31  0.985077197893183     
          23          32  0.941373617805572     
          21          33   1.10903311479893     
          32          33  0.937356840262052     
          32          34  0.991093419036737     
          34          35  0.980558111384935     
          34          36  0.983459436529064     
          34          37  0.981523621106602     
          32          38  0.997223270772530     
          38          39  0.983145762093361     
          38          40  0.982661417104466     
          38          41  0.983605108507546     
          19          42  0.845117966996769     
          42          43   1.13507923610915     
          43          44  0.934304415169785     
          44          45  0.996373166235256     
          45          46  0.981681293503228     
          45          47  0.981877571917831     
          45          48  0.982872001700296     
          44          49  0.991009440836122     
          49          50  0.983210934272672     
          49          51  0.982449985417893     
          49          52  0.979609301304998     
          44          53  0.937978619535192     
          42          54   1.10713065088037     
          53          54  0.932139471140188     
          53          55  0.995953720192991     
          55          56  0.982525914020398     
          55          57  0.982691210702689     
          55          58  0.982947921410508     
          53          59  0.992305843016630     
          59          60  0.982007081386928     
          59          61  0.982965557480406     
          59          62  0.982998725977284     
          19          63  0.851753380245828     
          63          64   1.11390721567611     
          64          65  0.936517121603979     
          65          66  0.991406003512626     
          66          67  0.978233384537839     
          66          68  0.982390136801629     
          66          69  0.983133172113472     
          65          70  0.996413330349766     
          70          71  0.982085880213832     
          70          72  0.983407117572537     
          70          73  0.982265285320564     
          65          74  0.937880453034973     
          63          75   1.11970753415937     
          74          75  0.934870949219638     
          74          76  0.996116358606368     
          76          77  0.982871645267541     
          76          78  0.982223100674335     
          76          79  0.981855985754642     
          74          80  0.991309240847893     
          80          81  0.984152458004384     
          80          82  0.983123074677325     
          80          83  0.983204039576376     
           4          84  0.968580135305984     
          14          85  0.968581957160444     
          19          86  0.567717503609106     
          20          86  0.346782476877355     
          86          87   1.30669207096393     
          86          88   1.39148980673241     
          87          89   1.24595399789361     
          87          90   1.15507284944584     
          88          91   1.35457457764348     
          88          92  0.916485343805769     
          89          93   1.20395645613583     
          90          93  0.107835138128212     
          86          94  0.101012569983537     
          89          94   1.33076467746422     
          91          94   1.48056155312359     
          90          95   1.21455015189899     
          93          95   1.54892358430399     
          90          96  0.923280863827243     
          91          97  0.965838278267032     
          94          98  0.967015656585114     
          95          99   1.02955586299985     
          99         100  0.979402788015364     
          99         101  0.966885507181105     
          99         102  0.967373522680260     
