           1           2   1.43708751335108     
           2           3   1.39749340755238     
           3           4  0.947525788316990     
           1           5  0.110014500041974     
           3           5   1.39696569351101     
           2           6  0.101341356762972     
           5           6   1.41184988321070     
           6           7  0.980554789605943     
           1           8   1.43737406833364     
           6           8   1.41048421310128     
           1           9  0.963869149858075     
           2          10  0.963216412160096     
           5          11  0.962005350349986     
           8          12  0.964399288576612     
