   -0.12452216
    0.07426792
   -0.04433199
   -0.02384292
   -0.04574707
    0.04831194
    0.04983163
    0.05182319
    0.04258690
    0.06996490
   -0.12991231
    0.04125853
   -0.04656893
   -0.02682715
   -0.04603333
    0.04055910
    0.04681108
    0.07557470
   -0.15605702
    0.08825928
    0.40447608
   -0.40917073
    0.13035655
   -0.12027073
    0.05282119
    0.04366857
    0.05031321
   -0.10772391
    0.04617652
    0.04064788
    0.02671097
    0.13124701
   -0.40789451
   -0.12027272
    0.05123926
    0.04480482
    0.04889377
   -0.11889000
    0.04552489
    0.05253331
    0.04430488
    0.40395568
   -0.38176442
    0.12814379
   -0.12628703
    0.05679310
    0.05472887
    0.04880958
   -0.12054885
    0.04727553
    0.04519106
    0.05094041
    0.12715609
   -0.38171546
   -0.12339701
    0.05150113
    0.05324113
    0.04734468
   -0.12515636
    0.04764244
    0.05038638
    0.04990827
    0.40404766
   -0.37615402
    0.12553423
   -0.12855277
    0.05784195
    0.05379608
    0.04918484
   -0.12911794
    0.06121433
    0.04989622
    0.05159963
    0.12722663
   -0.38291958
   -0.12353490
    0.05023202
    0.05181333
    0.05504692
   -0.12143310
    0.03986280
    0.04872549
    0.05376665
    0.04843691
    0.04420085
   -0.02297053
   -0.04392594
   -0.01936314
   -0.04596410
    0.01303715
    0.04296736
   -0.07892773
   -0.06748712
    0.01673035
   -0.12168485
   -0.00531281
    0.04721906
    0.02343550
    0.19561549
    0.03686548
