           1           2   1.30395897529939     
           2           3   1.34227734118986     
           3           4   1.48979030251323     
           4           5   1.37371985184043     
           1           6   1.38515033937432     
           3           6  0.106257379685462     
           5           6   1.46563190464600     
           6           7  0.957160215057296     
           5           8  0.968939162705194     
           3           9  0.962168713925914     
           2          10   1.10026431082325     
          10          11   1.29521419011721     
          11          12   1.37905308416578     
          12          13   1.46478209805189     
          13          14   1.37559829714656     
          10          15   1.34768465610010     
          12          15  0.105304948313857     
          14          15   1.48376817975059     
          15          16  0.962179841185763     
          13          17  0.969387379615072     
          12          18  0.947572814279944     
           1          19  0.450698172539062     
          11          19  0.432477239256507     
          19          20  0.530693656367134     
          19          21  0.708240234325589     
          21          22   1.09182288484021     
          22          23  0.943486998675457     
          23          24  0.996233384763036     
          24          25  0.982794559446821     
          24          26  0.983732112176582     
          24          27  0.983338302985014     
          23          28  0.989939396289792     
          28          29  0.984180491919500     
          28          30  0.984115420192808     
          28          31  0.984977169318745     
          23          32  0.940972054661276     
          21          33   1.10377569776863     
          32          33  0.940279983724747     
          32          34  0.990728722547086     
          34          35  0.981496476735798     
          34          36  0.983743920977266     
          34          37  0.982004920120828     
          32          38  0.996758394172500     
          38          39  0.983256340356852     
          38          40  0.982831688438158     
          38          41  0.983860083676912     
          19          42  0.861567150721418     
          42          43   1.11499693863306     
          43          44  0.938404209236105     
          44          45  0.995980742616704     
          45          46  0.981553606119415     
          45          47  0.981823268349562     
          45          48  0.983286713528973     
          44          49  0.990828651949843     
          49          50  0.983561873305877     
          49          51  0.983029298019697     
          49          52  0.979694668365484     
          44          53  0.938140308828982     
          42          54   1.10656839066156     
          53          54  0.936048246316397     
          53          55  0.995745443586651     
          55          56  0.982720097169368     
          55          57  0.982913143921756     
          55          58  0.983352319234612     
          53          59  0.991433344069754     
          59          60  0.978304554176687     
          59          61  0.983291726347585     
          59          62  0.983128766491580     
          19          63  0.875300289982737     
          63          64   1.11116531353707     
          64          65  0.939118733851005     
          65          66  0.991001282067004     
          66          67  0.978762320937273     
          66          68  0.981984135129359     
          66          69  0.982979527428995     
          65          70  0.996264909222874     
          70          71  0.981901889780005     
          70          72  0.983528624959626     
          70          73  0.982319278253920     
          65          74  0.937612335750531     
          63          75   1.11161315250339     
          74          75  0.937142695880252     
          74          76  0.995723428972958     
          76          77  0.982940798005638     
          76          78  0.982292274169116     
          76          79  0.982102970240563     
          74          80  0.991043354152138     
          80          81  0.983896729644626     
          80          82  0.983314824748163     
          80          83  0.983386699495403     
           4          84  0.969240495906829     
          14          85  0.969495103507771     
          19          86  0.588880964758306     
          20          86  0.347742175280598     
          86          87   1.44328411646735     
          86          88   1.28925578798679     
          87          89   1.36738262370141     
          87          90  0.962607501872390     
          88          91   1.24347036259248     
          88          92   1.22470252571855     
          86          93  0.100458243063354     
          89          93   1.48565683265879     
          91          93   1.32827437920668     
          89          94  0.970816588379193     
          91          95   1.18319476332635     
          92          96   1.61529810489623     
          95          96   1.19149337344527     
          92          97  0.964307274031343     
          93          98  0.967887420919890     
          95          99  0.934039257951213     
          96         100  0.969689109799705     
