   -0.12293970
    0.07578638
   -0.04435711
   -0.02250434
   -0.04454029
    0.04834322
    0.05336583
    0.05476364
    0.04510347
    0.07385549
   -0.12832043
    0.04066569
   -0.04574175
   -0.02453445
   -0.04553613
    0.04335669
    0.04968602
    0.07871542
   -0.14742946
    0.08546470
    0.40354518
   -0.40995105
    0.13051027
   -0.12110923
    0.05306649
    0.04346644
    0.05086834
   -0.10704973
    0.04556391
    0.03948650
    0.02635389
    0.13114133
   -0.40593999
   -0.11905602
    0.04663810
    0.04566275
    0.05038778
   -0.11927494
    0.04584519
    0.05318467
    0.04418300
    0.40207010
   -0.38153553
    0.12811561
   -0.12683226
    0.05702028
    0.05458668
    0.04906266
   -0.12187075
    0.04748574
    0.04624509
    0.05269841
    0.12678614
   -0.38140109
   -0.12447989
    0.05204457
    0.05474418
    0.04804885
   -0.12735683
    0.04809790
    0.05113620
    0.05144644
    0.40225804
   -0.37735051
    0.12620069
   -0.12896057
    0.05860101
    0.05302288
    0.04940923
   -0.12994809
    0.06156302
    0.04990794
    0.05355828
    0.12683832
   -0.37978156
   -0.12455016
    0.04985412
    0.05230705
    0.05619365
   -0.12303726
    0.04010974
    0.04986862
    0.05383625
    0.05096182
    0.04772232
   -0.02474125
   -0.03955292
   -0.01261954
   -0.04053173
    0.01885945
   -0.04281514
    0.05600086
   -0.06825342
    0.02571909
   -0.12081499
    0.06910941
   -0.07939631
    0.04149993
    0.21537799
    0.01605236
   -0.07232458
   -0.04797446
    0.06820765
    0.06096834
    0.06221394
   -0.03487214
   -0.03346206
   -0.03129484
    0.05323399
   -0.02977392
    0.05264526
   -0.03908312
    0.04951014
    0.04661223
    0.48393004
   -0.22191970
   -0.22474954
   -0.23118413
