           1           2   1.31174114076877     
           2           3   1.34703354223663     
           3           4   1.48473263426116     
           4           5   1.38140638342852     
           1           6   1.39159537072343     
           3           6  0.106112550659561     
           5           6   1.45976711884835     
           6           7  0.956843823971930     
           5           8  0.968634083899969     
           3           9  0.961882669400373     
           2          10   1.09266806704913     
          10          11   1.30550559805070     
          11          12   1.38646227214521     
          12          13   1.45840659863819     
          13          14   1.38247253585238     
          10          15   1.34901993136256     
          12          15  0.105726039118941     
          14          15   1.48109121853514     
          15          16  0.961925810276773     
          13          17  0.969086704989354     
          12          18  0.945863826028309     
           1          19  0.432886635870536     
          11          19  0.407404776626059     
          19          20  0.528378235239178     
          19          21  0.710110401791278     
          21          22   1.08859312654417     
          22          23  0.943879177776095     
          23          24  0.996648065835867     
          24          25  0.982771759805014     
          24          26  0.983734606167105     
          24          27  0.983258122324450     
          23          28  0.989639165404109     
          28          29  0.984161849743708     
          28          30  0.984062490370518     
          28          31  0.984389795706226     
          23          32  0.941499716455182     
          21          33   1.10548782623425     
          32          33  0.940529070899550     
          32          34  0.990853421727676     
          34          35  0.983605718864026     
          34          36  0.983828908622312     
          34          37  0.982260852995926     
          32          38  0.996730064701672     
          38          39  0.983163529079902     
          38          40  0.982702209307828     
          38          41  0.983796762518730     
          19          42  0.850261652242234     
          42          43   1.11863588026817     
          43          44  0.937290642679596     
          44          45  0.996289063014978     
          45          46  0.981354190965366     
          45          47  0.981800319706123     
          45          48  0.983144293583906     
          44          49  0.990897186076998     
          49          50  0.983534306458283     
          49          51  0.983063996283109     
          49          52  0.979349729870935     
          44          53  0.938608703098825     
          42          54   1.10621033174710     
          53          54  0.934086572229201     
          53          55  0.996019981033571     
          55          56  0.982637059773699     
          55          57  0.982727252773097     
          55          58  0.983197098630656     
          53          59  0.991839841345097     
          59          60  0.978039672803403     
          59          61  0.983097977742818     
          59          62  0.982922650617596     
          19          63  0.874262345572220     
          63          64   1.10899470710012     
          64          65  0.935681115933120     
          65          66  0.991625235751208     
          66          67  0.979011674786094     
          66          68  0.982002875761986     
          66          69  0.983173544127603     
          65          70  0.997054922779834     
          70          71  0.981866910842292     
          70          72  0.983316754467927     
          70          73  0.982146051140954     
          65          74  0.938763150389947     
          63          75   1.10888473212610     
          74          75  0.938295177646597     
          74          76  0.995946900431917     
          76          77  0.983289367000326     
          76          78  0.982742307488203     
          76          79  0.982106746908201     
          74          80  0.990290259307797     
          80          81  0.983789238398484     
          80          82  0.983321985952027     
          80          83  0.983479560224784     
           4          84  0.968958359417390     
          14          85  0.969137184712767     
          19          86  0.590873955407113     
          20          86  0.350355681944434     
          86          87   1.44189320466043     
          86          88   1.27743422780629     
          87          89   1.37417762351207     
          87          90  0.961058288916177     
          88          91   1.19912821107745     
          88          92   1.27297946377243     
          89          93   1.48401549147399     
          92          93   1.32301505168241     
          89          94  0.969602564847179     
          91          95   1.67634563421269     
          91          96  0.938120460290744     
          92          97   1.16851045282581     
          93          98  0.963664346285537     
          95          99   1.12669249950014     
          97          99   1.25030873384357     
          95         100  0.972521919463620     
          97         101   1.00463775537833     
          99         102  0.956858850057517     
         101         103  0.976571233496644     
         101         104  0.973467630173562     
         101         105  0.973799504214254     
         102         106   1.40617366832411     
         102         107   1.39493922799739     
         106         108   1.44929072952938     
         107         108  0.105105273144162     
         106         109  0.968909587867619     
         106         110  0.103999845510328     
         107         110   1.46012387826454     
         107         111  0.968831168406754     
         102         112  0.106847178939064     
         108         112   1.40393387776654     
         110         112   1.39448196875822     
         108         113  0.967616809627360     
         110         114  0.967905921934073     
         112         115  0.952578077434957     
         115         116  0.940986383837625     
         115         117  0.936220602938429     
         115         118  0.923515124851022     
