   -0.12185304
    0.07825971
   -0.04195568
   -0.01960186
   -0.04107658
    0.05029948
    0.05598965
    0.06185550
    0.05289912
    0.07399916
   -0.12924088
    0.04243902
   -0.04253752
   -0.02282949
   -0.04434162
    0.05313232
    0.05679022
    0.07657189
   -0.13886267
    0.08437400
    0.40611407
   -0.40146552
    0.12940646
   -0.12334983
    0.05557100
    0.04679178
    0.05369074
   -0.11139892
    0.05016693
    0.04444285
    0.02761383
    0.13107229
   -0.40539088
   -0.12278108
    0.05229608
    0.04837687
    0.05081862
   -0.12095753
    0.04688418
    0.05418926
    0.04768638
    0.40440944
   -0.37562087
    0.12839118
   -0.12851515
    0.06240991
    0.05614860
    0.05143946
   -0.12162327
    0.05122145
    0.05075782
    0.05172628
    0.12694140
   -0.38841899
   -0.12400855
    0.05166930
    0.05355850
    0.05119436
   -0.12231843
    0.04397474
    0.05368246
    0.04943183
    0.40406035
   -0.38293493
    0.12625666
   -0.13169465
    0.05649447
    0.06359301
    0.05134239
   -0.12947373
    0.06141084
    0.05231913
    0.05282683
    0.12661184
   -0.37701269
   -0.12578014
    0.05275012
    0.05445158
    0.05735712
   -0.12362309
    0.04013243
    0.05296212
    0.05623368
    0.05919983
    0.05633633
   -0.01530463
   -0.02458495
    0.01677133
   -0.02409525
    0.04558729
   -0.01548176
    0.12032771
    0.00821928
    0.04637779
    0.04748140
   -0.26495430
    0.11315217
   -0.27785537
