           1           2   1.31907066279643     
           2           3   1.35391507400336     
           3           4   1.47754115535737     
           4           5   1.39168576325267     
           1           6   1.39421172245314     
           3           6  0.105553223442192     
           5           6   1.45341373526105     
           6           7  0.956507229360451     
           5           8  0.967733378470904     
           3           9  0.961156735337308     
           2          10   1.08528057576959     
          10          11   1.30869064728588     
          11          12   1.38577683780546     
          12          13   1.45520733214912     
          13          14   1.39089232654185     
          10          15   1.35827887936959     
          12          15  0.104654248271760     
          14          15   1.47343329076435     
          15          16  0.960972459492037     
          13          17  0.968262610432770     
          12          18  0.947413947775690     
           1          19  0.424970722462480     
          11          19  0.419787487915060     
          19          20  0.525598727925388     
          19          21  0.726685204064691     
          21          22   1.10565212504091     
          22          23  0.938312873475340     
          23          24  0.996965859153417     
          24          25  0.982309316210916     
          24          26  0.983260819871706     
          24          27  0.982899615077791     
          23          28  0.990564950016683     
          28          29  0.983711100113745     
          28          30  0.983795389270465     
          28          31  0.984820110763018     
          23          32  0.941406671124306     
          21          33   1.11185861842354     
          32          33  0.935518582250640     
          32          34  0.991378770202957     
          34          35  0.981682258121883     
          34          36  0.983327029489227     
          34          37  0.981208907685668     
          32          38  0.997476949143591     
          38          39  0.983072108143914     
          38          40  0.982410536462445     
          38          41  0.983357696320541     
          19          42  0.836096512247172     
          42          43   1.14731178643707     
          43          44  0.932530009887531     
          44          45  0.995489039580413     
          45          46  0.976946555612796     
          45          47  0.981337035123642     
          45          48  0.982306100134077     
          44          49  0.992147214016816     
          49          50  0.982717566908483     
          49          51  0.982351360292271     
          49          52  0.979922381165309     
          44          53  0.936181602866419     
          42          54   1.09971789224309     
          53          54  0.932677664433179     
          53          55  0.994739870825696     
          55          56  0.982479434643007     
          55          57  0.982696182867360     
          55          58  0.982548180102576     
          53          59  0.993383789342261     
          59          60  0.980409113072528     
          59          61  0.982266889585768     
          59          62  0.982987653795232     
          19          63  0.844776196149980     
          63          64   1.11952911595411     
          64          65  0.930834862679756     
          65          66  0.992253821322297     
          66          67  0.978701331259118     
          66          68  0.978933509955877     
          66          69  0.982777500255384     
          65          70  0.997099947373603     
          70          71  0.981952109637370     
          70          72  0.983083239566476     
          70          73  0.982223285872912     
          65          74  0.938962637317472     
          63          75   1.12610011837305     
          74          75  0.931425290284078     
          74          76  0.996659859003321     
          76          77  0.982612531325289     
          76          78  0.982434581674249     
          76          79  0.981829390866138     
          74          80  0.991537198050800     
          80          81  0.983872337529438     
          80          82  0.982909933295222     
          80          83  0.983068084411681     
           4          84  0.968040052313314     
          14          85  0.968272505826424     
          19          86  0.617966741902417     
          20          86  0.359456306568924     
          86          87   1.35545393573536     
          86          88   1.29342531707714     
          87          89   1.48236166263440     
          87          90  0.959590390303181     
          88          91   1.37810025752147     
          88          92   1.09364874594894     
          89          93   1.31557146517278     
          91          93   1.36379056782394     
          89          94  0.968399013619643     
          91          95  0.967539558091385     
          92          96   2.77212593718567     
          93          97   1.11015803886947     
          97          98   2.77407481342040     
