   -0.12706154
    0.07487905
   -0.04606531
   -0.02166809
   -0.04315867
    0.04410053
    0.07774390
    0.05553220
    0.04734869
    0.07322394
   -0.13124228
    0.04261617
   -0.04419834
   -0.02455061
   -0.04721887
    0.04644670
    0.05243232
    0.08313813
   -0.16557624
    0.12240568
    0.39613130
   -0.40762913
    0.12949345
   -0.12142253
    0.04897447
    0.04614171
    0.05335900
   -0.11061376
    0.04716511
    0.04427463
    0.02743415
    0.12912139
   -0.39849698
   -0.11983127
    0.04249742
    0.04933825
    0.04994046
   -0.11963673
    0.04382470
    0.05543852
    0.04607385
    0.40288252
   -0.39472165
    0.13133220
   -0.12357233
    0.05223544
    0.05871029
    0.04973109
   -0.12461322
    0.05034767
    0.05576059
    0.04703800
    0.12750791
   -0.37680032
   -0.12539245
    0.05615898
    0.05611247
    0.04863371
   -0.12093287
    0.03928295
    0.05288167
    0.05105471
    0.40904655
   -0.37801841
    0.12621658
   -0.12874975
    0.05947130
    0.05120536
    0.04965194
   -0.12696975
    0.05650705
    0.04960162
    0.05176865
    0.12734450
   -0.36944990
   -0.12715150
    0.05144254
    0.05612973
    0.05928228
   -0.11905389
    0.03608505
    0.04919318
    0.05428464
    0.05215321
    0.04990894
   -0.01970243
   -0.06032454
   -0.05727929
   -0.06464599
    0.01956646
   -0.01935380
    0.41399403
    0.03514239
    0.04426653
   -0.45694589
   -0.29117283
    0.15613691
   -0.13155840
   -0.12803708
   -0.12721325
    0.05922306
    0.06116697
    0.06617318
    0.05157276
    0.06437639
    0.05234483
    0.06557383
    0.05384371
    0.05860983
