           1           2   1.32726446924442     
           2           3   1.35507768739297     
           3           4   1.47487212202475     
           4           5   1.39533787065695     
           1           6   1.39918616801701     
           3           6  0.106941250104148     
           5           6   1.44945254311462     
           6           7  0.949578112373351     
           5           8  0.968518105504374     
           3           9  0.963528665042049     
           2          10   1.07805200947944     
          10          11   1.31851919243010     
          11          12   1.39205365263620     
          12          13   1.45131227756752     
          13          14   1.39440593456806     
          10          15   1.35901679103331     
          12          15  0.105900901621749     
          14          15   1.47009344976899     
          15          16  0.963531103032015     
          13          17  0.968802605682974     
          12          18  0.943808605974267     
           1          19  0.408507814029337     
          11          19  0.404557340698271     
          19          20  0.529028918333769     
          19          21  0.762034341402425     
          21          22   1.08470345731251     
          22          23  0.945171619556597     
          23          24  0.995817520000734     
          24          25  0.981767826176575     
          24          26  0.983682430728934     
          24          27  0.982852508584721     
          23          28  0.989947602021447     
          28          29  0.983907455455780     
          28          30  0.983889876697297     
          28          31  0.983124219775010     
          23          32  0.938249421294955     
          21          33   1.11510126993136     
          32          33  0.942453070635681     
          32          34  0.991194716497302     
          34          35  0.981365280382574     
          34          36  0.983438169305130     
          34          37  0.982808961117758     
          32          38  0.995463842065483     
          38          39  0.983023042639322     
          38          40  0.982630935733896     
          38          41  0.983791911158862     
          19          42  0.899238651892381     
          42          43   1.10334063459331     
          43          44  0.934055268844824     
          44          45  0.997738714195103     
          45          46  0.979302466433101     
          45          47  0.980479587622483     
          45          48  0.982334654445010     
          44          49  0.990506584153322     
          49          50  0.983893513455368     
          49          51  0.981723869282515     
          49          52  0.982400052053744     
          44          53  0.941686189302673     
          42          54   1.11361727001387     
          53          54  0.932344314307689     
          53          55  0.996397922688057     
          55          56  0.982199472420997     
          55          57  0.982938757435482     
          55          58  0.983043383408717     
          53          59  0.990969741394052     
          59          60  0.984747263685007     
          59          61  0.983176544458357     
          59          62  0.983170510385160     
          19          63  0.849132475012396     
          63          64   1.08882548060734     
          64          65  0.939131296659514     
          65          66  0.990887955811506     
          66          67  0.977328182295247     
          66          68  0.982750237199633     
          66          69  0.983225557892854     
          65          70  0.995304909783342     
          70          71  0.982468577369710     
          70          72  0.983418325865731     
          70          73  0.982668400976997     
          65          74  0.938120465389453     
          63          75   1.13570675722683     
          74          75  0.937135380457604     
          74          76  0.996747191544793     
          76          77  0.982986146751446     
          76          78  0.982269744238054     
          76          79  0.980127325210123     
          74          80  0.989757293571082     
          80          81  0.982445812470757     
          80          82  0.982000813395249     
          80          83  0.983015513719490     
           4          84  0.968603809608670     
          14          85  0.968766286956830     
          19          86  0.566067144272260     
          20          86  0.348152211971731     
          86          87   1.55034626346202     
          86          88   1.12112207523353     
          87          89   1.25817781998583     
          87          90  0.970392032933396     
          86          91  0.121930547973074     
          88          91   1.12676445615086     
          89          91   1.61538227879110     
          88          92   1.06951177702427     
          89          93  0.972256917546629     
          91          94  0.968042505493768     
          92          95   1.65170168348252     
          92          96   1.13848386850235     
          95          96  0.155518728996339     
          96          97  0.875198785154559     
          97          98  0.996667323922660     
          97          99  0.995552791666135     
          97         100  0.995584267129882     
          98         101  0.983461195075181     
          98         102  0.980426767378908     
          98         103  0.981639016470642     
          99         104  0.984612407002886     
          99         105  0.981558768839593     
          99         106  0.982612765231821     
         100         107  0.977174282639616     
         100         108  0.979699679763632     
         100         109  0.982282332655456     
