   -0.12223670
    0.07658729
   -0.04202870
   -0.02189070
   -0.04233048
    0.04900690
    0.05389305
    0.05701328
    0.04775235
    0.07295470
   -0.12644590
    0.04332564
   -0.04375159
   -0.02303477
   -0.04550767
    0.04903233
    0.05274482
    0.07508769
   -0.15213295
    0.10221079
    0.40224995
   -0.40680252
    0.12984566
   -0.12214078
    0.05420015
    0.04520724
    0.05199015
   -0.10962166
    0.04804166
    0.04248914
    0.02678165
    0.13089322
   -0.40605644
   -0.12116914
    0.05012075
    0.04654005
    0.04994554
   -0.12032675
    0.04655574
    0.05324345
    0.04573457
    0.41002775
   -0.37798459
    0.12882127
   -0.12526664
    0.05564762
    0.05444912
    0.04953114
   -0.12166153
    0.04871755
    0.04783581
    0.05169284
    0.12785621
   -0.38701297
   -0.12445170
    0.05256329
    0.05387067
    0.04820184
   -0.12196016
    0.04811419
    0.04995361
    0.04817974
    0.40112342
   -0.37853177
    0.12520130
   -0.13049272
    0.05957552
    0.05304306
    0.04960723
   -0.12882893
    0.05932861
    0.05038128
    0.05256872
    0.12627785
   -0.37877012
   -0.12473424
    0.05031238
    0.05306316
    0.05648454
   -0.12300076
    0.04077634
    0.05064661
    0.05437452
    0.05395436
    0.05237236
   -0.05371158
   -0.04851062
    0.15350178
    0.04826414
    0.04175479
   -0.08244335
   -0.25745225
    0.03277629
   -0.32430440
    0.05565591
   -0.14546309
    0.15008107
    0.20647406
   -0.14189733
    0.08095599
    0.07189280
    0.07259700
