           1           2   1.31309056017767     
           2           3   1.35206903932970     
           3           4   1.47985971407958     
           4           5   1.38515734826684     
           1           6   1.38713649495341     
           3           6  0.105719212228700     
           5           6   1.45899854233479     
           6           7  0.956878879275540     
           5           8  0.968322632104947     
           3           9  0.962109020763687     
           2          10   1.08776194752379     
          10          11   1.30867676042481     
          11          12   1.38938604495906     
          12          13   1.45473879943236     
          13          14   1.38840644268917     
          10          15   1.35473911667203     
          12          15  0.105409355961150     
          14          15   1.47681815369057     
          15          16  0.961943520018002     
          13          17  0.968767763847546     
          12          18  0.947674503644744     
           1          19  0.437972743082177     
          11          19  0.425175516580672     
          19          20  0.536770440765022     
          19          21  0.741711796155501     
          21          22   1.09468043241232     
          22          23  0.942304648669236     
          23          24  0.996557252504097     
          24          25  0.982617367950096     
          24          26  0.983610164108456     
          24          27  0.983150105675898     
          23          28  0.989792647138598     
          28          29  0.984077033350209     
          28          30  0.983891179913542     
          28          31  0.985312250465259     
          23          32  0.941415824508381     
          21          33   1.10539763152429     
          32          33  0.939166100925116     
          32          34  0.990759291199895     
          34          35  0.982531022433028     
          34          36  0.983634317443376     
          34          37  0.981627974106068     
          32          38  0.996950794823411     
          38          39  0.983262693066788     
          38          40  0.982707102468385     
          38          41  0.983714809518449     
          19          42  0.854648102246769     
          42          43   1.13042112576899     
          43          44  0.937196939885861     
          44          45  0.995976019704964     
          45          46  0.981717421590933     
          45          47  0.982153559028667     
          45          48  0.983155001922034     
          44          49  0.990717755670522     
          49          50  0.983355322525588     
          49          51  0.982643871525566     
          49          52  0.979990960044588     
          44          53  0.937996669736214     
          42          54   1.09782771999605     
          53          54  0.935788606197601     
          53          55  0.995633831948844     
          55          56  0.982686984932827     
          55          57  0.982878127081619     
          55          58  0.983212709379783     
          53          59  0.991572831680288     
          59          60  0.982186057275640     
          59          61  0.983352941992925     
          59          62  0.983356753256919     
          19          63  0.864834965918872     
          63          64   1.11140200273062     
          64          65  0.937932696195922     
          65          66  0.991139590534707     
          66          67  0.978224611116644     
          66          68  0.982577782002624     
          66          69  0.983323000731423     
          65          70  0.996510597798097     
          70          71  0.982274069664783     
          70          72  0.983509456547639     
          70          73  0.982328657111779     
          65          74  0.937868254772101     
          63          75   1.11694124931422     
          74          75  0.937069443216051     
          74          76  0.995652343848792     
          76          77  0.983184408543558     
          76          78  0.982648069354181     
          76          79  0.981981075161430     
          74          80  0.990962330305242     
          80          81  0.984124095478607     
          80          82  0.983206959236308     
          80          83  0.983431622765939     
           4          84  0.968657886790000     
          14          85  0.968672306673522     
          19          86  0.573648266733509     
          20          86  0.347578749779930     
          86          87   1.42892065060780     
          86          88   1.31211630966774     
          87          89   1.33516179237477     
          87          90  0.960845489995861     
          87          91  0.106026803949752     
          88          91   1.43935830523355     
          88          92  0.921343924453067     
          89          93   1.25080135291429     
          91          93   1.34129083604336     
          89          94   1.19678273828237     
          91          95  0.962985714757208     
          93          96   1.16008841345025     
          94          96  0.107728916056259     
          94          97   1.55828299804349     
          96          97   1.20240049183822     
          96          98  0.927563767292788     
          97          99   1.03127049322558     
          99         100  0.979478487574171     
          99         101  0.966110003391795     
          99         102  0.965034560817876     
