   -0.11761278
    0.07946361
   -0.04239176
   -0.02261299
   -0.04357650
    0.04815379
    0.05183557
    0.05615251
    0.04681979
    0.07730230
   -0.12337478
    0.04216336
   -0.04556113
   -0.02516397
   -0.04630149
    0.04520122
    0.05097673
    0.07404588
   -0.15608409
    0.09730334
    0.40315418
   -0.40957449
    0.13025476
   -0.12179587
    0.05397420
    0.04546940
    0.05110080
   -0.10916855
    0.04800485
    0.04136346
    0.02755663
    0.13066194
   -0.40198180
   -0.12079682
    0.05029230
    0.04656370
    0.05026066
   -0.12027860
    0.04726177
    0.05368632
    0.04559095
    0.40271253
   -0.38282526
    0.12845875
   -0.12651364
    0.05572372
    0.05635601
    0.05009547
   -0.12198034
    0.04904457
    0.04586200
    0.05282123
    0.12760228
   -0.38374728
   -0.12449538
    0.05413183
    0.05428810
    0.04889785
   -0.12427321
    0.04499624
    0.05359171
    0.05009293
    0.40012850
   -0.37907909
    0.12487346
   -0.13101305
    0.05967807
    0.05398352
    0.05022399
   -0.12910235
    0.06028148
    0.05084847
    0.05124480
    0.12677229
   -0.37991729
   -0.12434451
    0.05099375
    0.05389655
    0.05475440
   -0.12247169
    0.04010073
    0.05003658
    0.05473731
    0.05371107
    0.05034290
   -0.05530896
    0.10901800
   -0.04739804
    0.04184878
   -0.25742683
   -0.05638171
    0.04824324
   -0.32155152
   -0.00449202
    0.22469384
    0.04450337
   -0.11991802
   -0.13746717
    0.06092793
    0.05452562
    0.05731164
    0.08794728
    0.08275241
    0.06831383
