           1           2   1.31122361986595     
           2           3   1.34968357804179     
           3           4   1.48259680460257     
           4           5   1.38249029946269     
           1           6   1.38755581922659     
           3           6  0.105937444397799     
           5           6   1.46044260926435     
           6           7  0.957002470157025     
           5           8  0.968425208894128     
           3           9  0.961727430618588     
           2          10   1.09056100708883     
          10          11   1.30417180478556     
          11          12   1.38905827862471     
          12          13   1.45526416291166     
          13          14   1.38630359473905     
          10          15   1.35411041906069     
          12          15  0.104854543534358     
          14          15   1.47721432439735     
          15          16  0.961667864988590     
          13          17  0.968963682467575     
          12          18  0.947551982858065     
           1          19  0.447135825084862     
          11          19  0.439407841120574     
          19          20  0.537212819867278     
          19          21  0.734554251078036     
          21          22   1.09025264491723     
          22          23  0.942127293950531     
          23          24  0.996615580374797     
          24          25  0.982681781995734     
          24          26  0.983546248473980     
          24          27  0.983266256834971     
          23          28  0.989991788497043     
          28          29  0.984024381857482     
          28          30  0.984112698158924     
          28          31  0.985473623846350     
          23          32  0.941400725646320     
          21          33   1.11302205406994     
          32          33  0.938467212420700     
          32          34  0.990783875000870     
          34          35  0.981995860112065     
          34          36  0.983675401429958     
          34          37  0.982255645484977     
          32          38  0.996955495666514     
          38          39  0.983164144411110     
          38          40  0.982724774117879     
          38          41  0.983674703476057     
          19          42  0.859036156004303     
          42          43   1.11773640045029     
          43          44  0.935250691240652     
          44          45  0.996847208824585     
          45          46  0.982218466215188     
          45          47  0.981685763759831     
          45          48  0.983027953113981     
          44          49  0.990883658454867     
          49          50  0.983388646531745     
          49          51  0.982336282376704     
          49          52  0.979617913198904     
          44          53  0.939402784318750     
          42          54   1.10839249932589     
          53          54  0.933549873690656     
          53          55  0.996447245742982     
          55          56  0.982448374453390     
          55          57  0.982790813031250     
          55          58  0.983120916534395     
          53          59  0.991516044007053     
          59          60  0.982233244290835     
          59          61  0.982943222988031     
          59          62  0.983066068838313     
          19          63  0.862240508714797     
          63          64   1.10974286832369     
          64          65  0.938209768187525     
          65          66  0.991203826663675     
          66          67  0.978255744569189     
          66          68  0.982541978814756     
          66          69  0.983055579882954     
          65          70  0.996224118179233     
          70          71  0.981993202144702     
          70          72  0.983443575587440     
          70          73  0.982336406322232     
          65          74  0.937459262139446     
          63          75   1.11980112793434     
          74          75  0.936001858022245     
          74          76  0.995769704872601     
          76          77  0.982941176074572     
          76          78  0.982269641185580     
          76          79  0.981395819338542     
          74          80  0.991326316325068     
          80          81  0.983964982884839     
          80          82  0.983150238711779     
          80          83  0.983227009281284     
           4          84  0.968704821948955     
          14          85  0.968879397451646     
          19          86  0.577142292208826     
          20          86  0.343560719579866     
          86          87   1.33022983312599     
          86          88   1.39927778272582     
          87          89   1.27953168330882     
          87          90   1.03435142774764     
          88          91   1.41343755768004     
          88          92  0.961678221735798     
          89          93   1.16393019999407     
          90          93  0.109657338894764     
          86          94  0.100303142394526     
          89          94   1.31606230080314     
          91          94   1.43660755717328     
          90          95   1.09630830437216     
          93          95   1.62376033521183     
          91          96  0.967351990600674     
          94          97   1.02616299655103     
          95          98   1.03000789098254     
          97          99  0.983955457467769     
          97         100  0.975087755017995     
          97         101  0.967122066677014     
          98         102  0.978433421350858     
          98         103  0.959439262448716     
          98         104  0.967690816173283     
