   -0.12248563
    0.07966259
   -0.04121084
   -0.02007137
   -0.04167281
    0.04862973
    0.05799060
    0.06118697
    0.04810761
    0.07591665
   -0.13253264
    0.04223709
   -0.04201146
   -0.02014376
   -0.04507768
    0.04930292
    0.05415703
    0.07624695
   -0.14467052
    0.09455138
    0.40277611
   -0.40697776
    0.13013361
   -0.12296375
    0.05583731
    0.04640286
    0.05137224
   -0.10924953
    0.04855167
    0.04080499
    0.02706653
    0.13032250
   -0.39953463
   -0.12185625
    0.04924325
    0.04874587
    0.05214698
   -0.12066893
    0.04700536
    0.05437305
    0.04642905
    0.40230490
   -0.37609249
    0.12708573
   -0.12767006
    0.05332945
    0.05993298
    0.05187393
   -0.12445433
    0.05053249
    0.04955736
    0.05475257
    0.12717672
   -0.38306207
   -0.12475800
    0.05464461
    0.05347386
    0.05071060
   -0.12054017
    0.03773333
    0.05434916
    0.04961532
    0.39917170
   -0.37554846
    0.12520193
   -0.13159375
    0.06052829
    0.05401436
    0.05243117
   -0.13104540
    0.06168044
    0.05258265
    0.05370062
    0.12605797
   -0.37483046
   -0.12660804
    0.05268728
    0.05463977
    0.05698950
   -0.12544881
    0.04131605
    0.05330478
    0.05633548
    0.05680387
    0.05407222
   -0.03046766
   -0.03481632
   -0.00091457
   -0.04055790
    0.03422548
    0.08876885
   -0.02882987
    0.48560321
   -0.05296240
   -0.26567527
   -0.05408797
    0.08336563
   -0.23229914
   -0.22711556
   -0.21660573
    0.06763896
    0.10838853
    0.04944523
   -0.13732662
    0.07239489
    0.06755170
    0.06926413
