           1           2   1.32225558538635     
           2           3   1.35540258441724     
           3           4   1.47630492958257     
           4           5   1.39173809562110     
           1           6   1.39187727900714     
           3           6  0.105717646103961     
           5           6   1.45462522832817     
           6           7  0.955987584409812     
           5           8  0.967816832836795     
           3           9  0.962159686888143     
           2          10   1.08135003237302     
          10          11   1.31884180876278     
          11          12   1.39554244686820     
          12          13   1.45043600649821     
          13          14   1.39475879491888     
          10          15   1.35785387992030     
          12          15  0.105296725673682     
          14          15   1.47363929700464     
          15          16  0.961951222373345     
          13          17  0.968569767781363     
          12          18  0.947217527976821     
           1          19  0.418013964709636     
          11          19  0.392517534198827     
          19          20  0.520464480489487     
          19          21  0.739056932022485     
          21          22   1.09417221553153     
          22          23  0.941313174499031     
          23          24  0.996892025041532     
          24          25  0.982363965860329     
          24          26  0.983446362907927     
          24          27  0.983165254990654     
          23          28  0.989987150595770     
          28          29  0.983824081175716     
          28          30  0.983978955847453     
          28          31  0.985321112527843     
          23          32  0.941425528532505     
          21          33   1.11581300305893     
          32          33  0.937642668449745     
          32          34  0.991001644385285     
          34          35  0.983140235479335     
          34          36  0.983499142961977     
          34          37  0.982015827208885     
          32          38  0.996989835794753     
          38          39  0.983201673008359     
          38          40  0.982416172362360     
          38          41  0.983468998220839     
          19          42  0.851736849780837     
          42          43   1.12794368774490     
          43          44  0.934360997500998     
          44          45  0.996356501089536     
          45          46  0.981053788134102     
          45          47  0.980948019485855     
          45          48  0.982836734758313     
          44          49  0.991569424813127     
          49          50  0.982992095718919     
          49          51  0.982683398929451     
          49          52  0.979016195167417     
          44          53  0.937563193845329     
          42          54   1.11099227282850     
          53          54  0.932409824664776     
          53          55  0.995879642640056     
          55          56  0.982206055417298     
          55          57  0.982745430820632     
          55          58  0.982774117357698     
          53          59  0.992247572276654     
          59          60  0.980941755256030     
          59          61  0.982670537865476     
          59          62  0.982922762144511     
          19          63  0.872744888020533     
          63          64   1.11212146809926     
          64          65  0.933857672684521     
          65          66  0.991777838216765     
          66          67  0.978210324895759     
          66          68  0.982211848907653     
          66          69  0.982598043388540     
          65          70  0.996936753555414     
          70          71  0.981709788282924     
          70          72  0.983005133879148     
          70          73  0.981901074115478     
          65          74  0.938052585964416     
          63          75   1.12325729265232     
          74          75  0.933902230906625     
          74          76  0.995964215947985     
          76          77  0.982682235104740     
          76          78  0.982317165291350     
          76          79  0.981988884029651     
          74          80  0.991443733988147     
          80          81  0.983375743256574     
          80          82  0.982826931858282     
          80          83  0.982980142804705     
           4          84  0.968297443055369     
          14          85  0.968432762881705     
          19          86  0.585723282289608     
          20          86  0.359519283834679     
          86          87   1.46469850509661     
          86          88   1.23748007395965     
          87          89   1.30700422056597     
          87          90  0.961584137440893     
          88          91   1.23513999149334     
          88          92   1.27645592403423     
          89          93  0.952860348398358     
          89          94   1.49346363576843     
          91          94   1.26857505680835     
          91          95   1.28324464295686     
          92          96   1.56227046146655     
          92          97  0.945930893496474     
          93          98  0.923566209164594     
          93          99  0.930636734208582     
          93         100  0.946780785538684     
          94         101  0.963702903814974     
          95         102   1.50905041297996     
          96         102   1.27436455220819     
          96         103  0.966825654237538     
         102         104   1.02689031497109     
         104         105  0.982863338917883     
         104         106  0.966735838681415     
         104         107  0.963885632956488     
