   -0.11930169
    0.07914844
   -0.04320803
   -0.02041034
   -0.04173454
    0.04583647
    0.07294453
    0.05755325
    0.04796075
    0.07679363
   -0.12101589
    0.04419922
   -0.04232718
   -0.02125886
   -0.04494870
    0.04943031
    0.05401864
    0.08319258
   -0.15461731
    0.10427834
    0.39848765
   -0.41429444
    0.13081635
   -0.12172241
    0.05229264
    0.04502074
    0.05187273
   -0.10761423
    0.04668417
    0.04049315
    0.02570467
    0.13054567
   -0.40037185
   -0.11875955
    0.04251891
    0.04836100
    0.05013222
   -0.11911091
    0.04582321
    0.05330434
    0.04499293
    0.40008278
   -0.37644199
    0.12781196
   -0.12320112
    0.05257554
    0.05455362
    0.04853793
   -0.12527564
    0.04715468
    0.05300200
    0.05231272
    0.12659732
   -0.37973079
   -0.12351203
    0.05468353
    0.05364165
    0.04722799
   -0.12219442
    0.04361353
    0.05013776
    0.04918513
    0.40296843
   -0.38581125
    0.12528152
   -0.12589524
    0.04811618
    0.05612948
    0.05242324
   -0.12766004
    0.05853200
    0.05096533
    0.04965525
    0.12671670
   -0.36591345
   -0.12549315
    0.05255175
    0.05569168
    0.05565120
   -0.12040901
    0.04061837
    0.04754837
    0.05513512
    0.05388834
    0.05290506
   -0.03154286
   -0.09110931
   -0.02231927
   -0.03437382
   -0.05278703
    0.00243425
    0.03354074
    0.02727183
   -0.04158220
   -0.04123887
   -0.03755937
    0.03949439
   -0.04830504
    0.02513849
    0.01240135
    0.02700205
    0.02770027
   -0.11834443
    0.05147853
    0.05167034
    0.04496132
