           1           2   1.32917577638258     
           2           3   1.35657999849783     
           3           4   1.47394151408584     
           4           5   1.39773206261245     
           1           6   1.40182462871998     
           3           6  0.106241905473864     
           5           6   1.44756403363618     
           6           7  0.951171129116777     
           5           8  0.968297253820415     
           3           9  0.961704625354203     
           2          10   1.07844665807969     
          10          11   1.32195227984953     
          11          12   1.39794534441248     
          12          13   1.44623512039025     
          13          14   1.39920170288282     
          10          15   1.35933964529107     
          12          15  0.105635698433015     
          14          15   1.47069575453092     
          15          16  0.961511871122180     
          13          17  0.968607241287205     
          12          18  0.943682855750494     
           1          19  0.403111825868288     
          11          19  0.403277646617890     
          19          20  0.550302539251124     
          19          21  0.752435892701257     
          21          22   1.07891414299007     
          22          23  0.944675646346022     
          23          24  0.996530004178889     
          24          25  0.982497674314897     
          24          26  0.983623756082595     
          24          27  0.983075985986966     
          23          28  0.989671242871535     
          28          29  0.984052409713615     
          28          30  0.983975574978990     
          28          31  0.984112640382455     
          23          32  0.940387923656420     
          21          33   1.11456731113782     
          32          33  0.941379279911365     
          32          34  0.990960128846278     
          34          35  0.982206004640640     
          34          36  0.983349437135264     
          34          37  0.981722247446300     
          32          38  0.996044743588638     
          38          39  0.983080892611911     
          38          40  0.982796401850943     
          38          41  0.983811895422699     
          19          42  0.875273427341441     
          42          43   1.12852363526692     
          43          44  0.938207748886896     
          44          45  0.996713853099307     
          45          46  0.979022600230921     
          45          47  0.982649622833810     
          45          48  0.983658100388336     
          44          49  0.989485897459060     
          49          50  0.984034886200092     
          49          51  0.982637053773834     
          49          52  0.978975251449136     
          44          53  0.938953578552499     
          42          54   1.10842451496732     
          53          54  0.933150204740665     
          53          55  0.995914569810725     
          55          56  0.982103426750167     
          55          57  0.983040809598069     
          55          58  0.983352579400054     
          53          59  0.992132400577593     
          59          60  0.977026482170949     
          59          61  0.983293664198178     
          59          62  0.983246323629637     
          19          63  0.871017000727053     
          63          64   1.08299751454762     
          64          65  0.939841112337391     
          65          66  0.992438446569632     
          66          67  0.978083841416170     
          66          68  0.982330996961539     
          66          69  0.982871185155703     
          65          70  0.994551953458022     
          70          71  0.982193505776869     
          70          72  0.982954254577751     
          70          73  0.982008051949228     
          65          74  0.935968005903410     
          63          75   1.13534935820426     
          74          75  0.940275176911223     
          74          76  0.995538085296485     
          76          77  0.983060744958213     
          76          78  0.982335649470387     
          76          79  0.981844217676241     
          74          80  0.989521946576195     
          80          81  0.983696174351707     
          80          82  0.981284781555183     
          80          83  0.982714126097572     
           4          84  0.968525101514503     
          14          85  0.968512856286777     
          19          86  0.587346220469676     
          20          86  0.340017996670781     
          86          87   1.14626826256548     
          86          88   1.50438794417473     
          86          89  0.101289481786868     
          87          89   1.15926962386962     
          88          90   1.22014182429845     
          89          90   1.63990743153541     
          88          91   1.04971066899318     
          89          92  0.970718381516561     
          90          93  0.962044604350796     
          91          94   1.37154671263622     
          91          95   1.38686544059344     
          94          96   1.46729038373135     
          95          96  0.104293717015360     
          94          97  0.957786926052800     
          94          98  0.103863068291981     
          95          98   1.44446123953950     
          95          99  0.967067467464578     
          91         100  0.100326084719590     
          96         100   1.39537508331423     
          98         100   1.41033522572499     
          96         101  0.964908122560856     
          98         102  0.968675281385440     
         100         103   1.02512804094575     
         103         104  0.972879662598241     
         103         105  0.972150889521142     
         103         106  0.985777982993847     
