   -0.10987836
    0.07701323
   -0.04274596
   -0.02400086
   -0.04439427
    0.04787230
    0.04968684
    0.05310839
    0.04623818
    0.07433564
   -0.10739020
    0.04242071
   -0.04554237
   -0.02506662
   -0.04507017
    0.04564357
    0.04948000
    0.07505622
   -0.17919586
    0.09514128
    0.40141560
   -0.40953722
    0.13001010
   -0.12040556
    0.05218267
    0.04368909
    0.05048545
   -0.10939797
    0.04642286
    0.04171447
    0.02833888
    0.13065903
   -0.40509990
   -0.11967954
    0.05044666
    0.04449296
    0.04804887
   -0.11942264
    0.04695893
    0.05203915
    0.04407156
    0.39947677
   -0.38762611
    0.12870099
   -0.12505783
    0.05348499
    0.05516264
    0.04906935
   -0.12082084
    0.04763043
    0.04428681
    0.05236915
    0.12760960
   -0.38446803
   -0.12422404
    0.05400006
    0.05431137
    0.04729909
   -0.12114456
    0.04027356
    0.05177962
    0.04984791
    0.40014017
   -0.38329593
    0.12516456
   -0.12981315
    0.05827598
    0.05254245
    0.04913943
   -0.12814303
    0.05922076
    0.04952572
    0.05122049
    0.12728306
   -0.38298152
   -0.12305114
    0.04956597
    0.05283062
    0.05360621
   -0.12062371
    0.03917367
    0.04829552
    0.05327121
    0.05081428
    0.04834577
    0.01988740
   -0.30019627
   -0.03812326
    0.06871945
   -0.01381904
    0.03060380
    0.02813374
   -0.06743393
    0.07438223
    0.07101163
    0.07422083
