           1           2   1.30575773866876     
           2           3   1.34783477239891     
           3           4   1.48494369381582     
           4           5   1.37757232451277     
           1           6   1.38276864415811     
           3           6  0.106049880754365     
           5           6   1.46461053828642     
           6           7  0.956550289976359     
           5           8  0.968749293464270     
           3           9  0.961734760750911     
           2          10   1.09319545103550     
          10          11   1.30405164103005     
          11          12   1.38743701292795     
          12          13   1.45710105515733     
          13          14   1.38401709670708     
          10          15   1.35106958277710     
          12          15  0.105693785804735     
          14          15   1.48046458992359     
          15          16  0.961728674358391     
          13          17  0.969138554437172     
          12          18  0.946997420928021     
           1          19  0.472127861677420     
          11          19  0.458572177236203     
          19          20  0.543398911580840     
          19          21  0.734247040690068     
          21          22   1.08949959455345     
          22          23  0.944386327153679     
          23          24  0.996221989940234     
          24          25  0.982856121350820     
          24          26  0.983819544908731     
          24          27  0.983340614571035     
          23          28  0.989813328424568     
          28          29  0.984221372363429     
          28          30  0.984162310690309     
          28          31  0.985532459682274     
          23          32  0.940987993887885     
          21          33   1.10569441512951     
          32          33  0.941130645864282     
          32          34  0.990497689302764     
          34          35  0.981581465091490     
          34          36  0.983864756338147     
          34          37  0.982356784954884     
          32          38  0.996612628503507     
          38          39  0.983216555451881     
          38          40  0.983007317969118     
          38          41  0.983943458998345     
          19          42  0.872407663604931     
          42          43   1.10700910597674     
          43          44  0.938146480019481     
          44          45  0.996442909160959     
          45          46  0.982556428994323     
          45          47  0.982071701437353     
          45          48  0.983327487685039     
          44          49  0.990488560418094     
          49          50  0.983638893597289     
          49          51  0.982527919832369     
          49          52  0.979633029226366     
          44          53  0.939450497134400     
          42          54   1.10157574793292     
          53          54  0.937358601342088     
          53          55  0.996198907986533     
          55          56  0.982487929108490     
          55          57  0.982855330969202     
          55          58  0.983385243127098     
          53          59  0.990590968075937     
          59          60  0.982834835323313     
          59          61  0.983491190876995     
          59          62  0.983409224587075     
          19          63  0.870905665650072     
          63          64   1.10139645125094     
          64          65  0.940329342889001     
          65          66  0.990753716433628     
          66          67  0.978857566680104     
          66          68  0.982817312965015     
          66          69  0.983295183274479     
          65          70  0.996119774930837     
          70          71  0.982219114892068     
          70          72  0.983661179841837     
          70          73  0.982421919237386     
          65          74  0.937934203778140     
          63          75   1.11372986165758     
          74          75  0.938258070919026     
          74          76  0.995691601880380     
          76          77  0.983171727594164     
          76          78  0.982371855190777     
          76          79  0.981690929243518     
          74          80  0.990761160027226     
          80          81  0.983941060450423     
          80          82  0.983365006692329     
          80          83  0.983509352890445     
           4          84  0.969032192985825     
          14          85  0.969074058802285     
          19          86  0.585091117701562     
          20          86  0.337772577682121     
          86          87   1.26504191932402     
          86          88   1.52007007970669     
          87          89   1.51872430629700     
          88          89  0.115838544701021     
          87          90  0.110917352552061     
          88          90   1.19299573783300     
          89          90   1.25616408758870     
          88          91  0.967240725926976     
          89          92  0.962854446720298     
          90          93  0.999633695821136     
          93          94  0.979446540837401     
          93          95  0.973610109597338     
          93          96  0.972832563571936     
