   -0.12128931
    0.07556822
   -0.04333721
   -0.02315394
   -0.04438794
    0.04764360
    0.05147600
    0.05444564
    0.04574348
    0.07235266
   -0.12538513
    0.04096500
   -0.04575146
   -0.02515694
   -0.04516515
    0.04383594
    0.04939980
    0.07634669
   -0.15628612
    0.08573941
    0.40287002
   -0.41022888
    0.13050548
   -0.12113102
    0.05322608
    0.04422437
    0.05078608
   -0.10820938
    0.04660089
    0.04074676
    0.02767162
    0.13089404
   -0.40444765
   -0.11941178
    0.04864004
    0.04582690
    0.04921358
   -0.11946902
    0.04691294
    0.05280796
    0.04464650
    0.40404348
   -0.38297517
    0.12887473
   -0.12340579
    0.05385871
    0.05543718
    0.04837310
   -0.12120975
    0.04803125
    0.04467215
    0.05196221
    0.12791425
   -0.38339009
   -0.12401363
    0.05331885
    0.05425485
    0.04776640
   -0.12262751
    0.04530645
    0.05164179
    0.04916708
    0.40120407
   -0.37683905
    0.12537233
   -0.12781078
    0.05795536
    0.05248879
    0.04880448
   -0.12897075
    0.06065220
    0.04992907
    0.05210725
    0.12675821
   -0.38252126
   -0.12366994
    0.05022983
    0.05267106
    0.05427270
   -0.12226180
    0.03986614
    0.05029252
    0.05395717
    0.05139719
    0.04775791
   -0.01799294
   -0.03186941
   -0.04501800
   -0.03866638
    0.02193686
    0.00076213
    0.04860037
   -0.04979450
    0.02734735
    0.04211778
    0.02803061
   -0.11877917
   -0.08164942
    0.04466137
    0.18605939
   -0.01560029
    0.02496065
   -0.05859513
   -0.04327018
   -0.04285829
    0.02581185
   -0.04662738
    0.02688128
    0.02435612
    0.02227331
