           1           2   1.30602403920139     
           2           3   1.34540718942963     
           3           4   1.48692356207681     
           4           5   1.37709187788881     
           1           6   1.38480160620958     
           3           6  0.106098569225948     
           5           6   1.46433352368774     
           6           7  0.956612298724414     
           5           8  0.968621908788744     
           3           9  0.961720185273899     
           2          10   1.09648490690225     
          10          11   1.29887690227812     
          11          12   1.38167802528228     
          12          13   1.46174023645805     
          13          14   1.37947320204996     
          10          15   1.34972795217324     
          12          15  0.105313067302430     
          14          15   1.48208039625087     
          15          16  0.961739782967957     
          13          17  0.969114491003654     
          12          18  0.946978968511814     
           1          19  0.454187325045648     
          11          19  0.439990570125750     
          19          20  0.538861658499057     
          19          21  0.712675488849448     
          21          22   1.08979686309710     
          22          23  0.943166010902705     
          23          24  0.996593373283499     
          24          25  0.982752929043106     
          24          26  0.983661500860643     
          24          27  0.983301257329129     
          23          28  0.989848341104472     
          28          29  0.984138303459491     
          28          30  0.984020099387358     
          28          31  0.985100634036885     
          23          32  0.941315510713474     
          21          33   1.10900772548800     
          32          33  0.939797381103413     
          32          34  0.990729738994135     
          34          35  0.982680045883098     
          34          36  0.983802248616112     
          34          37  0.982556296596002     
          32          38  0.996761755582540     
          38          39  0.983127157866811     
          38          40  0.982777821831158     
          38          41  0.983786769138415     
          19          42  0.853630006982654     
          42          43   1.11671473112137     
          43          44  0.936345721162663     
          44          45  0.996947389918806     
          45          46  0.979510210470488     
          45          47  0.981790630103824     
          45          48  0.983245885972174     
          44          49  0.990670565672435     
          49          50  0.983517600685183     
          49          51  0.983171294967833     
          49          52  0.979992656351179     
          44          53  0.939546405414777     
          42          54   1.10568214232598     
          53          54  0.934720729783743     
          53          55  0.996364403942922     
          55          56  0.982596660190678     
          55          57  0.982829717936291     
          55          58  0.983251418431015     
          53          59  0.991463656091396     
          59          60  0.981060021912493     
          59          61  0.983210075334180     
          59          62  0.983053445112404     
          19          63  0.867612789438703     
          63          64   1.11314949292149     
          64          65  0.938776292585845     
          65          66  0.991169768034352     
          66          67  0.978626919741287     
          66          68  0.982667062392526     
          66          69  0.983170682434983     
          65          70  0.996402837205595     
          70          71  0.981949991171478     
          70          72  0.983484122281936     
          70          73  0.982215061523046     
          65          74  0.937768799098863     
          63          75   1.11469281463392     
          74          75  0.936554337064141     
          74          76  0.995946943677741     
          76          77  0.982994889903528     
          76          78  0.982440156945577     
          76          79  0.982255227026456     
          74          80  0.991154897167930     
          80          81  0.983650878176946     
          80          82  0.983203810373681     
          80          83  0.983349741264992     
           4          84  0.968958637535720     
          14          85  0.969164081955525     
          19          86  0.595295665311747     
          20          86  0.338775219341673     
          86          87   1.37906625039281     
          86          88   1.39512622860940     
          87          89   1.42182490568067     
          88          89  0.100308104168853     
          87          90  0.964120869702066     
          88          91   1.37926177469654     
          88          92  0.957630406271943     
          89          93   1.45565659569995     
          91          93   1.35611226569633     
          89          94  0.969266359332548     
          91          95   1.08508391303175     
          93          96  0.966054038808513     
          95          97   1.17133765563999     
          95          98   1.51176149102380     
          97          99   1.18950063414202     
          97         100  0.932185519764784     
          98         101   1.25365774710685     
          99         101   1.23136674391122     
          98         102  0.968011506916426     
          99         103   1.33924882660914     
         101         104   1.32053771213131     
         103         104  0.110248290125074     
         103         105   1.49031323554472     
         103         106  0.968448477699058     
         104         107   1.50843439611262     
         105         107   1.36741315583533     
         104         108  0.969815037010397     
         105         109  0.972319360780235     
         107         110  0.971939071721304     
