   -0.12114788
    0.07760388
   -0.04184742
   -0.02245496
   -0.04331985
    0.04791658
    0.05273209
    0.05562730
    0.04601281
    0.07358480
   -0.12348628
    0.04242678
   -0.04499003
   -0.02395261
   -0.04571052
    0.04664897
    0.05064160
    0.07449005
   -0.15625068
    0.08898343
    0.40032919
   -0.41037510
    0.13031893
   -0.12144240
    0.05365225
    0.04490189
    0.05032984
   -0.10937731
    0.04714882
    0.04091051
    0.02881441
    0.13055188
   -0.40125640
   -0.11988945
    0.04831317
    0.04646456
    0.04999456
   -0.11970700
    0.04729706
    0.05277757
    0.04490023
    0.40351561
   -0.38106757
    0.12803270
   -0.12674099
    0.05481564
    0.05697814
    0.04960900
   -0.12244408
    0.04856768
    0.04555477
    0.05418286
    0.12738021
   -0.38237769
   -0.12415086
    0.05414290
    0.05374183
    0.04844457
   -0.12411555
    0.04424237
    0.05292324
    0.04946332
    0.39817073
   -0.37678468
    0.12471665
   -0.13057117
    0.05912573
    0.05395416
    0.04948551
   -0.12941040
    0.06005597
    0.05041017
    0.05192469
    0.12625965
   -0.38056830
   -0.12428154
    0.05041740
    0.05333287
    0.05449813
   -0.12315321
    0.04022457
    0.05108828
    0.05418746
    0.05243056
    0.05016564
   -0.02837432
   -0.04058939
   -0.03947825
   -0.02043708
    0.02962302
   -0.05978947
    0.05562640
    0.11817932
   -0.07172362
    0.04911684
   -0.23632161
    0.02072549
    0.04247032
    0.43338423
   -0.37839337
   -0.38728699
    0.12791870
    0.12815587
   -0.12593761
   -0.12914674
   -0.12982066
   -0.12655304
    0.05941326
    0.04257233
    0.05873154
    0.06327086
    0.05560410
    0.05663149
    0.05614146
    0.05682599
    0.06312613
    0.05916876
    0.05926491
    0.04335888
