           1           2   1.30957030174211     
           2           3   1.35032939730884     
           3           4   1.48186059425088     
           4           5   1.38235206928231     
           1           6   1.38595012015591     
           3           6  0.105704314405523     
           5           6   1.46097007352060     
           6           7  0.956727763568562     
           5           8  0.968492207994367     
           3           9  0.962242324519716     
           2          10   1.08982529845465     
          10          11   1.30623701996562     
          11          12   1.38859120566404     
          12          13   1.45651572779817     
          13          14   1.38554531968858     
          10          15   1.35315763037717     
          12          15  0.105510099854203     
          14          15   1.47885408352388     
          15          16  0.962099380141776     
          13          17  0.969008428990570     
          12          18  0.948572908369659     
           1          19  0.443323054263595     
          11          19  0.436511415864662     
          19          20  0.531941693671963     
          19          21  0.730736704397551     
          21          22   1.08746706068486     
          22          23  0.943350961945342     
          23          24  0.996567213606476     
          24          25  0.982670795686077     
          24          26  0.983674570730293     
          24          27  0.983333608836088     
          23          28  0.989777428951961     
          28          29  0.984091903778234     
          28          30  0.984102458128940     
          28          31  0.985443327358345     
          23          32  0.941188895157459     
          21          33   1.11190897557781     
          32          33  0.940094683715187     
          32          34  0.990630910521709     
          34          35  0.982966092622584     
          34          36  0.983764841959363     
          34          37  0.982437256843692     
          32          38  0.996587052246388     
          38          39  0.983204080428294     
          38          40  0.982660287256442     
          38          41  0.983783347899840     
          19          42  0.855862500914624     
          42          43   1.11823739898963     
          43          44  0.936270850368733     
          44          45  0.996590944351113     
          45          46  0.982181069632402     
          45          47  0.981519293701873     
          45          48  0.983158359540783     
          44          49  0.990958787647222     
          49          50  0.983351833199226     
          49          51  0.982741429795554     
          49          52  0.979100244241832     
          44          53  0.938344270031356     
          42          54   1.10812299119845     
          53          54  0.935532663783294     
          53          55  0.996093933480515     
          55          56  0.982358811183592     
          55          57  0.982821129030950     
          55          58  0.983172026773024     
          53          59  0.991530618480155     
          59          60  0.982383645263889     
          59          61  0.983010288260049     
          59          62  0.983071461379225     
          19          63  0.870318339502978     
          63          64   1.11296674876778     
          64          65  0.939329419476215     
          65          66  0.991139192554889     
          66          67  0.978298710308855     
          66          68  0.982542231059949     
          66          69  0.983118539600726     
          65          70  0.996121211035453     
          70          71  0.982026120494383     
          70          72  0.983481695576023     
          70          73  0.982244541886300     
          65          74  0.937179508966490     
          63          75   1.11607932255140     
          74          75  0.936989826283280     
          74          76  0.995684330273252     
          76          77  0.983007702226639     
          76          78  0.982441390563231     
          76          79  0.981898166697479     
          74          80  0.991286638235372     
          80          81  0.983659096870613     
          80          82  0.983126718964007     
          80          83  0.983290313433255     
           4          84  0.968838093325018     
          14          85  0.968914407732907     
          19          86  0.586280345770525     
          20          86  0.347527788429432     
          86          87   1.45483073288987     
          86          88   1.31829483716912     
          87          89   1.30987637663025     
          87          90  0.963064412335289     
          87          91  0.106876392938054     
          88          91   1.49771869155508     
          88          92  0.959398143765829     
          89          93   1.27125395968307     
          91          93   1.33502605449421     
          89          94   1.21851841065019     
          91          95  0.965552419159605     
          93          96   1.08575667731545     
          94          97   1.60299216436945     
          96          97   1.07311964520721     
          94          98  0.972817033035061     
          97          99  0.996082080545661     
          99         100   1.14855541455489     
          99         101   1.13825429669529     
         100         102  0.937637069947683     
         101         103  0.937053052174968     
         102         103  0.938207033603729     
         102         104  0.991623532786731     
         102         105  0.997437703215710     
         103         106  0.997438919888882     
         103         107  0.991997283601432     
         104         108  0.981800357628888     
         104         109  0.983953323948993     
         104         110  0.982583435085962     
         105         111  0.981406848061358     
         105         112  0.982662308313975     
         105         113  0.981790343485768     
         106         114  0.982600150076348     
         106         115  0.981750117229524     
         106         116  0.981479871614512     
         107         117  0.982512513965447     
         107         118  0.981882260238042     
         107         119  0.983943894446235     
