           1           2   1.29045987954082     
           2           3   1.51514011911708     
           3           4   1.33819676456459     
           4           5   1.02834724905120     
           1           6   1.20575692309742     
           2           6  0.165614456518067     
           4           6   1.48914418882012     
           1           7  0.928119018053081     
           2           8  0.968356752286889     
           3           9  0.974972797588014     
           5          10  0.986161910781508     
           5          11  0.971553036780683     
           5          12  0.971679514729186     
