   -0.11973635
    0.07702949
   -0.04260935
   -0.02233599
   -0.04343244
    0.04715350
    0.05255668
    0.05611680
    0.04796322
    0.07386683
   -0.12382842
    0.04132316
   -0.04479822
   -0.02391152
   -0.04473767
    0.04633635
    0.05198681
    0.07691961
   -0.15456852
    0.09111692
    0.40200909
   -0.40959468
    0.13018175
   -0.12165505
    0.05335325
    0.04495284
    0.05089773
   -0.10951359
    0.04743692
    0.04130563
    0.02896663
    0.13031809
   -0.39942065
   -0.12018773
    0.04877646
    0.04641550
    0.05006463
   -0.12004514
    0.04791546
    0.05309377
    0.04503327
    0.40082874
   -0.38385365
    0.12814265
   -0.12741089
    0.05445639
    0.05739479
    0.05034718
   -0.12275602
    0.04884287
    0.04481989
    0.05438351
    0.12754290
   -0.38074821
   -0.12489005
    0.05533534
    0.05453580
    0.04865762
   -0.12415515
    0.04255394
    0.05270883
    0.05027522
    0.39954290
   -0.37822330
    0.12493897
   -0.12967804
    0.05903010
    0.05209779
    0.05038582
   -0.12916564
    0.05968186
    0.05081352
    0.05200866
    0.12650341
   -0.37927685
   -0.12450173
    0.05082892
    0.05410421
    0.05463418
   -0.12290731
    0.04035093
    0.05075607
    0.05453664
    0.05348393
    0.05053209
   -0.03209573
   -0.02581576
   -0.04191426
   -0.06394430
    0.03854333
   -0.05222820
    0.05641684
    0.14156912
    0.05291987
    0.24056482
   -0.27996860
   -0.42531217
   -0.14679076
    0.03020502
    0.07862547
    0.07511579
    0.07122248
    0.07171676
    0.03882146
    0.06214492
