           1           2   1.31014568260132     
           2           3   1.34866397200104     
           3           4   1.48360198689845     
           4           5   1.38150331615157     
           1           6   1.38667002897726     
           3           6  0.105928631420862     
           5           6   1.46159850074318     
           6           7  0.956790850900079     
           5           8  0.968416022238006     
           3           9  0.961482311690468     
           2          10   1.09177802673064     
          10          11   1.30466568254426     
          11          12   1.38667453720594     
          12          13   1.45723285300891     
          13          14   1.38518988915214     
          10          15   1.35281756704042     
          12          15  0.105224863503429     
          14          15   1.47890119761284     
          15          16  0.961503699698545     
          13          17  0.968846780768766     
          12          18  0.947576657169172     
           1          19  0.447523920991820     
          11          19  0.433691029858248     
          19          20  0.540524563489384     
          19          21  0.724550259276295     
          21          22   1.08991845266629     
          22          23  0.942751736604233     
          23          24  0.996605970737284     
          24          25  0.982729516226159     
          24          26  0.983562126452436     
          24          27  0.983253472656264     
          23          28  0.990047239787764     
          28          29  0.984013662959832     
          28          30  0.983961020993215     
          28          31  0.985165634773438     
          23          32  0.940977573169090     
          21          33   1.11426383844676     
          32          33  0.939721292299860     
          32          34  0.990775739087888     
          34          35  0.982621990459524     
          34          36  0.983676721124047     
          34          37  0.982386417363903     
          32          38  0.996645211034432     
          38          39  0.983063041575883     
          38          40  0.982722673066721     
          38          41  0.983759788226418     
          19          42  0.858562737924077     
          42          43   1.11369573512963     
          43          44  0.935709087056738     
          44          45  0.997170884466531     
          45          46  0.980477809258619     
          45          47  0.981657384714785     
          45          48  0.983029172312423     
          44          49  0.990884113612607     
          49          50  0.983345121113023     
          49          51  0.982233049592477     
          49          52  0.979177151499136     
          44          53  0.939409195074331     
          42          54   1.11013982807597     
          53          54  0.935069658431214     
          53          55  0.996633598569450     
          55          56  0.982214796840929     
          55          57  0.982723578342454     
          55          58  0.983101114734911     
          53          59  0.991059852279289     
          59          60  0.981388113137218     
          59          61  0.983201745064472     
          59          62  0.983072442094453     
          19          63  0.866392689507680     
          63          64   1.11146546897403     
          64          65  0.938419224790274     
          65          66  0.991172372312879     
          66          67  0.978612481860166     
          66          68  0.982772849690670     
          66          69  0.982980081247250     
          65          70  0.996491919843578     
          70          71  0.982014574719638     
          70          72  0.983344533870272     
          70          73  0.982200684171397     
          65          74  0.937482557291166     
          63          75   1.11938910745457     
          74          75  0.936103023019702     
          74          76  0.995816272858629     
          76          77  0.982896097940319     
          76          78  0.982217058881029     
          76          79  0.981460171742691     
          74          80  0.991348802419032     
          80          81  0.983802503770154     
          80          82  0.983071822737251     
          80          83  0.983214433352864     
           4          84  0.968736258166417     
          14          85  0.968873592852729     
          19          86  0.584006076377234     
          20          86  0.339362598762081     
          86          87   1.35225015777558     
          86          88   1.40870231221788     
          87          89   1.46754327273450     
          88          89  0.103743702162189     
          87          90  0.962949313534968     
          88          91   1.36284258068658     
          88          92  0.955639779372084     
          89          93   1.34647122886722     
          91          93   1.31595108409285     
          89          94  0.964411566154073     
          91          95   1.03121907087964     
          93          96   1.06609343828544     
          95          97   1.77183872189793     
          95          98   1.00794854032184     
          96          99  0.977958873506389     
          98         100  0.951368559680694     
          98         101  0.981863166598494     
          98         102  0.956615643035493     
          99         103  0.977339809507782     
          99         104  0.974217577253254     
          99         105  0.967505202814903     
