   -0.12301744
    0.07701474
   -0.04268126
   -0.02294870
   -0.04410232
    0.04920245
    0.05014961
    0.05286706
    0.04333678
    0.07246934
   -0.12363229
    0.04279810
   -0.04535882
   -0.02472153
   -0.04588828
    0.04338955
    0.04973362
    0.07572866
   -0.16045580
    0.08291121
    0.40007669
   -0.41229519
    0.13073846
   -0.12004842
    0.05258437
    0.04361711
    0.04922775
   -0.10758444
    0.04586476
    0.03977438
    0.02753960
    0.13106108
   -0.40572042
   -0.11846370
    0.04719109
    0.04520560
    0.04888952
   -0.11895400
    0.04671026
    0.05220560
    0.04380740
    0.40412948
   -0.38421198
    0.12853402
   -0.12583941
    0.05522345
    0.05548709
    0.04878573
   -0.12118170
    0.04746106
    0.04414698
    0.05248366
    0.12751866
   -0.38276491
   -0.12375068
    0.05269851
    0.05398065
    0.04734406
   -0.12408578
    0.04567572
    0.05162038
    0.05059142
    0.39915363
   -0.37776086
    0.12502342
   -0.12985260
    0.05881871
    0.05376241
    0.04856319
   -0.12853994
    0.05998134
    0.04951964
    0.05125401
    0.12665812
   -0.38423918
   -0.12305507
    0.04954576
    0.05163474
    0.05379596
   -0.12166660
    0.03952388
    0.04977911
    0.05311554
    0.04973314
    0.04753597
   -0.02594050
   -0.04084045
   -0.04193118
   -0.02065658
    0.01492785
   -0.05934179
    0.04081750
    0.04118376
   -0.08213129
    0.02995585
   -0.12114697
    0.03760528
    0.01855891
    0.18738644
    0.00404431
   -0.04154979
   -0.03854436
   -0.03411759
    0.03286580
   -0.03311698
    0.03457482
   -0.03709761
    0.03402288
    0.03336073
    0.03275801
