           1           2   1.30803416568042     
           2           3   1.34776004900912     
           3           4   1.48418784054336     
           4           5   1.37993882751868     
           1           6   1.38746844707778     
           3           6  0.105865380222620     
           5           6   1.46150977113766     
           6           7  0.957091261049543     
           5           8  0.968820035686918     
           3           9  0.962273415074937     
           2          10   1.09290627277217     
          10          11   1.30265368394450     
          11          12   1.38585121289853     
          12          13   1.45880501828762     
          13          14   1.38220347644308     
          10          15   1.35125326441676     
          12          15  0.105430316266414     
          14          15   1.48066492686134     
          15          16  0.962165243989513     
          13          17  0.969102115683328     
          12          18  0.947982167466838     
           1          19  0.439679273113127     
          11          19  0.441277721403417     
          19          20  0.529709695766076     
          19          21  0.721477146775742     
          21          22   1.08431447496710     
          22          23  0.945037981157055     
          23          24  0.996307073422806     
          24          25  0.982835855870180     
          24          26  0.983819168052529     
          24          27  0.983466706034783     
          23          28  0.989462732564526     
          28          29  0.984260249392791     
          28          30  0.984170086020910     
          28          31  0.985468397935249     
          23          32  0.941237062123809     
          21          33   1.10624218716537     
          32          33  0.941346981851959     
          32          34  0.990565270164136     
          34          35  0.983149556091178     
          34          36  0.983885276887724     
          34          37  0.982552748057106     
          32          38  0.996562521905928     
          38          39  0.983249319385503     
          38          40  0.982885682658842     
          38          41  0.983898424572657     
          19          42  0.865900733803211     
          42          43   1.11266252163700     
          43          44  0.937544893643951     
          44          45  0.996474302526540     
          45          46  0.982257923292690     
          45          47  0.981854602762290     
          45          48  0.983278780104949     
          44          49  0.990767971725732     
          49          50  0.983552544869633     
          49          51  0.983068551972799     
          49          52  0.979369967973806     
          44          53  0.938754989041654     
          42          54   1.10399427324039     
          53          54  0.936721301948434     
          53          55  0.996120861710829     
          55          56  0.982606928658200     
          55          57  0.982833945584956     
          55          58  0.983342685583437     
          53          59  0.991093944471028     
          59          60  0.982097431231568     
          59          61  0.983265099829004     
          59          62  0.983080093834905     
          19          63  0.877232137522629     
          63          64   1.11115346593199     
          64          65  0.940355704458595     
          65          66  0.991021682517985     
          66          67  0.978437001649464     
          66          68  0.982606685976549     
          66          69  0.983222479697839     
          65          70  0.996100894085073     
          70          71  0.982048991105792     
          70          72  0.983600692957687     
          70          73  0.982315969202971     
          65          74  0.937055756615852     
          63          75   1.11070567235334     
          74          75  0.938490517334374     
          74          76  0.995423577883157     
          76          77  0.983150208943506     
          76          78  0.982607118946963     
          76          79  0.982149587610621     
          74          80  0.991150919889802     
          80          81  0.983722693988674     
          80          82  0.983277077156769     
          80          83  0.983441418951316     
           4          84  0.969116724157401     
          14          85  0.969181822278488     
          19          86  0.590761519559643     
          20          86  0.347576452425231     
          86          87   1.46347208381458     
          86          88   1.31085555333060     
          87          89   1.30359772716902     
          87          90  0.962800005886639     
          87          91  0.105362501671196     
          88          91   1.50313703827021     
          88          92  0.959518855799556     
          89          93   1.24032572918909     
          91          93   1.32417108359485     
          89          94   1.24968836425688     
          91          95  0.966544833982139     
          93          96   1.18581177950306     
          94          97   1.50906920022145     
          96          97   1.16995785235668     
          94          98  0.972914643404512     
          96          99  0.932727074827952     
          97         100   1.08478935686137     
         100         101   1.37244240102753     
         100         102   1.36934551568654     
         101         103   1.45658798870230     
         102         103  0.105987733922581     
         101         104  0.967176271676676     
         101         105  0.104925083222879     
         102         105   1.46173137332215     
         102         106  0.968815192325305     
         100         107  0.100442129243113     
         103         107   1.43187442300869     
         105         107   1.42768085947617     
         103         108  0.970669433153441     
         105         109  0.970651297966144     
         107         110  0.971493658216203     
