   -0.12292355
    0.07737341
   -0.04320872
   -0.01992450
   -0.04207442
    0.04880004
    0.05735875
    0.06206513
    0.05405299
    0.07341705
   -0.13336094
    0.04165423
   -0.04293859
   -0.02352141
   -0.04410672
    0.05336637
    0.05703215
    0.07549432
   -0.14211024
    0.08584175
    0.40600022
   -0.39971126
    0.12888432
   -0.12384358
    0.05537964
    0.04748320
    0.05418415
   -0.11234224
    0.05076919
    0.04498816
    0.02837727
    0.13021698
   -0.40069755
   -0.12434860
    0.05420650
    0.04885743
    0.05171931
   -0.12212138
    0.04746685
    0.05549322
    0.04835605
    0.40772512
   -0.37425821
    0.12823482
   -0.12711039
    0.05642272
    0.05811601
    0.05208415
   -0.12405898
    0.05200575
    0.05102909
    0.05335012
    0.12844955
   -0.38523671
   -0.12592016
    0.05696024
    0.05478666
    0.05179062
   -0.11808511
    0.03928384
    0.05587843
    0.04415783
    0.40640800
   -0.37673541
    0.12505125
   -0.13241902
    0.06013933
    0.05476180
    0.05329898
   -0.12969092
    0.06052299
    0.05313182
    0.05285959
    0.12666799
   -0.37252390
   -0.12626983
    0.05304024
    0.05597620
    0.05752144
   -0.12372871
    0.04208132
    0.05160786
    0.05694032
    0.05985898
    0.05667375
    0.06969029
   -0.04390161
   -0.24861373
    0.06949768
    0.04326592
    0.18973081
   -0.27374828
    0.04872915
    0.12069325
   -0.21772791
