           1           2   1.31936134085301     
           2           3   1.35105993111218     
           3           4   1.48005216554846     
           4           5   1.38931854096999     
           1           6   1.39413415583576     
           3           6  0.106048225536991     
           5           6   1.45486265255555     
           6           7  0.956579547366842     
           5           8  0.967700755815686     
           3           9  0.961594243123786     
           2          10   1.08626023231931     
          10          11   1.30472435849401     
          11          12   1.38310085771066     
          12          13   1.45718294136838     
          13          14   1.38871287670200     
          10          15   1.35833618323605     
          12          15  0.104549598525830     
          14          15   1.47348655263570     
          15          16  0.961454360912590     
          13          17  0.968228430484422     
          12          18  0.947272900200256     
           1          19  0.428473541618360     
          11          19  0.425758516797223     
          19          20  0.518780791610876     
          19          21  0.728747864277383     
          21          22   1.10489191356652     
          22          23  0.937962812277126     
          23          24  0.996768148147616     
          24          25  0.982337736375371     
          24          26  0.983212484427151     
          24          27  0.982773637642477     
          23          28  0.990720089134370     
          28          29  0.983609357258946     
          28          30  0.983747263120381     
          28          31  0.984759688727060     
          23          32  0.940774699773732     
          21          33   1.11938439951060     
          32          33  0.934305310206724     
          32          34  0.991455309633726     
          34          35  0.980657359937824     
          34          36  0.983106473671845     
          34          37  0.981614994960182     
          32          38  0.997492482908294     
          38          39  0.982904191555506     
          38          40  0.982444159900416     
          38          41  0.983324434383434     
          19          42  0.836172843709807     
          42          43   1.13947511959020     
          43          44  0.931652847254370     
          44          45  0.997215251414884     
          45          46  0.981837479782038     
          45          47  0.981572227305218     
          45          48  0.982630399930200     
          44          49  0.990935860153155     
          49          50  0.983051819996913     
          49          51  0.982084940582834     
          49          52  0.979891017986446     
          44          53  0.939523265666105     
          42          54   1.10750126768635     
          53          54  0.930022080639073     
          53          55  0.996498106275289     
          55          56  0.982139273360264     
          55          57  0.982750061977834     
          55          58  0.982687542702401     
          53          59  0.992524127670817     
          59          60  0.981628006937518     
          59          61  0.982274254366387     
          59          62  0.983350455507255     
          19          63  0.844079737489920     
          63          64   1.12074944700438     
          64          65  0.933053175328697     
          65          66  0.991833800584789     
          66          67  0.978527196158857     
          66          68  0.982250732450313     
          66          69  0.982522413782153     
          65          70  0.996792246865523     
          70          71  0.981912275665748     
          70          72  0.983009463973996     
          70          73  0.982182327028264     
          65          74  0.937603033788339     
          63          75   1.13156246058413     
          74          75  0.931759910496193     
          74          76  0.996090315645062     
          76          77  0.982520124875328     
          76          78  0.981822991305061     
          76          79  0.981252127522620     
          74          80  0.991853084252993     
          80          81  0.984024652913490     
          80          82  0.982799975342228     
          80          83  0.982857598647132     
           4          84  0.967931022086352     
          14          85  0.968200848659072     
          19          86  0.619717864880515     
          20          86  0.349841704321710     
          86          87   1.31592457859760     
          86          88   1.37731439186893     
          87          89   1.46800907052857     
          87          90  0.964042129000519     
          88          91   1.38149212713797     
          89          92   1.39482797033023     
          91          92   1.36023089010655     
          89          93  0.959286432923448     
          91          94   1.04820662411781     
          94          95   2.82862608435176     
