   -0.10771147
    0.08053968
   -0.04166016
   -0.02129916
   -0.04263758
    0.04794031
    0.05328167
    0.05906015
    0.05333904
    0.07840473
   -0.11376790
    0.04234671
   -0.04305990
   -0.02254223
   -0.04318607
    0.05213953
    0.05375696
    0.07379695
   -0.16219908
    0.08448524
    0.40285967
   -0.40322276
    0.12925350
   -0.12282899
    0.05426908
    0.04583648
    0.05293798
   -0.11175243
    0.04898123
    0.04403952
    0.02914275
    0.13015489
   -0.40129973
   -0.12233221
    0.05257254
    0.04706860
    0.04966451
   -0.12105693
    0.04801113
    0.05352013
    0.04641690
    0.39897810
   -0.38606425
    0.12869435
   -0.12553176
    0.05281431
    0.05689632
    0.05022422
   -0.12261495
    0.04947123
    0.04641074
    0.05413509
    0.12805985
   -0.38717027
   -0.12498906
    0.05587077
    0.05448647
    0.04911203
   -0.12091207
    0.03818409
    0.05380620
    0.04919367
    0.40196337
   -0.38279203
    0.12529988
   -0.12973679
    0.05838671
    0.05211697
    0.05072541
   -0.12883245
    0.05917206
    0.05126055
    0.05208882
    0.12690049
   -0.37770555
   -0.12486385
    0.05137057
    0.05521841
    0.05473120
   -0.12267175
    0.04041299
    0.05130522
    0.05511162
    0.05750948
    0.05470117
    0.04998943
   -0.16058138
   -0.02360598
   -0.17157671
   -0.02832423
    0.04627302
    0.04159448
    0.04267809
    0.03956245
