           1           2   1.31824952712457     
           2           3   1.35160880872996     
           3           4   1.48050842591255     
           4           5   1.38712150443405     
           1           6   1.38928448118096     
           3           6  0.106298143016993     
           5           6   1.45793110186744     
           6           7  0.956042215700186     
           5           8  0.968035183233614     
           3           9  0.961046021880163     
           2          10   1.08511660777647     
          10          11   1.31226055491647     
          11          12   1.39233993488289     
          12          13   1.45178873877483     
          13          14   1.39270635112907     
          10          15   1.35706189330728     
          12          15  0.105456204297915     
          14          15   1.47456261666805     
          15          16  0.961078290687682     
          13          17  0.968653498442099     
          12          18  0.947156074209600     
           1          19  0.454241599430825     
          11          19  0.431939075698730     
          19          20  0.525283958392858     
          19          21  0.739433605360831     
          21          22   1.09891079240015     
          22          23  0.940905672641134     
          23          24  0.996574733890653     
          24          25  0.982585032372023     
          24          26  0.983498230269103     
          24          27  0.983036874538130     
          23          28  0.990337033169545     
          28          29  0.983866649158013     
          28          30  0.983900265053025     
          28          31  0.985354903244187     
          23          32  0.941091525350836     
          21          33   1.11315122153606     
          32          33  0.937506360654891     
          32          34  0.990916976940943     
          34          35  0.981130748318661     
          34          36  0.983530631833084     
          34          37  0.982158370616846     
          32          38  0.997084551252261     
          38          39  0.983044241048229     
          38          40  0.982744493567431     
          38          41  0.983584557389493     
          19          42  0.858451734799279     
          42          43   1.11364003583360     
          43          44  0.935778044380750     
          44          45  0.996818579076752     
          45          46  0.982426816040201     
          45          47  0.981678780611955     
          45          48  0.983090456668444     
          44          49  0.990900199977316     
          49          50  0.983320253377639     
          49          51  0.982481069862415     
          49          52  0.979334781066431     
          44          53  0.939344249878993     
          42          54   1.10455027892972     
          53          54  0.934167248782540     
          53          55  0.996296651948442     
          55          56  0.982236874124929     
          55          57  0.982760430721692     
          55          58  0.983065207705420     
          53          59  0.991366060593442     
          59          60  0.983222858311241     
          59          61  0.983053394441105     
          59          62  0.983243716175504     
          19          63  0.863491190624648     
          63          64   1.10528670856751     
          64          65  0.937685748377197     
          65          66  0.991172103484920     
          66          67  0.978771615582483     
          66          68  0.982775393039611     
          66          69  0.982978364262849     
          65          70  0.996385997129240     
          70          71  0.982117421128435     
          70          72  0.983380438065549     
          70          73  0.982210524042539     
          65          74  0.937919483202576     
          63          75   1.12483479136546     
          74          75  0.934768441422492     
          74          76  0.995993993756045     
          76          77  0.982784086046091     
          76          78  0.982030721328348     
          76          79  0.981697944143448     
          74          80  0.991435449877124     
          80          81  0.983712567308416     
          80          82  0.982982860305932     
          80          83  0.983173258077845     
           4          84  0.968237461042688     
          14          85  0.968370678950387     
          19          86  0.591439423655493     
          20          86  0.346138493077508     
          86          87   1.43978652116133     
          86          88   1.29954672035908     
          87          89   1.34077585360452     
          88          89  0.112271465524573     
          88          90   1.51762447522268     
          88          91  0.962073727163225     
          89          92   1.50370350127993     
          90          92   1.34611379801054     
          90          93  0.966587275296688     
          92          94  0.962093815139158     
