   -0.10763762
    0.08043749
   -0.04165314
   -0.02129990
   -0.04258947
    0.04806156
    0.05329991
    0.05909329
    0.05337647
    0.07832309
   -0.11361570
    0.04236486
   -0.04298649
   -0.02246534
   -0.04323012
    0.05231475
    0.05387087
    0.07397892
   -0.16229880
    0.08443518
    0.40262205
   -0.40292824
    0.12919035
   -0.12280381
    0.05420258
    0.04581797
    0.05293228
   -0.11192959
    0.04897114
    0.04423713
    0.02925789
    0.13010235
   -0.40127249
   -0.12239091
    0.05270998
    0.04707080
    0.04954528
   -0.12101607
    0.04797885
    0.05340894
    0.04640976
    0.39900029
   -0.38607957
    0.12869715
   -0.12554024
    0.05279890
    0.05692978
    0.05023117
   -0.12253585
    0.04950699
    0.04643548
    0.05395953
    0.12804558
   -0.38700371
   -0.12500509
    0.05588696
    0.05452256
    0.04911894
   -0.12091943
    0.03817404
    0.05381681
    0.04922284
    0.40202040
   -0.38284993
    0.12532213
   -0.12969076
    0.05836556
    0.05208901
    0.05067960
   -0.12883325
    0.05915711
    0.05122658
    0.05212877
    0.12693545
   -0.37791755
   -0.12482590
    0.05135321
    0.05513933
    0.05473571
   -0.12261184
    0.04033267
    0.05129150
    0.05508622
    0.05753237
    0.05479097
    0.04988104
   -0.16084065
   -0.02360936
   -0.17168529
   -0.02833811
    0.04625424
    0.04161003
    0.04260537
    0.03950613
