           1           2   1.31828162237362     
           2           3   1.35176235120567     
           3           4   1.48036218360453     
           4           5   1.38726471394905     
           1           6   1.38937347941668     
           3           6  0.106275359879429     
           5           6   1.45780622786025     
           6           7  0.955996075279029     
           5           8  0.968032211213432     
           3           9  0.961008161295870     
           2          10   1.08501942025702     
          10          11   1.31255852778317     
          11          12   1.39261936943676     
          12          13   1.45158403596977     
          13          14   1.39290633542920     
          10          15   1.35706634006042     
          12          15  0.105467937791649     
          14          15   1.47454285675749     
          15          16  0.961028590358234     
          13          17  0.968638736600759     
          12          18  0.947070086305612     
           1          19  0.454081963315120     
          11          19  0.432128037931744     
          19          20  0.525359777209297     
          19          21  0.739846168896349     
          21          22   1.09925905105051     
          22          23  0.941042592505157     
          23          24  0.996508443915356     
          24          25  0.982587915820973     
          24          26  0.983498016392934     
          24          27  0.983029612803130     
          23          28  0.990360308741883     
          28          29  0.983855287802972     
          28          30  0.983885888953282     
          28          31  0.985373209487742     
          23          32  0.940946111846945     
          21          33   1.11321048486172     
          32          33  0.937607392630114     
          32          34  0.990925287074379     
          34          35  0.981080817543409     
          34          36  0.983505543059276     
          34          37  0.982107719838854     
          32          38  0.997056462113140     
          38          39  0.983041867178095     
          38          40  0.982755363438613     
          38          41  0.983590656494077     
          19          42  0.858649131357797     
          42          43   1.11350139608247     
          43          44  0.935824202788516     
          44          45  0.996808154100870     
          45          46  0.982422022917320     
          45          47  0.981661173087949     
          45          48  0.983093855045529     
          44          49  0.990898529342060     
          49          50  0.983317976380885     
          49          51  0.982501996153535     
          49          52  0.979389458818860     
          44          53  0.939311401929240     
          42          54   1.10471850930063     
          53          54  0.934142525393810     
          53          55  0.996296944697380     
          55          56  0.982227717040195     
          55          57  0.982753549097395     
          55          58  0.983062451791634     
          53          59  0.991376011225757     
          59          60  0.983207012285349     
          59          61  0.983050870314742     
          59          62  0.983236692503055     
          19          63  0.863215464226582     
          63          64   1.10524742262105     
          64          65  0.937691779331613     
          65          66  0.991166811781741     
          66          67  0.978751785569344     
          66          68  0.982779711923877     
          66          69  0.982983343151131     
          65          70  0.996390065861938     
          70          71  0.982122221948504     
          70          72  0.983381983076977     
          70          73  0.982215246290581     
          65          74  0.937979858086626     
          63          75   1.12441318738844     
          74          75  0.934800159514705     
          74          76  0.996021265058448     
          76          77  0.982782337494995     
          76          78  0.982022105650363     
          76          79  0.981730768097984     
          74          80  0.991412353452246     
          80          81  0.983698167542973     
          80          82  0.982990725999677     
          80          83  0.983175930855834     
           4          84  0.968235970971525     
          14          85  0.968360135769961     
          19          86  0.591396079949577     
          20          86  0.346108081014204     
          86          87   1.43976582496331     
          86          88   1.29947523061956     
          87          89   1.34072286805541     
          88          89  0.112274738659336     
          88          90   1.51771286674879     
          88          91  0.962064396795035     
          89          92   1.50376210255276     
          90          92   1.34605043937425     
          90          93  0.966592175812167     
          92          94  0.962100215981342     
