   -0.12719007
    0.07397440
   -0.04480281
   -0.02314901
   -0.04562431
    0.04822483
    0.05192615
    0.05351620
    0.04486744
    0.06940356
   -0.13434962
    0.04062253
   -0.04633556
   -0.02709317
   -0.04560605
    0.04304312
    0.04842941
    0.07405506
   -0.15455003
    0.08215280
    0.40527236
   -0.40651834
    0.12979633
   -0.12116741
    0.05323576
    0.04472715
    0.05134019
   -0.10900309
    0.04734229
    0.04171882
    0.02726950
    0.13075008
   -0.40470474
   -0.12141591
    0.05203450
    0.04577888
    0.05001315
   -0.11988467
    0.04610749
    0.05361872
    0.04533076
    0.40684661
   -0.37588812
    0.12788994
   -0.12668306
    0.05803454
    0.05562759
    0.04959546
   -0.12206115
    0.04850439
    0.04724621
    0.05133919
    0.12758105
   -0.38234428
   -0.12418177
    0.05320934
    0.05337707
    0.04848187
   -0.12570103
    0.05421610
    0.05186036
    0.04667324
    0.40548133
   -0.37451487
    0.12478043
   -0.13227052
    0.06050980
    0.05638212
    0.05087469
   -0.12896985
    0.06102256
    0.05080966
    0.05110836
    0.12694674
   -0.37863184
   -0.12443825
    0.05088211
    0.05308213
    0.05642149
   -0.12140649
    0.04017938
    0.04811099
    0.05451775
    0.05056121
    0.04630062
    0.06221172
   -0.04453150
   -0.24524602
   -0.02449304
    0.02323259
    0.09926283
   -0.06552018
    0.02914627
   -0.12984207
    0.03594687
    0.06384338
    0.06035865
    0.06111071
