           1           2   1.30625883424266     
           2           3   1.34159987568657     
           3           4   1.48977781413471     
           4           5   1.37542413669090     
           1           6   1.38824408204100     
           3           6  0.106387054003190     
           5           6   1.46339620957737     
           6           7  0.957265831482501     
           5           8  0.968769419183955     
           3           9  0.962367181124244     
           2          10   1.09950120137265     
          10          11   1.29218967756597     
          11          12   1.37541471339940     
          12          13   1.46725444655387     
          13          14   1.37397137413285     
          10          15   1.34910133623747     
          12          15  0.105016935284365     
          14          15   1.48302630491959     
          15          16  0.962313907750564     
          13          17  0.969203902767009     
          12          18  0.947719039653045     
           1          19  0.442231047259934     
          11          19  0.437438774083214     
          19          20  0.524776217661681     
          19          21  0.711944752593928     
          21          22   1.09439902701880     
          22          23  0.942071217717052     
          23          24  0.996323172280085     
          24          25  0.982668415836509     
          24          26  0.983633992515584     
          24          27  0.983174186096751     
          23          28  0.990134291282130     
          28          29  0.984025493384674     
          28          30  0.984051836217102     
          28          31  0.984860224942402     
          23          32  0.940700876257692     
          21          33   1.10924341584806     
          32          33  0.938848725856572     
          32          34  0.990893240143095     
          34          35  0.981190573073093     
          34          36  0.983585948104392     
          34          37  0.981843470412555     
          32          38  0.996906792208403     
          38          39  0.983132071693096     
          38          40  0.982766422987291     
          38          41  0.983767756479882     
          19          42  0.852457424790897     
          42          43   1.12708464718888     
          43          44  0.935717737565187     
          44          45  0.996586402453950     
          45          46  0.981960380958926     
          45          47  0.982063933975893     
          45          48  0.983175031992176     
          44          49  0.990613469543513     
          49          50  0.983545308460920     
          49          51  0.982376156811354     
          49          52  0.979838024629563     
          44          53  0.939267124495251     
          42          54   1.10686236125390     
          53          54  0.933300477285445     
          53          55  0.996438612573873     
          55          56  0.982573749534806     
          55          57  0.982937512267892     
          55          58  0.983231808386227     
          53          59  0.991613181458978     
          59          60  0.980395538973627     
          59          61  0.983108677156474     
          59          62  0.983429868091111     
          19          63  0.864956578833328     
          63          64   1.11867714289187     
          64          65  0.936812518081313     
          65          66  0.991264921098838     
          66          67  0.979126197573166     
          66          68  0.982276837762179     
          66          69  0.982934114356099     
          65          70  0.996500534544441     
          70          71  0.981926996878431     
          70          72  0.983427084206989     
          70          73  0.982423887025911     
          65          74  0.937460504862980     
          63          75   1.11658717145660     
          74          75  0.936191481793147     
          74          76  0.995667722991816     
          76          77  0.982959667852117     
          76          78  0.982183699595159     
          76          79  0.981339028295752     
          74          80  0.991077357267680     
          80          81  0.984208091567751     
          80          82  0.983220357293532     
          80          83  0.983301562375963     
           4          84  0.968992591993992     
          14          85  0.969329539313133     
          19          86  0.594033420309460     
          20          86  0.341482981718703     
          86          87   1.35299213084992     
          86          88   1.40474817742075     
          87          89   1.44749168659063     
          87          90  0.963748529041658     
          87          91  0.108316213395057     
          88          91   1.40185715174144     
          89          92   1.43529759641362     
          91          92   1.38831810479995     
          89          93  0.968100277813728     
          91          94   1.02034963504527     
          92          95  0.968739548221100     
          94          96  0.983002978890455     
          94          97  0.970460119102550     
          94          98  0.967922373004963     
