   -0.12234658
    0.07566602
   -0.04350643
   -0.02320748
   -0.04468562
    0.04799929
    0.05091109
    0.05335533
    0.04459864
    0.07181483
   -0.12665642
    0.04182447
   -0.04574018
   -0.02541411
   -0.04554404
    0.04322449
    0.04934773
    0.07534482
   -0.15871198
    0.08530432
    0.40208581
   -0.41085662
    0.13045042
   -0.12069750
    0.05288164
    0.04403756
    0.05027313
   -0.10814507
    0.04647562
    0.04055990
    0.02755198
    0.13094950
   -0.40481200
   -0.11941084
    0.04914995
    0.04517394
    0.04922495
   -0.11943892
    0.04681809
    0.05275457
    0.04434222
    0.40316095
   -0.38524932
    0.12873729
   -0.12541532
    0.05511213
    0.05504420
    0.04884925
   -0.12113084
    0.04764708
    0.04469231
    0.05239601
    0.12760678
   -0.38326688
   -0.12398137
    0.05319548
    0.05413180
    0.04750750
   -0.12354005
    0.04531873
    0.05162529
    0.05050315
    0.40099858
   -0.37901030
    0.12506258
   -0.13006495
    0.05882027
    0.05377080
    0.04925474
   -0.12857476
    0.06016455
    0.04987686
    0.05123082
    0.12696558
   -0.38177160
   -0.12347616
    0.04998794
    0.05269366
    0.05429715
   -0.12160844
    0.04002000
    0.04901413
    0.05370004
    0.05041189
    0.04725818
   -0.02133411
   -0.03193665
   -0.03838772
   -0.04847133
    0.01880100
   -0.04509734
    0.03715587
    0.00730744
    0.02321555
    0.03011412
   -0.11766528
    0.04317690
    0.04717948
    0.05102982
