           1           2   1.30623348641397     
           2           3   1.34541392312682     
           3           4   1.48667993528063     
           4           5   1.37739118211358     
           1           6   1.38605157510369     
           3           6  0.106035126844786     
           5           6   1.46345814912744     
           6           7  0.957116494640094     
           5           8  0.968753727660211     
           3           9  0.961873039448728     
           2          10   1.09609231714769     
          10          11   1.29913303663367     
          11          12   1.38344476418122     
          12          13   1.46073765669375     
          13          14   1.38019913796534     
          10          15   1.35023721191253     
          12          15  0.105243547158959     
          14          15   1.48153875568875     
          15          16  0.961849308741879     
          13          17  0.969141607631260     
          12          18  0.947990426460384     
           1          19  0.449381724725946     
          11          19  0.438391042859312     
          19          20  0.528946574684601     
          19          21  0.719278763860403     
          21          22   1.08770329170666     
          22          23  0.943646973065701     
          23          24  0.996461869329512     
          24          25  0.982814674395274     
          24          26  0.983717838634915     
          24          27  0.983363178714202     
          23          28  0.989789996074207     
          28          29  0.984179798982458     
          28          30  0.984116202500146     
          28          31  0.985304215824366     
          23          32  0.941341077358630     
          21          33   1.10799762099136     
          32          33  0.940217240010375     
          32          34  0.990632117482514     
          34          35  0.982295677412633     
          34          36  0.983853512749860     
          34          37  0.982389234530766     
          32          38  0.996752578810272     
          38          39  0.983205080547356     
          38          40  0.982857610784481     
          38          41  0.983830092879487     
          19          42  0.862071481760533     
          42          43   1.11212858550906     
          43          44  0.937006642990668     
          44          45  0.996658614689105     
          45          46  0.982286209125937     
          45          47  0.981972876209200     
          45          48  0.983225194288147     
          44          49  0.990773708354357     
          49          50  0.983554992008103     
          49          51  0.982616660882038     
          49          52  0.979560890733879     
          44          53  0.939226090360827     
          42          54   1.10615794101673     
          53          54  0.935684656337377     
          53          55  0.996227426384428     
          55          56  0.982586384426643     
          55          57  0.982826685637469     
          55          58  0.983316755753797     
          53          59  0.991237162971862     
          59          60  0.981965827913543     
          59          61  0.983218168748128     
          59          62  0.983067857055458     
          19          63  0.874085883365274     
          63          64   1.10950289952025     
          64          65  0.939262057452291     
          65          66  0.991129889914891     
          66          67  0.978634718664347     
          66          68  0.982587083404942     
          66          69  0.983183551440892     
          65          70  0.996275898879070     
          70          71  0.982030056634329     
          70          72  0.983518614032075     
          70          73  0.982358134263863     
          65          74  0.937281914718397     
          63          75   1.11533972682755     
          74          75  0.937455035993573     
          74          76  0.995562310932617     
          76          77  0.983092101645895     
          76          78  0.982406156981290     
          76          79  0.981591491622421     
          74          80  0.991164187443676     
          80          81  0.983996105926038     
          80          82  0.983268924777358     
          80          83  0.983361801102607     
           4          84  0.969057637814110     
          14          85  0.969215076725177     
          19          86  0.587434691836647     
          20          86  0.350892148312574     
          86          87   1.39169956456578     
          86          88   1.37703960337039     
          87          89   1.43443395765349     
          88          89  0.105829886397970     
          87          90  0.963797277474096     
          87          91  0.104419968653633     
          88          91   1.45453589960201     
          88          92  0.960930911329813     
          89          93   1.41308817687362     
          91          93   1.39685415233501     
          89          94  0.968182642221272     
          91          95  0.968007007865547     
          93          96   1.02358675358248     
          96          97  0.983824006598414     
          96          98  0.980500240621201     
          96          99  0.968546675262791     
