   -0.11886443
    0.07499289
   -0.04339577
   -0.02195414
   -0.04278300
    0.04630754
    0.06024654
    0.05921516
    0.05082358
    0.07162110
   -0.13029420
    0.04131061
   -0.04432437
   -0.02452426
   -0.04545675
    0.04927012
    0.05420108
    0.07899369
   -0.16618531
    0.12233466
    0.40611165
   -0.40504859
    0.12938993
   -0.12223424
    0.05257328
    0.04608974
    0.05343479
   -0.11108034
    0.04890672
    0.04348315
    0.02813338
    0.13015022
   -0.39993501
   -0.12162944
    0.05093057
    0.04722282
    0.04984008
   -0.12129601
    0.04761896
    0.05425003
    0.04668628
    0.40154566
   -0.39391778
    0.13028668
   -0.12521315
    0.05450251
    0.05373241
    0.05055499
   -0.12327106
    0.04869856
    0.04864376
    0.05324007
    0.12742118
   -0.38326930
   -0.12529709
    0.05591254
    0.05523127
    0.04861759
   -0.12368428
    0.04421159
    0.05274715
    0.04964707
    0.40550953
   -0.37184365
    0.12633700
   -0.12578246
    0.04581272
    0.06443720
    0.04923476
   -0.12941385
    0.06304461
    0.05055228
    0.05323946
    0.12710871
   -0.37978558
   -0.12434112
    0.05132007
    0.05504361
    0.05434446
   -0.12061359
    0.04064764
    0.04576403
    0.05529868
    0.05634498
    0.05249379
   -0.06025050
    0.06107716
   -0.05774156
   -0.18903754
    0.04913180
    0.06923836
    0.35267264
    0.07001389
   -0.43212629
   -0.28199945
    0.01889903
    0.08711235
    0.07278606
    0.06999770
