           1           2   1.31389237412470     
           2           3   1.35050602889855     
           3           4   1.48117251269715     
           4           5   1.38547112094712     
           1           6   1.38900106852163     
           3           6  0.106075754419795     
           5           6   1.45827737434233     
           6           7  0.955747922466376     
           5           8  0.968041767874021     
           3           9  0.961538576772472     
           2          10   1.08852776544364     
          10          11   1.30670802100200     
          11          12   1.38700658778884     
          12          13   1.45562599447139     
          13          14   1.38814355200388     
          10          15   1.35566513427902     
          12          15  0.104969292283247     
          14          15   1.47551311486817     
          15          16  0.961579986101277     
          13          17  0.968604149410793     
          12          18  0.946645006792550     
           1          19  0.449830222504404     
          11          19  0.426730423057499     
          19          20  0.546310263890633     
          19          21  0.752806172600546     
          21          22   1.09355865021322     
          22          23  0.941585992887821     
          23          24  0.996559938129423     
          24          25  0.982290956090530     
          24          26  0.983517780634322     
          24          27  0.982910089041955     
          23          28  0.990121694620742     
          28          29  0.983952809474725     
          28          30  0.983946556664533     
          28          31  0.984745370532698     
          23          32  0.940647347091227     
          21          33   1.11427609580664     
          32          33  0.938060361023555     
          32          34  0.991056948954159     
          34          35  0.981024471899875     
          34          36  0.983386071766957     
          34          37  0.981831051016692     
          32          38  0.996936500374378     
          38          39  0.982987475147816     
          38          40  0.982772527332760     
          38          41  0.983646518593842     
          19          42  0.865406404609557     
          42          43   1.11195859541085     
          43          44  0.934062196864045     
          44          45  0.997704920067193     
          45          46  0.980112271510814     
          45          47  0.982794035663163     
          45          48  0.983206161001197     
          44          49  0.990366523564021     
          49          50  0.983627034620595     
          49          51  0.982523393871188     
          49          52  0.979479045047573     
          44          53  0.940457440457656     
          42          54   1.10966249032242     
          53          54  0.932471959044233     
          53          55  0.996197425438142     
          55          56  0.982339297852935     
          55          57  0.982861863381537     
          55          58  0.983153481393410     
          53          59  0.991606939456676     
          59          60  0.981159735056912     
          59          61  0.983254426409261     
          59          62  0.983051359590844     
          19          63  0.857415819659573     
          63          64   1.12339366967281     
          64          65  0.934195887886074     
          65          66  0.991122887839256     
          66          67  0.982116152162491     
          66          68  0.979302820885931     
          66          69  0.983624025731530     
          65          70  0.997169807248678     
          70          71  0.981862967525468     
          70          72  0.983338147725874     
          70          73  0.982518387784417     
          65          74  0.939587319901760     
          63          75   1.11030057279089     
          74          75  0.936694825284359     
          74          76  0.996412726232503     
          76          77  0.983259401833759     
          76          78  0.982436458948798     
          76          79  0.981539900917350     
          74          80  0.990047913317786     
          80          81  0.984579276974862     
          80          82  0.982441386903863     
          80          83  0.983266648160138     
           4          84  0.968392450572568     
          14          85  0.968670261845957     
          19          86  0.565127202607180     
          20          86  0.343913126337292     
          86          87   1.57280285706635     
          86          88   1.20640313503281     
          87          89   1.08883440314117     
          87          90  0.963380293838562     
          87          91  0.143981713819027     
          88          91   1.53839140574074     
          89          91   1.15794768087612     
          88          92   1.01189656748690     
          91          93  0.962662886540725     
          92          94   1.71763194240143     
          92          95   1.11303812337958     
          94          95  0.165681628230717     
          95          96  0.946693957657659     
          96          97  0.978937809099900     
          96          98  0.975174151526432     
          96          99  0.976330658846113     
