   -0.11809944
    0.08104040
   -0.04093947
   -0.01976446
   -0.04081765
    0.04914666
    0.05664385
    0.06170094
    0.04998294
    0.07813393
   -0.12222174
    0.04367769
   -0.04205980
   -0.02105071
   -0.04371787
    0.04998426
    0.05787114
    0.07940215
   -0.15075975
    0.10654123
    0.40749853
   -0.40504695
    0.12978668
   -0.12274775
    0.05478546
    0.04752042
    0.05262145
   -0.11090153
    0.05045183
    0.04310452
    0.02777697
    0.13032829
   -0.39824790
   -0.12294049
    0.05330318
    0.04834219
    0.05103601
   -0.12128129
    0.04778112
    0.05480691
    0.04755040
    0.40390273
   -0.38349561
    0.12902056
   -0.12646409
    0.05525833
    0.05745179
    0.05198904
   -0.12242557
    0.05087385
    0.04788426
    0.05225156
    0.12794395
   -0.38131193
   -0.12507682
    0.05519055
    0.05531071
    0.05045053
   -0.12069298
    0.04055480
    0.05614239
    0.05057046
    0.40255817
   -0.37873198
    0.12503282
   -0.13108470
    0.05907301
    0.05470323
    0.05214892
   -0.12974420
    0.06104845
    0.05236846
    0.05232480
    0.12707854
   -0.37616649
   -0.12522621
    0.05269018
    0.05525899
    0.05590318
   -0.12289113
    0.04098173
    0.05013094
    0.05651651
    0.05839035
    0.05583136
   -0.05873880
    0.08401955
   -0.05188487
   -0.06101480
   -0.18592788
    0.05045984
    0.07041379
   -0.10107262
