           1           2   1.32143181021065     
           2           3   1.35608152328348     
           3           4   1.47568812293324     
           4           5   1.39287249108862     
           1           6   1.39226448419200     
           3           6  0.105669918175466     
           5           6   1.45373743070288     
           6           7  0.956701974362485     
           5           8  0.967719514668276     
           3           9  0.961479286898347     
           2          10   1.08147921479128     
          10          11   1.31445278273618     
          11          12   1.39344821252052     
          12          13   1.44861829864342     
          13          14   1.39703191636061     
          10          15   1.36102869377282     
          12          15  0.104640178990419     
          14          15   1.47061210664479     
          15          16  0.961355954313827     
          13          17  0.968151806849898     
          12          18  0.946319591784045     
           1          19  0.428819335627707     
          11          19  0.428911952367305     
          19          20  0.571828980498806     
          19          21  0.742027648207977     
          21          22   1.09911159613010     
          22          23  0.939171350039460     
          23          24  0.996798844499193     
          24          25  0.982412040756879     
          24          26  0.983256750476605     
          24          27  0.982951537136977     
          23          28  0.990597475125504     
          28          29  0.983661463448988     
          28          30  0.983859764762153     
          28          31  0.985222909596493     
          23          32  0.940740310194224     
          21          33   1.12080540390916     
          32          33  0.935551237732782     
          32          34  0.991306042918472     
          34          35  0.980661840897205     
          34          36  0.983198264501705     
          34          37  0.981556159298997     
          32          38  0.997254492607039     
          38          39  0.982973762901032     
          38          40  0.982554705671751     
          38          41  0.983402443691932     
          19          42  0.853001322097393     
          42          43   1.12213528479921     
          43          44  0.932148280781020     
          44          45  0.997422601238919     
          45          46  0.981944443547935     
          45          47  0.981501784945079     
          45          48  0.982646805531886     
          44          49  0.991385264030981     
          49          50  0.983003255294578     
          49          51  0.981596391351550     
          49          52  0.979763251025218     
          44          53  0.939337513567797     
          42          54   1.11600367399815     
          53          54  0.930275913292577     
          53          55  0.996460340254084     
          55          56  0.982205757947960     
          55          57  0.982588770022686     
          55          58  0.982727282214077     
          53          59  0.992269218584607     
          59          60  0.981538925484832     
          59          61  0.982389972028851     
          59          62  0.982834338654547     
          19          63  0.843680447486789     
          63          64   1.11269187853261     
          64          65  0.934714904729684     
          65          66  0.991533186485629     
          66          67  0.978546203710556     
          66          68  0.982405003162787     
          66          69  0.982762737617508     
          65          70  0.996795268175721     
          70          71  0.981857175067847     
          70          72  0.983092662923616     
          70          73  0.982215689035362     
          65          74  0.938257924177755     
          63          75   1.12782272977202     
          74          75  0.932608577044575     
          74          76  0.996230998398766     
          76          77  0.982583908040919     
          76          78  0.981813638893002     
          76          79  0.980714255792650     
          74          80  0.991572999722909     
          80          81  0.984033824604565     
          80          82  0.982948269747060     
          80          83  0.982943015284617     
           4          84  0.968134237150698     
          14          85  0.968247365895573     
          19          86  0.557370724346443     
          20          86  0.314006230731071     
          86          87   1.56183383496170     
          86          88   1.19492079191740     
          87          89   1.08161679253722     
          88          89  0.103299685556674     
          87          90  0.968447306117080     
          88          91   1.62619319099403     
          89          91   1.15100018893067     
          88          92  0.951708785286349     
          91          93  0.973139486769477     
