   -0.12057036
    0.07673914
   -0.04233498
   -0.02098363
   -0.04192278
    0.04795012
    0.05739354
    0.05947450
    0.05049361
    0.07255210
   -0.12721681
    0.04165688
   -0.04334931
   -0.02354280
   -0.04533983
    0.05059017
    0.05502919
    0.07850479
   -0.14531754
    0.10834910
    0.40297436
   -0.40315847
    0.12921331
   -0.12293168
    0.05477161
    0.04586705
    0.05303773
   -0.11128487
    0.04901513
    0.04384074
    0.02796277
    0.13054786
   -0.40363033
   -0.12317563
    0.05383076
    0.04673987
    0.05016239
   -0.12119087
    0.04694669
    0.05399715
    0.04654969
    0.40652831
   -0.37567052
    0.12856094
   -0.12557784
    0.05606790
    0.05490418
    0.04985672
   -0.12230559
    0.04937061
    0.04905835
    0.05198735
    0.12755530
   -0.38559435
   -0.12516023
    0.05359251
    0.05454284
    0.04878347
   -0.12243662
    0.04740198
    0.05070954
    0.04909549
    0.40216670
   -0.37742574
    0.12489973
   -0.13124914
    0.05984689
    0.05411279
    0.05055313
   -0.12959139
    0.06010558
    0.05106257
    0.05303478
    0.12642567
   -0.37475475
   -0.12544090
    0.05111884
    0.05423405
    0.05715094
   -0.12349670
    0.04220994
    0.05046942
    0.05532751
    0.05627927
    0.05341999
   -0.05160440
   -0.03114190
    0.16468160
   -0.05539779
    0.05638208
   -0.24403461
   -0.06560712
    0.08780194
    0.06538862
    0.07594600
   -0.20238431
