           1           2   1.31608769671331     
           2           3   1.35302608254322     
           3           4   1.47870780855947     
           4           5   1.38864119310512     
           1           6   1.39130448564272     
           3           6  0.105622165396906     
           5           6   1.45581191203407     
           6           7  0.956625741074995     
           5           8  0.968024014570342     
           3           9  0.961418189141197     
           2          10   1.08669325557023     
          10          11   1.30888636229259     
          11          12   1.38931806695927     
          12          13   1.45337813964230     
          13          14   1.39109496114122     
          10          15   1.35736737088985     
          12          15  0.104847296822329     
          14          15   1.47402413567003     
          15          16  0.961291716475658     
          13          17  0.968504289356950     
          12          18  0.947156067655948     
           1          19  0.433070987423549     
          11          19  0.421270471053574     
          19          20  0.540214621987304     
          19          21  0.742624965108857     
          21          22   1.09911920077769     
          22          23  0.940647502086697     
          23          24  0.996670314003631     
          24          25  0.982493424141644     
          24          26  0.983468623054551     
          24          27  0.982985597132775     
          23          28  0.990233433048060     
          28          29  0.983952147601752     
          28          30  0.983859199489318     
          28          31  0.984942592538268     
          23          32  0.941217820090914     
          21          33   1.11098579978853     
          32          33  0.937212521883747     
          32          34  0.991074834834317     
          34          35  0.980857117000587     
          34          36  0.983467162216810     
          34          37  0.981647838686466     
          32          38  0.997269290462563     
          38          39  0.983064863779807     
          38          40  0.982623721953781     
          38          41  0.983597122080235     
          19          42  0.848495785786359     
          42          43   1.13552478000698     
          43          44  0.935807263402512     
          44          45  0.996317709077723     
          45          46  0.981651483150862     
          45          47  0.982022525246899     
          45          48  0.983045700121167     
          44          49  0.990892940748325     
          49          50  0.983283772227147     
          49          51  0.982429227485430     
          49          52  0.980235398173840     
          44          53  0.938168361217703     
          42          54   1.10202651010253     
          53          54  0.934044258422566     
          53          55  0.995938920515834     
          55          56  0.982507798725679     
          55          57  0.982754819115092     
          55          58  0.983077064889858     
          53          59  0.991986854533137     
          59          60  0.982337687215982     
          59          61  0.983130590732470     
          59          62  0.983166375434365     
          19          63  0.851907841493674     
          63          64   1.11271689646642     
          64          65  0.936357611919295     
          65          66  0.991415730321381     
          66          67  0.978512790461625     
          66          68  0.982392449811589     
          66          69  0.983109336610330     
          65          70  0.996592323553429     
          70          71  0.982084636155065     
          70          72  0.983380356377609     
          70          73  0.982228377276419     
          65          74  0.937771034550013     
          63          75   1.12538368292143     
          74          75  0.934767931026670     
          74          76  0.995928357622278     
          76          77  0.982948346047219     
          76          78  0.982225386794859     
          76          79  0.981669406022203     
          74          80  0.991390114881994     
          80          81  0.984093954550288     
          80          82  0.983041140503510     
          80          83  0.983191556278269     
           4          84  0.968402538299358     
          14          85  0.968573226816582     
          19          86  0.577132006669663     
          20          86  0.345625437477293     
          86          87   1.37638169266861     
          86          88   1.34517286234928     
          87          89   1.43919076370401     
          87          90  0.961096689728697     
          88          91  0.933910835113733     
          87          92  0.101069130221635     
          88          92   1.40717618980689     
          89          93   1.40076327304902     
          92          93   1.39631711900377     
          89          94  0.965186151658016     
          92          95  0.961932779989557     
          93          96  0.953031304294582     
