   -0.12018692
    0.07772230
   -0.04234120
   -0.02066643
   -0.04221041
    0.04827623
    0.05551664
    0.06056436
    0.05205171
    0.07440496
   -0.13007370
    0.04300247
   -0.04295819
   -0.02265745
   -0.04424512
    0.05160456
    0.05524164
    0.07420002
   -0.15373487
    0.09005582
    0.40388439
   -0.40354709
    0.12934599
   -0.12304174
    0.05470240
    0.04658711
    0.05293836
   -0.11115621
    0.04955650
    0.04353524
    0.02830287
    0.13023085
   -0.40077916
   -0.12267389
    0.05282422
    0.04779584
    0.05021549
   -0.12126969
    0.04782698
    0.05414293
    0.04700106
    0.40114177
   -0.38377445
    0.12860860
   -0.12661582
    0.05534845
    0.05740284
    0.05103272
   -0.12251840
    0.05067924
    0.04798888
    0.05248561
    0.12794849
   -0.38522317
   -0.12494028
    0.05562353
    0.05444113
    0.04999012
   -0.12215296
    0.04334069
    0.05431528
    0.04865939
    0.40242402
   -0.38060027
    0.12514073
   -0.13094333
    0.05876888
    0.05368440
    0.05193514
   -0.12963580
    0.06040270
    0.05213328
    0.05268841
    0.12684207
   -0.37591748
   -0.12551576
    0.05232011
    0.05565604
    0.05564017
   -0.12327321
    0.04117202
    0.05099903
    0.05615698
    0.05814136
    0.05539976
   -0.05093824
    0.07699117
    0.07299684
   -0.26737859
    0.02900876
   -0.25854004
    0.04526383
    0.13595852
    0.03924797
