           1           2   1.31707295276671     
           2           3   1.35156691331999     
           3           4   1.48013424657988     
           4           5   1.38752595516255     
           1           6   1.39061089780125     
           3           6  0.105897392216454     
           5           6   1.45707566027705     
           6           7  0.956539164413268     
           5           8  0.967866008589098     
           3           9  0.961196669316121     
           2          10   1.08669521895962     
          10          11   1.30781532091383     
          11          12   1.38967639600132     
          12          13   1.45332517029570     
          13          14   1.39120445726879     
          10          15   1.35786623466173     
          12          15  0.104761383753852     
          14          15   1.47395410354449     
          15          16  0.961090268123452     
          13          17  0.968478516879349     
          12          18  0.947861835009267     
           1          19  0.438328982570477     
          11          19  0.425539609367356     
          19          20  0.536959032738667     
          19          21  0.741494814609423     
          21          22   1.09827131289935     
          22          23  0.940097104145291     
          23          24  0.996693242538153     
          24          25  0.982498750574628     
          24          26  0.983378807639331     
          24          27  0.983007623852018     
          23          28  0.990413865967847     
          28          29  0.983831832199994     
          28          30  0.983886382866184     
          28          31  0.985219698552979     
          23          32  0.941125431941358     
          21          33   1.11648284328534     
          32          33  0.936756827417821     
          32          34  0.991053347446140     
          34          35  0.981067084790715     
          34          36  0.983408600571334     
          34          37  0.982029144213089     
          32          38  0.997204607244862     
          38          39  0.983000850780763     
          38          40  0.982717459791478     
          38          41  0.983504630209910     
          19          42  0.855021454634772     
          42          43   1.12069958784737     
          43          44  0.933522339024716     
          44          45  0.997180298422176     
          45          46  0.982123077200811     
          45          47  0.981602049610518     
          45          48  0.982848481675336     
          44          49  0.991066522656932     
          49          50  0.983179956081248     
          49          51  0.982189786334021     
          49          52  0.980145969931283     
          44          53  0.939262308759791     
          42          54   1.11077798383797     
          53          54  0.931582494080495     
          53          55  0.996299628855497     
          55          56  0.982208665399302     
          55          57  0.982730439347634     
          55          58  0.982927410820154     
          53          59  0.992106947199727     
          59          60  0.982615412187993     
          59          61  0.982659629536605     
          59          62  0.983015804128550     
          19          63  0.859916997725183     
          63          64   1.11082951145975     
          64          65  0.935362821682489     
          65          66  0.991466624135110     
          66          67  0.978638826464775     
          66          68  0.982510438181880     
          66          69  0.982830286995432     
          65          70  0.996701085813907     
          70          71  0.981958945089610     
          70          72  0.983184010768848     
          70          73  0.982167436427081     
          65          74  0.938105508216542     
          63          75   1.12690744453445     
          74          75  0.933319156694310     
          74          76  0.996203523364147     
          76          77  0.982695538384605     
          76          78  0.981977368994190     
          76          79  0.981318734011262     
          74          80  0.991481748030766     
          80          81  0.983930968681492     
          80          82  0.982959853131477     
          80          83  0.983036604110809     
           4          84  0.968184074438427     
          14          85  0.968336427521585     
          19          86  0.584015230644990     
          20          86  0.347988231082081     
          86          87   1.37391568430224     
          86          88   1.35780130475581     
          87          89   1.42045406886094     
          87          90  0.959025465052930     
          88          91   1.44289212956816     
          88          92  0.956154738206023     
          86          93  0.102149923261946     
          89          93   1.42857382866468     
          91          93   1.40995733854174     
          93          94  0.956716836856440     
