   -0.13042103
    0.08003075
   -0.04103332
   -0.02239276
   -0.04375938
    0.04865312
    0.05019212
    0.05282976
    0.04314871
    0.07394239
   -0.12106740
    0.04513276
   -0.04631869
   -0.02571874
   -0.04658947
    0.04473652
    0.04818590
    0.06807149
   -0.15522703
    0.08535233
    0.40102396
   -0.41063602
    0.13081779
   -0.12046939
    0.05290506
    0.04493751
    0.04966779
   -0.10941837
    0.04703056
    0.04111286
    0.02951823
    0.13137590
   -0.40473201
   -0.11870050
    0.04831265
    0.04622405
    0.04830473
   -0.11847102
    0.04654995
    0.05181728
    0.04480554
    0.40928172
   -0.38050637
    0.12817989
   -0.12598339
    0.05354855
    0.05714632
    0.04935090
   -0.12172708
    0.04793185
    0.04533943
    0.05356018
    0.12770775
   -0.38411980
   -0.12267567
    0.05222055
    0.05260187
    0.04807528
   -0.12312043
    0.04582024
    0.05191830
    0.04958318
    0.39731602
   -0.37649380
    0.12528091
   -0.12811999
    0.05610749
    0.05395442
    0.04829513
   -0.12907139
    0.06018117
    0.04951607
    0.05233951
    0.12679983
   -0.38732711
   -0.12320321
    0.04970453
    0.05193237
    0.05337713
   -0.12244208
    0.03993532
    0.05062340
    0.05351101
    0.04952518
    0.04764168
   -0.03528213
   -0.01183372
   -0.04916441
    0.02331622
   -0.10567245
   -0.05590176
    0.04655156
    0.04935827
   -0.14673510
    0.05331956
    0.02874360
    0.04017074
    0.03356864
   -0.32993861
    0.14618790
    0.18928208
   -0.13750432
    0.06554851
    0.07708994
    0.06565403
