           1           2   1.30358139977413     
           2           3   1.35227924417246     
           3           4   1.48016135428772     
           4           5   1.38283368339210     
           1           6   1.38671711735584     
           3           6  0.105025758084503     
           5           6   1.45962640223047     
           6           7  0.957341859351339     
           5           8  0.968839290074489     
           3           9  0.962688677806184     
           2          10   1.09008077674130     
          10          11   1.30176614876744     
          11          12   1.38772373348885     
          12          13   1.45685359584618     
          13          14   1.38378536092368     
          10          15   1.35427893577246     
          12          15  0.104955883169484     
          14          15   1.47796630599999     
          15          16  0.962509819803613     
          13          17  0.969297729442981     
          12          18  0.951599333640212     
           1          19  0.423005515723864     
          11          19  0.449619298006566     
          19          20  0.517476478732049     
          19          21  0.721082197287294     
          21          22   1.08669082301485     
          22          23  0.943253664597263     
          23          24  0.996447804576040     
          24          25  0.982672374291538     
          24          26  0.983731535596562     
          24          27  0.983365299142193     
          23          28  0.989677202813295     
          28          29  0.984057906270441     
          28          30  0.983970049609550     
          28          31  0.985515848572943     
          23          32  0.941186077495873     
          21          33   1.10947999251697     
          32          33  0.940124899678674     
          32          34  0.990691197061982     
          34          35  0.982654618014663     
          34          36  0.983779393576599     
          34          37  0.982531711966804     
          32          38  0.996452754707925     
          38          39  0.983119104768238     
          38          40  0.982391643993827     
          38          41  0.983674422265582     
          19          42  0.845788074676724     
          42          43   1.12038282650315     
          43          44  0.936918019510269     
          44          45  0.996035944600295     
          45          46  0.982116689326371     
          45          47  0.981654015532245     
          45          48  0.983236516933420     
          44          49  0.991236751226433     
          49          50  0.983244572279332     
          49          51  0.982860445023038     
          49          52  0.978554351208703     
          44          53  0.936712625637422     
          42          54   1.10757907135227     
          53          54  0.936462486344372     
          53          55  0.995560958757618     
          55          56  0.982146113652461     
          55          57  0.982852799390519     
          55          58  0.983179406297876     
          53          59  0.992037355181956     
          59          60  0.981391501367569     
          59          61  0.982954311585793     
          59          62  0.982956466111661     
          19          63  0.872679670669458     
          63          64   1.11419094411119     
          64          65  0.940680293156866     
          65          66  0.990919967180469     
          66          67  0.978982134466926     
          66          68  0.982524730862437     
          66          69  0.983251295386697     
          65          70  0.995960008617101     
          70          71  0.982017552815361     
          70          72  0.983614313775264     
          70          73  0.982243369474792     
          65          74  0.937407903932641     
          63          75   1.10681719748611     
          74          75  0.937727602336982     
          74          76  0.995825168495993     
          76          77  0.982989525378848     
          76          78  0.982451420435231     
          76          79  0.982449631133871     
          74          80  0.991235728267580     
          80          81  0.983560266788343     
          80          82  0.983223234056375     
          80          83  0.983340194109096     
           4          84  0.969141047996700     
          14          85  0.969185827924548     
          19          86  0.583709423044331     
          20          86  0.359145279503937     
          86          87   1.41393245192207     
          86          88   1.32386892223441     
          87          89   1.31126501037525     
          87          90   1.01682443781088     
          87          91  0.102884647806598     
          88          91   1.50417528646198     
          88          92  0.955969746059852     
          89          93   1.26772184209930     
          91          93   1.31708762033300     
          89          94   1.14600575923274     
          90          95  0.970474865382132     
          90          96  0.973548041134697     
          90          97  0.976012316334065     
          91          98  0.967079781099647     
          93          99   1.19865862772851     
          94          99  0.110133089480143     
          94         100   1.20554465338450     
          99         100   1.55703594111542     
          94         101  0.933500917996004     
         100         102   1.02903457955456     
         102         103  0.967371947975575     
         102         104  0.980267587917340     
         102         105  0.967841249761683     
