   -0.13252397
    0.07439439
   -0.04572616
   -0.02313313
   -0.04488709
    0.04455908
    0.07537271
    0.05127906
    0.04171217
    0.06871085
   -0.12864177
    0.04104043
   -0.04516157
   -0.02744152
   -0.04792982
    0.04155720
    0.04678154
    0.07767834
   -0.14845696
    0.11702929
    0.40148686
   -0.41246565
    0.13080854
   -0.12222913
    0.05404602
    0.04438375
    0.05190161
   -0.10904330
    0.04637597
    0.04095844
    0.02679656
    0.13134044
   -0.41007664
   -0.12087633
    0.04629510
    0.04749443
    0.05112124
   -0.11906908
    0.04371200
    0.05326900
    0.04556559
    0.40625873
   -0.36404980
    0.12655454
   -0.12637844
    0.05159310
    0.06043688
    0.04812294
   -0.12356199
    0.04713520
    0.05256488
    0.05054137
    0.12675960
   -0.38665313
   -0.12328891
    0.05105575
    0.05196074
    0.04808978
   -0.11774352
    0.03687053
    0.05047175
    0.04793962
    0.40503907
   -0.37847590
    0.12464633
   -0.13031321
    0.05235272
    0.05431453
    0.05202597
   -0.12704465
    0.05716722
    0.04902243
    0.05135327
    0.12691992
   -0.36459482
   -0.12849649
    0.05118080
    0.05735446
    0.05864693
   -0.11958917
    0.04288701
    0.04521525
    0.05293266
    0.04649110
    0.04380817
   -0.04784472
    0.01518894
    0.08041034
   -0.04663133
   -0.10672579
   -0.25839467
   -0.00918059
   -0.05247657
    0.03224726
    0.04268809
    0.04896658
    0.03592803
    0.10021140
   -0.02857514
    0.02984646
   -0.12667501
   -0.06146767
    0.03498233
    0.07288779
    0.05973753
    0.05315467
    0.03619032
