           1           2   1.31304099204591     
           2           3   1.35033173409232     
           3           4   1.48013945389877     
           4           5   1.38788186099538     
           1           6   1.39877671964612     
           3           6  0.105873485467010     
           5           6   1.45187085809972     
           6           7  0.950271917541198     
           5           8  0.969055222931905     
           3           9  0.962230987699921     
           2          10   1.09215674094193     
          10          11   1.30135444134865     
          11          12   1.38260513661499     
          12          13   1.45921230038371     
          13          14   1.38291180974467     
          10          15   1.35350863076723     
          12          15  0.104354079873747     
          14          15   1.47581173849408     
          15          16  0.961995888559590     
          13          17  0.969379891264332     
          12          18  0.945002683533015     
           1          19  0.400620799729972     
          11          19  0.425672731501477     
          19          20  0.518038712081837     
          19          21  0.732514656785338     
          21          22   1.08513741897942     
          22          23  0.943095976031677     
          23          24  0.996362050894376     
          24          25  0.980927252982815     
          24          26  0.983589829881718     
          24          27  0.983069601801998     
          23          28  0.989772222885230     
          28          29  0.984131738329275     
          28          30  0.983905756588193     
          28          31  0.981866538746470     
          23          32  0.941237046001049     
          21          33   1.10313477008599     
          32          33  0.939927406839201     
          32          34  0.990977336637386     
          34          35  0.982068746564732     
          34          36  0.983232602900923     
          34          37  0.980690714943698     
          32          38  0.996713324045473     
          38          39  0.983259192643613     
          38          40  0.982827753691531     
          38          41  0.983784519283400     
          19          42  0.872469870211998     
          42          43   1.14416083299089     
          43          44  0.942520598856559     
          44          45  0.995178750241184     
          45          46  0.980196969707772     
          45          47  0.981991299864051     
          45          48  0.983792437151696     
          44          49  0.989715031773215     
          49          50  0.983558857559678     
          49          51  0.982302315312784     
          49          52  0.979659284528031     
          44          53  0.935720008034752     
          42          54   1.08774517704308     
          53          54  0.938778038541521     
          53          55  0.994671998069176     
          55          56  0.982675617311772     
          55          57  0.982997513321571     
          55          58  0.983251186574326     
          53          59  0.991859633650057     
          59          60  0.979947927586059     
          59          61  0.983353145793654     
          59          62  0.983176963509449     
          19          63  0.860852409324598     
          63          64   1.08077881598403     
          64          65  0.941561413564387     
          65          66  0.990689860535632     
          66          67  0.980349944608824     
          66          68  0.982549466438412     
          66          69  0.983317981088511     
          65          70  0.995174210206922     
          70          71  0.982362869901504     
          70          72  0.983362111121363     
          70          73  0.982697899884659     
          65          74  0.937538982311261     
          63          75   1.14346253999964     
          74          75  0.937604464932601     
          74          76  0.996618342481508     
          76          77  0.983070741831243     
          76          78  0.982402278580211     
          76          79  0.980183616807829     
          74          80  0.989796205449189     
          80          81  0.982513149095771     
          80          82  0.981504594527962     
          80          83  0.982823780200828     
           4          84  0.969286205304795     
          14          85  0.969503650702990     
          19          86  0.575670111623559     
          20          86  0.361408696746087     
          86          87   1.46721694368334     
          86          88   1.22002693053422     
          87          89   1.28811327702412     
          87          90   1.02014744378014     
          88          91   1.28430850949576     
          88          92   1.23469176740174     
          89          93   1.55707380421632     
          92          93   1.26721006172739     
          89          94  0.967134849935740     
          90          95  0.977401329225036     
          90          96  0.973213028992509     
          90          97  0.969610695510731     
          91          98   1.50918338225825     
          92          99   1.28442613235140     
          93         100  0.967217210351582     
          98         101   1.02088469902411     
          98         102   1.27757283513144     
          99         102   1.55633414560991     
          99         103  0.966695447116417     
         101         104  0.974777365397691     
         101         105  0.961020324018351     
         101         106  0.978271799941230     
         102         107  0.968683140861202     
