   -0.11919904
    0.07726297
   -0.04188144
   -0.02242021
   -0.04309005
    0.04748178
    0.05376097
    0.05654080
    0.04731732
    0.07286232
   -0.12246475
    0.04195431
   -0.04523321
   -0.02469941
   -0.04548708
    0.04759591
    0.05051651
    0.07568980
   -0.16461296
    0.10554712
    0.40224138
   -0.40959767
    0.13017214
   -0.12142217
    0.05352376
    0.04494337
    0.05071992
   -0.10936267
    0.04737069
    0.04137182
    0.02813785
    0.13053130
   -0.40124636
   -0.12018404
    0.04962338
    0.04614662
    0.04979714
   -0.12002222
    0.04736158
    0.05302536
    0.04502528
    0.40385061
   -0.38109648
    0.12805263
   -0.12643144
    0.05473006
    0.05672035
    0.04955299
   -0.12210764
    0.04878103
    0.04603496
    0.05315459
    0.12745382
   -0.38165821
   -0.12431777
    0.05446498
    0.05384883
    0.04818317
   -0.12406260
    0.04455526
    0.05251524
    0.04909970
    0.39906420
   -0.37707204
    0.12462955
   -0.13107759
    0.05921777
    0.05409050
    0.04987822
   -0.12930857
    0.06035596
    0.05039864
    0.05203381
    0.12652848
   -0.37958828
   -0.12434391
    0.05049784
    0.05360047
    0.05474265
   -0.12253946
    0.04054483
    0.04983105
    0.05439345
    0.05362087
    0.05051029
   -0.04459948
   -0.01506930
   -0.05506270
   -0.05090973
    0.03767276
   -0.01038885
    0.04926484
    0.40862044
    0.05560139
   -0.48477864
   -0.30295920
    0.15691745
   -0.12732226
   -0.13078262
   -0.12743579
    0.04890001
    0.06094043
    0.06068585
    0.05832009
    0.06544909
    0.05959813
    0.05960184
    0.04999143
    0.06081386
