           1           2   1.30933920079030     
           2           3   1.34999233347720     
           3           4   1.48220641761034     
           4           5   1.38237583339755     
           1           6   1.38595450071940     
           3           6  0.105722498142027     
           5           6   1.46091276077873     
           6           7  0.956488567519953     
           5           8  0.968369223431474     
           3           9  0.961809642312507     
           2          10   1.09068060448926     
          10          11   1.30501241390680     
          11          12   1.38763921328098     
          12          13   1.45646394037246     
          13          14   1.38571043536404     
          10          15   1.35380121175130     
          12          15  0.105267446872743     
          14          15   1.47813847131640     
          15          16  0.961691547675025     
          13          17  0.969022912919726     
          12          18  0.948196894802244     
           1          19  0.450000586975805     
          11          19  0.443895843125363     
          19          20  0.543394455478187     
          19          21  0.737562377585524     
          21          22   1.08833841457412     
          22          23  0.943221298065911     
          23          24  0.996558095701337     
          24          25  0.982679292982076     
          24          26  0.983678171402948     
          24          27  0.983278526643306     
          23          28  0.989808474193569     
          28          29  0.984091033429891     
          28          30  0.984045552409014     
          28          31  0.985403853264250     
          23          32  0.941201649132476     
          21          33   1.11334801087055     
          32          33  0.939590929392862     
          32          34  0.990732701291550     
          34          35  0.982294609538411     
          34          36  0.983773211311092     
          34          37  0.982398885703032     
          32          38  0.996784721022921     
          38          39  0.983148283905255     
          38          40  0.982821091717708     
          38          41  0.983762266048589     
          19          42  0.859465992495878     
          42          43   1.11876287967983     
          43          44  0.936151293019134     
          44          45  0.996871524141293     
          45          46  0.982234296107862     
          45          47  0.981839581546856     
          45          48  0.983139765808733     
          44          49  0.990866869098787     
          49          50  0.983382147691378     
          49          51  0.982428731328120     
          49          52  0.979808736482562     
          44          53  0.938957261363490     
          42          54   1.10787287685622     
          53          54  0.935782251019342     
          53          55  0.996164466767468     
          55          56  0.982410221395341     
          55          57  0.982849865847097     
          55          58  0.983202868628887     
          53          59  0.991343725178314     
          59          60  0.982135139374049     
          59          61  0.983117185727902     
          59          62  0.983114285346145     
          19          63  0.869306861079479     
          63          64   1.11104981420957     
          64          65  0.938727307042102     
          65          66  0.991096281765361     
          66          67  0.978620499062058     
          66          68  0.982525040709061     
          66          69  0.983095944672252     
          65          70  0.996376246926953     
          70          71  0.981992176972443     
          70          72  0.983458657133898     
          70          73  0.982264060106088     
          65          74  0.937487315471084     
          63          75   1.11881997064227     
          74          75  0.936475082573843     
          74          76  0.995749534011480     
          76          77  0.983012042323401     
          76          78  0.982315692245157     
          76          79  0.981509810331155     
          74          80  0.991248508433887     
          80          81  0.983899100865899     
          80          82  0.983186577688467     
          80          83  0.983280992927083     
           4          84  0.968731558233630     
          14          85  0.968890709585326     
          19          86  0.587666294464808     
          20          86  0.342398676994863     
          86          87   1.58651582970823     
          86          88   1.19777273381680     
          87          89   1.10360514527313     
          87          90  0.967295412083806     
          87          91  0.126635093990783     
          88          91   1.65669235522181     
          89          91   1.12013342380178     
          88          92  0.966629996407510     
          89          93   1.10653907197481     
          91          94  0.966517385864899     
          89          95  0.104910021828780     
          93          95   1.62330131859509     
          93          96   1.12196268193138     
          95          96  0.148378173972503     
          96          97  0.879421512767581     
          97          98  0.996464089751960     
          97          99  0.995751555448403     
          97         100  0.996325215472318     
          98         101  0.984638882873064     
          98         102  0.980931199505505     
          98         103  0.981736129094889     
          99         104  0.983915478561219     
          99         105  0.981915136532974     
          99         106  0.983652637947037     
         100         107  0.981059040611887     
         100         108  0.984593456182684     
         100         109  0.981715834159914     
