           1           2   1.00362217033248     
           1           3   1.15502165283577     
           3           4   1.15157592380874     
           4           5   2.73261753522044     
           3           6   1.39523609970622     
           6           7   1.39849327456518     
           1           8   1.25711398134947     
           3           8  0.100346477150281     
           7           8   1.44821205748955     
           8           9   1.03533971764079     
           2          10  0.978398568690033     
           2          11  0.970067341456666     
           2          12  0.970242845943067     
           6          13  0.974731772475552     
           7          14  0.973113654307435     
           9          15  0.982444453004988     
           9          16  0.966301907164457     
           9          17  0.966408023694769     
