   -0.12115213
    0.07462089
   -0.04361036
   -0.02328744
   -0.04441421
    0.04767454
    0.05192888
    0.05422431
    0.04588473
    0.07006220
   -0.12567423
    0.04108235
   -0.04575833
   -0.02595022
   -0.04583841
    0.04463794
    0.05088575
    0.07643525
   -0.17009362
    0.09794351
    0.40308720
   -0.40983468
    0.13010589
   -0.12021070
    0.05197619
    0.04404455
    0.05057872
   -0.10870927
    0.04672421
    0.04148975
    0.02759286
    0.13096569
   -0.40544259
   -0.11967282
    0.05099258
    0.04467387
    0.04797372
   -0.11935430
    0.04665644
    0.05238695
    0.04446247
    0.40283147
   -0.38682918
    0.12889041
   -0.12506526
    0.05471441
    0.05492532
    0.04908881
   -0.12040253
    0.04796605
    0.04506569
    0.05108281
    0.12759389
   -0.38228841
   -0.12400155
    0.05359758
    0.05435726
    0.04755276
   -0.12312766
    0.04524894
    0.05153333
    0.05117508
    0.40326389
   -0.38136595
    0.12538559
   -0.12972038
    0.05740892
    0.05383767
    0.04970257
   -0.12864965
    0.06051503
    0.04997975
    0.05182796
    0.12774249
   -0.38268849
   -0.12320531
    0.05016324
    0.05317600
    0.05409318
   -0.12039753
    0.03976398
    0.04717187
    0.05404470
    0.05140392
    0.04833012
   -0.06095523
   -0.00727929
    0.02360687
   -0.02430472
    0.02790759
   -0.24131851
    0.02204533
    0.20451705
