           1           2   1.30528031133901     
           2           3   1.34605474725104     
           3           4   1.48617023629025     
           4           5   1.37747011782300     
           1           6   1.38518104464597     
           3           6  0.105974521523766     
           5           6   1.46375126330914     
           6           7  0.957053233604395     
           5           8  0.968645291590788     
           3           9  0.961839188194103     
           2          10   1.09615243200956     
          10          11   1.29758253285530     
          11          12   1.38168115304383     
          12          13   1.46098408739332     
          13          14   1.38054415947734     
          10          15   1.35167903905365     
          12          15  0.104894255218078     
          14          15   1.48019435483869     
          15          16  0.961821015529295     
          13          17  0.968975452495238     
          12          18  0.947906746241729     
           1          19  0.457095535093745     
          11          19  0.451633610113070     
          19          20  0.552565387386919     
          19          21  0.725365054551513     
          21          22   1.08948050162612     
          22          23  0.943687095447474     
          23          24  0.996268315600943     
          24          25  0.982838874790782     
          24          26  0.983716886749927     
          24          27  0.983273934154414     
          23          28  0.989989015165712     
          28          29  0.984172195642443     
          28          30  0.984091309499265     
          28          31  0.985250560925767     
          23          32  0.940762394668372     
          21          33   1.10894098982209     
          32          33  0.940392505725243     
          32          34  0.990736072755387     
          34          35  0.981107415663314     
          34          36  0.983710405585095     
          34          37  0.982166869018948     
          32          38  0.996730297206908     
          38          39  0.983156788114633     
          38          40  0.982972965452690     
          38          41  0.983866383702365     
          19          42  0.866917496264826     
          42          43   1.11070024848162     
          43          44  0.937024908525004     
          44          45  0.996869525809847     
          45          46  0.982346825410872     
          45          47  0.982113510985465     
          45          48  0.983220324638598     
          44          49  0.990551663267741     
          49          50  0.983523151697157     
          49          51  0.981966849008253     
          49          52  0.980099279913024     
          44          53  0.939156179965598     
          42          54   1.10835635449302     
          53          54  0.935504828738788     
          53          55  0.995955864119617     
          55          56  0.982524247083585     
          55          57  0.982832243128574     
          55          58  0.983276476798008     
          53          59  0.991559739660277     
          59          60  0.982770081054735     
          59          61  0.983132481823925     
          59          62  0.982899808067145     
          19          63  0.866739373963574     
          63          64   1.10565826735161     
          64          65  0.938303802912101     
          65          66  0.991016189105793     
          66          67  0.979187088355248     
          66          68  0.982568528670719     
          66          69  0.983193388334407     
          65          70  0.996539772639148     
          70          71  0.982030179333828     
          70          72  0.983511519509490     
          70          73  0.982382040113577     
          65          74  0.938335806192194     
          63          75   1.11570263519838     
          74          75  0.936637204488427     
          74          76  0.996058860820148     
          76          77  0.983055886735273     
          76          78  0.982282891937570     
          76          79  0.981005970422939     
          74          80  0.990844562387044     
          80          81  0.984234400241547     
          80          82  0.983308790316902     
          80          83  0.983395342562521     
           4          84  0.968968811213343     
          14          85  0.969123991534497     
          19          86  0.590898739535832     
          20          86  0.338108967342610     
          86          87   1.47131169625710     
          86          88   1.31739144420378     
          87          89   1.26313135268611     
          88          89  0.100343677259328     
          87          90  0.966868463880550     
          87          91  0.165464498987528     
          88          91   1.51613448804501     
          89          91   1.20653076917574     
          88          92  0.965743751190246     
          89          93  0.927741311130306     
