   -0.10605852
    0.08107197
   -0.04144371
   -0.02051516
   -0.04179775
    0.04727505
    0.05747361
    0.06162553
    0.05309862
    0.07908352
   -0.11338313
    0.04085851
   -0.04277059
   -0.02184835
   -0.04320191
    0.05204282
    0.05450799
    0.07757855
   -0.15262012
    0.10032480
    0.40252800
   -0.40050839
    0.12881999
   -0.12394827
    0.05568387
    0.04657271
    0.05330580
   -0.11238247
    0.04961477
    0.04406769
    0.02930004
    0.12954914
   -0.39709890
   -0.12398629
    0.05371922
    0.04809676
    0.05125424
   -0.12190025
    0.04822715
    0.05461438
    0.04697720
    0.39636444
   -0.37945374
    0.12763678
   -0.12780607
    0.05498285
    0.05846193
    0.05117547
   -0.12420158
    0.05053892
    0.04819012
    0.05492064
    0.12707539
   -0.38311128
   -0.12582851
    0.05672823
    0.05452923
    0.05005019
   -0.12430275
    0.04141903
    0.05545871
    0.04930872
    0.39904896
   -0.37842765
    0.12442729
   -0.13256252
    0.06078227
    0.05386249
    0.05194871
   -0.13023438
    0.06031760
    0.05210442
    0.05272484
    0.12606765
   -0.37227060
   -0.12637741
    0.05228868
    0.05600792
    0.05633396
   -0.12430734
    0.04143776
    0.05240750
    0.05595212
    0.05852784
    0.05451757
    0.04634542
   -0.23292188
   -0.04748303
    0.15253466
   -0.04009343
    0.07402239
    0.13690232
   -0.17257337
    0.08327113
   -0.24052676
