           1           2   1.32328707444045     
           2           3   1.35395058562602     
           3           4   1.47795334079667     
           4           5   1.39119031317504     
           1           6   1.39218258066316     
           3           6  0.106255543957632     
           5           6   1.45503525395494     
           6           7  0.955644775770576     
           5           8  0.967709813346224     
           3           9  0.961091212571528     
           2          10   1.08151003429991     
          10          11   1.31750270468570     
          11          12   1.39605710056090     
          12          13   1.44885934409902     
          13          14   1.39653115747203     
          10          15   1.35904827758467     
          12          15  0.105504854412367     
          14          15   1.47243624320848     
          15          16  0.961096345130514     
          13          17  0.968562711646365     
          12          18  0.946406776471435     
           1          19  0.444181359898187     
          11          19  0.420377841982959     
          19          20  0.523455932745530     
          19          21  0.748253297995798     
          21          22   1.10107652700729     
          22          23  0.940132480414595     
          23          24  0.996711446366579     
          24          25  0.982399696211301     
          24          26  0.983390034848043     
          24          27  0.982973188088403     
          23          28  0.990441612215958     
          28          29  0.983773257836970     
          28          30  0.983875387726115     
          28          31  0.985291851060452     
          23          32  0.940982027170475     
          21          33   1.11770546680141     
          32          33  0.936726628741021     
          32          34  0.991008122779982     
          34          35  0.981163808412999     
          34          36  0.983426039815422     
          34          37  0.982016409649413     
          32          38  0.997213555957056     
          38          39  0.982987250219040     
          38          40  0.982580377686462     
          38          41  0.983497281009568     
          19          42  0.851638357432901     
          42          43   1.12340047016031     
          43          44  0.934047846599303     
          44          45  0.997036392392277     
          45          46  0.982182223765569     
          45          47  0.981435389585232     
          45          48  0.982880378950188     
          44          49  0.991128600343504     
          49          50  0.983172957372871     
          49          51  0.982354006404441     
          49          52  0.979466597937120     
          44          53  0.939401313392186     
          42          54   1.10988666827604     
          53          54  0.932489095467672     
          53          55  0.996590110212149     
          55          56  0.982118850347989     
          55          57  0.982712959571635     
          55          58  0.982895889466730     
          53          59  0.991636350290434     
          59          60  0.982827845212283     
          59          61  0.982760579783453     
          59          62  0.983156609751963     
          19          63  0.859278312777197     
          63          64   1.11165330448393     
          64          65  0.936098787775481     
          65          66  0.991392466174427     
          66          67  0.978270376363721     
          66          68  0.982538950544573     
          66          69  0.982774272073884     
          65          70  0.996566238266722     
          70          71  0.981938253583427     
          70          72  0.983209813214817     
          70          73  0.982117477555161     
          65          74  0.937815865931757     
          63          75   1.13090039247179     
          74          75  0.933365103723512     
          74          76  0.996105909550334     
          76          77  0.982639180660084     
          76          78  0.981929630873436     
          76          79  0.981546917655138     
          74          80  0.991648600135778     
          80          81  0.983652328238817     
          80          82  0.982839932106801     
          80          83  0.983021038546538     
           4          84  0.968112941640779     
          14          85  0.968375182742364     
          19          86  0.593230952757585     
          20          86  0.347704656273992     
          86          87   1.36147767635295     
          86          88   1.33325757468102     
          87          89   1.41966129282976     
          88          89  0.100534316685733     
          88          90   1.47710938976381     
          88          91  0.960087122965068     
          89          92   1.35776755664239     
          90          92   1.36151932563907     
          89          93  0.956633513001998     
          90          94  0.959757022132649     
          92          95  0.941341046753862     
