   -0.12192433
    0.07719189
   -0.04321207
   -0.02337003
   -0.04466787
    0.04681929
    0.05568583
    0.05295492
    0.04429934
    0.07468672
   -0.12322777
    0.04298812
   -0.04525991
   -0.02430041
   -0.04521432
    0.04250622
    0.04846985
    0.07366637
   -0.15888947
    0.07216747
    0.39989436
   -0.41123054
    0.13098991
   -0.12080361
    0.05313728
    0.04456441
    0.04977653
   -0.10896414
    0.04671287
    0.04031761
    0.03009187
    0.13091405
   -0.40534324
   -0.11806186
    0.04649716
    0.04707934
    0.04766228
   -0.11884080
    0.04611538
    0.05319317
    0.04479616
    0.39973779
   -0.37702616
    0.12729616
   -0.12710154
    0.05567458
    0.05729231
    0.04838751
   -0.12314952
    0.04766606
    0.04860722
    0.05093166
    0.12798328
   -0.38605588
   -0.12251753
    0.05076881
    0.05270202
    0.04807250
   -0.12227281
    0.04508685
    0.05132112
    0.04917241
    0.39951029
   -0.37727006
    0.12649333
   -0.12461151
    0.04923519
    0.05559768
    0.05090067
   -0.13059090
    0.06139272
    0.05087355
    0.05619096
    0.12788790
   -0.38679029
   -0.12492079
    0.05098832
    0.05342209
    0.05398801
   -0.12359469
    0.04137042
    0.05130201
    0.05464719
    0.04976044
    0.04692206
   -0.03849522
   -0.04165890
    0.03383918
   -0.05074587
    0.01305064
   -0.10250700
   -0.01923138
   -0.05188412
    0.01288871
   -0.00098634
    0.20866291
   -0.08670001
    0.01919418
    0.03722206
    0.02220175
