           1           2   1.30848163540925     
           2           3   1.34746008434648     
           3           4   1.48496056829643     
           4           5   1.37960869305006     
           1           6   1.38669884556750     
           3           6  0.106171603558941     
           5           6   1.46240351370440     
           6           7  0.955639459009678     
           5           8  0.968800516695245     
           3           9  0.961581871314920     
           2          10   1.09407474436692     
          10          11   1.30437836952484     
          11          12   1.38747326517394     
          12          13   1.45789578600620     
          13          14   1.38310716740835     
          10          15   1.35050035229835     
          12          15  0.105427861908720     
          14          15   1.48107910109385     
          15          16  0.961626590850889     
          13          17  0.969245672608071     
          12          18  0.948461383300419     
           1          19  0.447271456065739     
          11          19  0.438347848153441     
          19          20  0.531585860618211     
          19          21  0.712866521689613     
          21          22   1.08913765300588     
          22          23  0.943758358950948     
          23          24  0.996439762622173     
          24          25  0.982676835842035     
          24          26  0.983662274493909     
          24          27  0.983399963929826     
          23          28  0.989919844442119     
          28          29  0.984056059465544     
          28          30  0.983956878387068     
          28          31  0.985240423858724     
          23          32  0.940851703890553     
          21          33   1.10840062523408     
          32          33  0.940784849628920     
          32          34  0.990617546908914     
          34          35  0.983345620193240     
          34          36  0.983759378013737     
          34          37  0.983140165021324     
          32          38  0.996470271603365     
          38          39  0.983155310615457     
          38          40  0.982369818627522     
          38          41  0.983711501021663     
          19          42  0.860650774096691     
          42          43   1.11920596778090     
          43          44  0.939153304166150     
          44          45  0.996144285104198     
          45          46  0.980234360517136     
          45          47  0.981872089251228     
          45          48  0.983500294946523     
          44          49  0.990697450576319     
          49          50  0.983359947521986     
          49          51  0.981832055947128     
          49          52  0.980189098766319     
          44          53  0.938391705518389     
          42          54   1.10526596439338     
          53          54  0.935707799985018     
          53          55  0.996229916518644     
          55          56  0.982702807556802     
          55          57  0.982921618595074     
          55          58  0.983203046744010     
          53          59  0.991596308346895     
          59          60  0.982221346961193     
          59          61  0.983152406521107     
          59          62  0.983016907560399     
          19          63  0.876420258501183     
          63          64   1.09898828196271     
          64          65  0.935022519183984     
          65          66  0.991616241762127     
          66          67  0.981539802322622     
          66          68  0.981672362635160     
          66          69  0.983178173212042     
          65          70  0.996773423069141     
          70          71  0.981859988572086     
          70          72  0.983121138822818     
          70          73  0.981944139561801     
          65          74  0.939467514308236     
          63          75   1.11019524257466     
          74          75  0.935345792014497     
          74          76  0.996703748452144     
          76          77  0.982881450842436     
          76          78  0.982778575429454     
          76          79  0.981784723531354     
          74          80  0.991014319137654     
          80          81  0.983213024138310     
          80          82  0.983073171758206     
          80          83  0.982996661828524     
           4          84  0.969083591686891     
          14          85  0.969195888507384     
          19          86  0.593085200252530     
          20          86  0.336165732513774     
          86          87   1.44730174928422     
          86          88   1.28892892141711     
          87          89   1.35173923668991     
          87          90  0.964575054853115     
          88          91   1.19637256249220     
          88          92   1.23677781596819     
          86          93  0.100766392752993     
          89          93   1.50942973085373     
          92          93   1.31240238028766     
          89          94  0.970533783102951     
          91          95   1.23036507158378     
          91          96  0.902970290427057     
          92          97   1.23840498567668     
          95          97   1.58186591976782     
          93          98  0.969243252344453     
          95          99  0.968948872320336     
          97         100  0.974078531094386     
