   -0.12161006
    0.07807690
   -0.04178195
   -0.02139437
   -0.04252303
    0.04879825
    0.05357645
    0.05733925
    0.04720944
    0.07415158
   -0.12630165
    0.04286490
   -0.04391819
   -0.02298497
   -0.04504931
    0.04761554
    0.05190546
    0.07525486
   -0.15440820
    0.08974311
    0.40203890
   -0.40930373
    0.13032163
   -0.12169967
    0.05413688
    0.04530448
    0.05080118
   -0.10886760
    0.04776692
    0.04102585
    0.02745635
    0.13065663
   -0.40218896
   -0.12034882
    0.04871986
    0.04695637
    0.05047424
   -0.12012180
    0.04716634
    0.05353905
    0.04545683
    0.40402588
   -0.38226782
    0.12848101
   -0.12640205
    0.05522320
    0.05663578
    0.05017845
   -0.12242456
    0.04908420
    0.04622383
    0.05354178
    0.12767256
   -0.38291820
   -0.12432677
    0.05422775
    0.05412580
    0.04888799
   -0.12326238
    0.04408187
    0.05336955
    0.04935633
    0.39935302
   -0.37750965
    0.12476855
   -0.13114894
    0.05998261
    0.05390321
    0.05038949
   -0.12912465
    0.06018141
    0.05110564
    0.05148948
    0.12627781
   -0.37885634
   -0.12442846
    0.05103618
    0.05341293
    0.05492759
   -0.12315171
    0.04085288
    0.05124730
    0.05466675
    0.05430281
    0.05158630
   -0.02504020
   -0.04054590
   -0.03981197
    0.01681087
    0.02703269
   -0.04768557
    0.04904318
    0.06278709
   -0.15116522
    0.05177922
   -0.26335256
    0.13110550
   -0.13280423
    0.07797187
    0.07715501
    0.08208685
