           1           2   1.31361360381767     
           2           3   1.35099532943361     
           3           4   1.48076233789252     
           4           5   1.38524138495771     
           1           6   1.38866095307340     
           3           6  0.105777571647035     
           5           6   1.45861474318481     
           6           7  0.956789672952054     
           5           8  0.968279943000467     
           3           9  0.961921328005198     
           2          10   1.08800658902154     
          10          11   1.30764703057930     
          11          12   1.38906316870293     
          12          13   1.45527878443667     
          13          14   1.38780114219753     
          10          15   1.35493925480239     
          12          15  0.105292363317526     
          14          15   1.47702302937503     
          15          16  0.961770347096051     
          13          17  0.968854248085677     
          12          18  0.947745038466993     
           1          19  0.435895639201967     
          11          19  0.428844848258881     
          19          20  0.529872388943514     
          19          21  0.731860715719794     
          21          22   1.08965879213652     
          22          23  0.942660979627020     
          23          24  0.996611577950444     
          24          25  0.982645378155450     
          24          26  0.983574538999774     
          24          27  0.983276231283730     
          23          28  0.989836183817984     
          28          29  0.984025273975266     
          28          30  0.984053035515568     
          28          31  0.985382948456021     
          23          32  0.941350954231690     
          21          33   1.11222301459208     
          32          33  0.938908755691702     
          32          34  0.990812001526433     
          34          35  0.982802314604484     
          34          36  0.983659516461775     
          34          37  0.982250130185412     
          32          38  0.996860029957828     
          38          39  0.983172666924315     
          38          40  0.982700345539067     
          38          41  0.983664543934853     
          19          42  0.857617425889046     
          42          43   1.11969645495544     
          43          44  0.934949615370508     
          44          45  0.996880842527311     
          45          46  0.982191944653512     
          45          47  0.981674910423439     
          45          48  0.982968829017271     
          44          49  0.991046862327224     
          49          50  0.983323471621203     
          49          51  0.982580870602771     
          49          52  0.979255017564738     
          44          53  0.939159908587940     
          42          54   1.10799404532270     
          53          54  0.933878936103361     
          53          55  0.996357672293874     
          55          56  0.982443260798934     
          55          57  0.982785883817969     
          55          58  0.983082266753488     
          53          59  0.991570398594195     
          59          60  0.982013489973971     
          59          61  0.982913406550301     
          59          62  0.983083927405720     
          19          63  0.868802991020101     
          63          64   1.11377745689861     
          64          65  0.937919880640825     
          65          66  0.991380318547104     
          66          67  0.978146042829739     
          66          68  0.982530685512069     
          66          69  0.982936067694206     
          65          70  0.996290684306075     
          70          71  0.981961727324548     
          70          72  0.983352696291989     
          70          73  0.982225533348534     
          65          74  0.936874747490339     
          63          75   1.12023273668020     
          74          75  0.936055442654558     
          74          76  0.995447107717505     
          76          77  0.982901170175311     
          76          78  0.982337942788168     
          76          79  0.981630470873974     
          74          80  0.991626736310682     
          80          81  0.983776251310318     
          80          82  0.983037562833575     
          80          83  0.983194476133413     
           4          84  0.968622736540507     
          14          85  0.968757816658789     
          19          86  0.589406811238515     
          20          86  0.351183516705950     
          86          87   1.40234221969226     
          86          88   1.33610457862169     
          87          89   1.38868799773097     
          87          90  0.962497798674632     
          88          91   1.49618115649393     
          88          92  0.959877873803972     
          89          93   1.27355362849840     
          91          93   1.32417975246353     
          89          94   1.09206963216665     
          91          95  0.964369488175489     
          93          96   1.17414248469750     
          94          96  0.162638173682666     
          94          97   1.05524527223988     
          96          97   1.68792206544519     
          97          98   1.04342484899074     
          98          99  0.960629587476739     
          98         100  0.962154865549289     
          98         101  0.974415709314897     
