   -0.12451143
    0.07961197
   -0.04109679
   -0.02211153
   -0.04335899
    0.04768385
    0.05187828
    0.05554878
    0.04696798
    0.07431815
   -0.11776823
    0.04178496
   -0.04522021
   -0.02516540
   -0.04498681
    0.04772716
    0.05083978
    0.07246337
   -0.15152943
    0.08525762
    0.40368165
   -0.40850676
    0.13054169
   -0.12173210
    0.05380989
    0.04546212
    0.05160815
   -0.11006778
    0.04804038
    0.04279089
    0.02864421
    0.13122003
   -0.40483356
   -0.11933077
    0.04939375
    0.04695334
    0.04795534
   -0.11905558
    0.04725151
    0.05145159
    0.04576132
    0.40743395
   -0.38114072
    0.12910500
   -0.12036962
    0.05037085
    0.05452820
    0.04692495
   -0.12055419
    0.04853173
    0.04547151
    0.05317135
    0.12809889
   -0.38336682
   -0.12335583
    0.05380455
    0.05413466
    0.04815839
   -0.11647804
    0.03730573
    0.04839935
    0.04956020
    0.40065777
   -0.37815425
    0.12586380
   -0.12554778
    0.05578102
    0.05071591
    0.04841806
   -0.12880778
    0.05883689
    0.05010757
    0.05324096
    0.12686178
   -0.38451371
   -0.12326850
    0.05012830
    0.05290027
    0.05333289
   -0.12321752
    0.04051074
    0.05162081
    0.05419265
    0.05266297
    0.05047400
   -0.03047562
    0.02364870
   -0.03572187
   -0.04517177
   -0.11445185
   -0.01648242
    0.05396600
   -0.04141673
    0.04551956
    0.05196021
    0.05677468
    0.04311418
    0.22205359
    0.05417599
   -0.31912866
   -0.25304537
    0.06033268
    0.11570937
   -0.04918209
   -0.05781758
   -0.04242014
    0.05649014
   -0.04118630
    0.05388248
    0.05213350
    0.05483598
