           1           2   1.30401784356447     
           2           3   1.35228630274255     
           3           4   1.48049334493347     
           4           5   1.38334955242707     
           1           6   1.38626342024917     
           3           6  0.105022572006649     
           5           6   1.45985728834989     
           6           7  0.956956376916073     
           5           8  0.968512011018121     
           3           9  0.961843250406555     
           2          10   1.09121714693015     
          10          11   1.29948867195324     
          11          12   1.38361522022541     
          12          13   1.45815819681954     
          13          14   1.38433471453257     
          10          15   1.35517711212913     
          12          15  0.104661464349841     
          14          15   1.47716128057849     
          15          16  0.961678591528045     
          13          17  0.968956197974594     
          12          18  0.949450235251207     
           1          19  0.437325300834323     
          11          19  0.452456815108288     
          19          20  0.534514492786601     
          19          21  0.715938390527385     
          21          22   1.09165166243570     
          22          23  0.941754024257725     
          23          24  0.996720764760580     
          24          25  0.982605980364176     
          24          26  0.983554738732359     
          24          27  0.983135934311181     
          23          28  0.990000391132531     
          28          29  0.983900402758730     
          28          30  0.983709145976491     
          28          31  0.985255083042674     
          23          32  0.941249656129621     
          21          33   1.11111978860014     
          32          33  0.938417981304349     
          32          34  0.990924201584229     
          34          35  0.982361999695093     
          34          36  0.983603669910816     
          34          37  0.982246727372222     
          32          38  0.996732038572304     
          38          39  0.983136861070747     
          38          40  0.982496239805321     
          38          41  0.983591271325505     
          19          42  0.837483537952905     
          42          43   1.12121405189312     
          43          44  0.937307939678353     
          44          45  0.995641933495255     
          45          46  0.980845451579140     
          45          47  0.981517536288558     
          45          48  0.983327570853816     
          44          49  0.991322424198107     
          49          50  0.983192713538255     
          49          51  0.982821862864121     
          49          52  0.979142003534600     
          44          53  0.936757015335904     
          42          54   1.10849913827488     
          53          54  0.936301021834013     
          53          55  0.995471524952456     
          55          56  0.982182534990656     
          55          57  0.982720374288576     
          55          58  0.983048964830578     
          53          59  0.992134987189850     
          59          60  0.981612846924745     
          59          61  0.983169877201917     
          59          62  0.983028672339670     
          19          63  0.854472580531213     
          63          64   1.11428078881738     
          64          65  0.939293961818431     
          65          66  0.991275488615054     
          66          67  0.978669825690376     
          66          68  0.982876858945404     
          66          69  0.983277767963603     
          65          70  0.996079739533769     
          70          71  0.982205293050111     
          70          72  0.983498950190172     
          70          73  0.982152829707473     
          65          74  0.937847299754458     
          63          75   1.10996034556869     
          74          75  0.936745736104197     
          74          76  0.996086625001076     
          76          77  0.982961434467069     
          76          78  0.982293715485863     
          76          79  0.982387355290964     
          74          80  0.991113642757462     
          80          81  0.983434042159588     
          80          82  0.983093285453128     
          80          83  0.983273742854544     
           4          84  0.968845416448050     
          14          85  0.968929739353931     
          19          86  0.590855174397260     
          20          86  0.342091168149235     
          86          87   1.36063183931367     
          86          88   1.38923501612250     
          87          89   1.37658419130547     
          87          90   1.02446768385535     
          88          91   1.37670191896381     
          88          92  0.955361303584098     
          89          93   1.48197534268531     
          91          93   1.33271380318952     
          89          94  0.965827793040215     
          90          95  0.975513224028009     
          90          96  0.970412286748638     
          90          97  0.967066159287791     
          91          98   1.09012619705434     
          93          99  0.966810744447545     
          98         100   1.56625677927259     
          98         101   1.06807977306646     
         100         102   1.19026353542165     
         101         103   1.06157095425828     
         102         103   1.26747816121838     
         102         104   1.33866485821233     
         103         105   1.37169731768149     
         104         105  0.112790162373646     
         104         106   1.48475710069444     
         104         107  0.967451775906455     
         105         108   1.46278256560927     
         106         108   1.39801017510125     
         105         109  0.966471959664997     
         106         110  0.969550973974540     
         108         111  0.969647300306096     
