           1           2   1.52086240722482     
           2           3   1.34943986686733     
           1           4  0.131266991714503     
           3           4   1.52112755091106     
           1           5   1.22871385697761     
           4           5   1.22833343085921     
           5           6  0.990232913427594     
           6           7  0.981202071829858     
           7           8  0.902754047180600     
           7           9  0.900432824137097     
           7          10  0.889018234291449     
           1          11  0.970445540691211     
           2          12  0.974079185494590     
           3          13  0.974077912922895     
           4          14  0.970188770391212     
           8          15  0.983667258269918     
           8          16  0.982727781336737     
           8          17  0.989242956348672     
           9          18  0.982910274498083     
           9          19  0.989178894749719     
           9          20  0.982582458853739     
          10          21  0.985052448662301     
          10          22  0.984594299018576     
          10          23  0.994957032211053     
