   -0.12519308
    0.07538147
   -0.04341318
   -0.02213108
   -0.04395435
    0.04881164
    0.05438304
    0.05641020
    0.04563672
    0.07144165
   -0.13089353
    0.04223065
   -0.04480579
   -0.02489399
   -0.04517454
    0.04511169
    0.05088078
    0.07545623
   -0.15361666
    0.08994922
    0.40458474
   -0.40540617
    0.12980246
   -0.12230692
    0.05487701
    0.04532040
    0.05185907
   -0.10876201
    0.04783948
    0.04128646
    0.02618248
    0.13064068
   -0.40419952
   -0.12180226
    0.05081416
    0.04699175
    0.05114555
   -0.12077729
    0.04613169
    0.05491537
    0.04577490
    0.40819652
   -0.37536711
    0.12775487
   -0.12816648
    0.05935546
    0.05648745
    0.05072853
   -0.12230702
    0.04964433
    0.04796810
    0.05079917
    0.12780224
   -0.38294281
   -0.12532029
    0.05373165
    0.05466808
    0.04966518
   -0.12709066
    0.05336401
    0.05401570
    0.04740523
    0.40219638
   -0.37361950
    0.12429902
   -0.13377427
    0.06208001
    0.05576640
    0.05177100
   -0.12963870
    0.06090432
    0.05143021
    0.05163375
    0.12604450
   -0.37531878
   -0.12565022
    0.05155472
    0.05311511
    0.05783024
   -0.12330869
    0.04073029
    0.05049759
    0.05499339
    0.05257753
    0.04865798
    0.05418750
   -0.06255301
   -0.26590624
    0.08740179
    0.03591609
    0.12832921
   -0.22600526
   -0.04335039
   -0.12275006
   -0.08517294
    0.05451133
    0.20996507
    0.03379356
   -0.13409184
    0.06896336
    0.06550758
    0.06956068
