           1           2   1.31147402184315     
           2           3   1.34659285586018     
           3           4   1.48500026063567     
           4           5   1.38115492911013     
           1           6   1.38986007645324     
           3           6  0.106110781714097     
           5           6   1.46017861293734     
           6           7  0.956923449356940     
           5           8  0.968416620790057     
           3           9  0.961904108374483     
           2          10   1.09364878865811     
          10          11   1.30047758250962     
          11          12   1.38230277379619     
          12          13   1.46086100456774     
          13          14   1.38132813393221     
          10          15   1.35176350417200     
          12          15  0.105093319176209     
          14          15   1.47981949846392     
          15          16  0.961778834848253     
          13          17  0.968944212639252     
          12          18  0.947478714806408     
           1          19  0.434614775733353     
          11          19  0.427987015415537     
          19          20  0.526471843019315     
          19          21  0.727975189633972     
          21          22   1.09578027936582     
          22          23  0.941500293221975     
          23          24  0.996612611470493     
          24          25  0.982556764604384     
          24          26  0.983542738489988     
          24          27  0.983190749976984     
          23          28  0.989934389218793     
          28          29  0.984054052610559     
          28          30  0.984093312055594     
          28          31  0.984883067297371     
          23          32  0.941450044992248     
          21          33   1.10802856286413     
          32          33  0.938490435769823     
          32          34  0.990800925184486     
          34          35  0.982403112265716     
          34          36  0.983644014002116     
          34          37  0.981976512977332     
          32          38  0.997056554586203     
          38          39  0.983206472908327     
          38          40  0.982625674694742     
          38          41  0.983675641252828     
          19          42  0.853041966844839     
          42          43   1.13077104039245     
          43          44  0.933729089652059     
          44          45  0.996734874041844     
          45          46  0.981735576192845     
          45          47  0.982020912433091     
          45          48  0.982947528946627     
          44          49  0.990789313919837     
          49          50  0.983470237905435     
          49          51  0.982645019102092     
          49          52  0.980735550516420     
          44          53  0.940459476133160     
          42          54   1.10511886746302     
          53          54  0.931979437990601     
          53          55  0.997256640914981     
          55          56  0.982583973289565     
          55          57  0.982829875123339     
          55          58  0.983066453202441     
          53          59  0.991059317704214     
          59          60  0.980657296790218     
          59          61  0.983069303774071     
          59          62  0.983420776579104     
          19          63  0.865021521036998     
          63          64   1.11983621463917     
          64          65  0.936441984991185     
          65          66  0.991275880083304     
          66          67  0.978195516501039     
          66          68  0.982392523687446     
          66          69  0.982933312486602     
          65          70  0.996498610253833     
          70          71  0.981973692061653     
          70          72  0.983343537998522     
          70          73  0.982307702681361     
          65          74  0.937347490846720     
          63          75   1.11961602920975     
          74          75  0.935884997819229     
          74          76  0.995576928978853     
          76          77  0.982958397072654     
          76          78  0.982466119327329     
          76          79  0.981821871504233     
          74          80  0.991177026322326     
          80          81  0.984004827762335     
          80          82  0.983129269472991     
          80          83  0.983285298505975     
           4          84  0.968806218832158     
          14          85  0.969093598409694     
          19          86  0.589257881619028     
          20          86  0.343353658148450     
          86          87   1.30155148902587     
          86          88   1.42069070367287     
          87          89   1.46705613236442     
          87          90  0.962124642168489     
          88          91   1.34356832504341     
          89          92  0.929185635943974     
          89          93   1.31274928519374     
          91          93   1.19476085995043     
          91          94   1.20082365701197     
          93          95   1.23367701313623     
          94          96   1.17388022052555     
          95          96   1.56936632609812     
          94          97  0.925323004158230     
          95          98  0.972709730967934     
          96          99   1.03431133380973     
          99         100  0.966691091257767     
          99         101  0.982008276478812     
          99         102  0.967614089477284     
