   -0.12507669
    0.07450715
   -0.04459231
   -0.02332225
   -0.04564359
    0.04774743
    0.05153222
    0.05289015
    0.04325848
    0.07092174
   -0.13621615
    0.04125638
   -0.04652046
   -0.02636258
   -0.04588670
    0.04064616
    0.04629848
    0.07472350
   -0.15082746
    0.08961632
    0.40534735
   -0.40816868
    0.13024799
   -0.12062586
    0.05308289
    0.04389368
    0.05076723
   -0.10789113
    0.04629298
    0.04074658
    0.02659416
    0.13120766
   -0.40742532
   -0.12124019
    0.05261246
    0.04496335
    0.04937750
   -0.11895492
    0.04512981
    0.05284461
    0.04451162
    0.40278680
   -0.38762713
    0.12891882
   -0.12670021
    0.05656257
    0.05550410
    0.04875787
   -0.12102031
    0.04686637
    0.04594735
    0.05191840
    0.12756288
   -0.38196435
   -0.12349086
    0.05191795
    0.05335861
    0.04765155
   -0.12505439
    0.04901277
    0.05170143
    0.05077246
    0.40287822
   -0.37411268
    0.12482714
   -0.13165352
    0.05804459
    0.05632895
    0.05065282
   -0.12948997
    0.06086417
    0.05025706
    0.05292942
    0.12728892
   -0.38013750
   -0.12454798
    0.05073185
    0.05242759
    0.05628795
   -0.12181456
    0.04019630
    0.04835998
    0.05429040
    0.04924545
    0.04415757
   -0.02727588
   -0.03066955
    0.01432366
   -0.04458049
    0.02150268
   -0.04666054
   -0.13499168
   -0.04435696
    0.01723756
    0.02997039
    0.06328823
    0.04531389
    0.06916414
    0.02407615
