           1           2   1.30702336336554     
           2           3   1.34271994166142     
           3           4   1.48904982567972     
           4           5   1.37550598528519     
           1           6   1.38666499703610     
           3           6  0.106315227509670     
           5           6   1.46432269929178     
           6           7  0.956945378199140     
           5           8  0.968820205284810     
           3           9  0.962313016752013     
           2          10   1.09819591881271     
          10          11   1.29843941860435     
          11          12   1.38161368683612     
          12          13   1.46327423429391     
          13          14   1.37753994862129     
          10          15   1.34837877246444     
          12          15  0.105403200244010     
          14          15   1.48251643226392     
          15          16  0.962367625569536     
          13          17  0.969447231750054     
          12          18  0.947767443803189     
           1          19  0.444166986880291     
          11          19  0.408379905706846     
          19          20  0.526447109562977     
          19          21  0.706040111698808     
          21          22   1.09347250221142     
          22          23  0.942926059567844     
          23          24  0.996326716495111     
          24          25  0.982706999845634     
          24          26  0.983704665589833     
          24          27  0.983268520556966     
          23          28  0.990043943578852     
          28          29  0.984107402142566     
          28          30  0.984072948112686     
          28          31  0.984705286670182     
          23          32  0.940958442604481     
          21          33   1.10404675753503     
          32          33  0.939674912132735     
          32          34  0.990838969886293     
          34          35  0.981091288856285     
          34          36  0.983712157558971     
          34          37  0.981954004734000     
          32          38  0.996858226033948     
          38          39  0.983260912861559     
          38          40  0.982704156980760     
          38          41  0.983801359502796     
          19          42  0.862230144915474     
          42          43   1.10324549691211     
          43          44  0.937405000518817     
          44          45  0.996362776931474     
          45          46  0.981553311961536     
          45          47  0.981955904913759     
          45          48  0.983292986037341     
          44          49  0.990973094153723     
          49          50  0.983543873336598     
          49          51  0.982989813373398     
          49          52  0.979298603665272     
          44          53  0.938782208550534     
          42          54   1.10888011918728     
          53          54  0.934938522657422     
          53          55  0.996127537042796     
          55          56  0.982657180880276     
          55          57  0.982871671467183     
          55          58  0.983262793657360     
          53          59  0.991439632460954     
          59          60  0.981956101327638     
          59          61  0.983160622629887     
          59          62  0.982933617725265     
          19          63  0.883392870655398     
          63          64   1.11224523464978     
          64          65  0.937755435709341     
          65          66  0.991105281115683     
          66          67  0.979141453606585     
          66          68  0.982075054934571     
          66          69  0.983057629198661     
          65          70  0.996832039838980     
          70          71  0.981991042304051     
          70          72  0.983329400826133     
          70          73  0.982315215777085     
          65          74  0.938672349358937     
          63          75   1.11455433623528     
          74          75  0.935784526082745     
          74          76  0.996175837300756     
          76          77  0.982893101080253     
          76          78  0.982304025047380     
          76          79  0.982082215528306     
          74          80  0.990880804158085     
          80          81  0.983981115205854     
          80          82  0.983350170381833     
          80          83  0.983328736765462     
           4          84  0.969128115115759     
          14          85  0.969467449683049     
          19          86  0.579418540690775     
          20          86  0.354495590524668     
          86          87   1.39637775577180     
          86          88   1.35488058784822     
          87          89   1.42751482905788     
          88          89  0.104165714961497     
          87          90  0.959728540780735     
          87          91  0.101771080855495     
          88          91   1.41640387162668     
          88          92   1.02551967905331     
          86          93  0.100438531772814     
          89          93   1.43637259331375     
          91          93   1.43111726882746     
          89          94  0.970218052585495     
          91          95  0.966808413676689     
          92          96  0.963245053244466     
          92          97  0.984221016066309     
          92          98  0.955235007784985     
          93          99  0.970728573959352     
