   -0.12154118
    0.07703202
   -0.04285886
   -0.02154230
   -0.04307475
    0.04829701
    0.05337192
    0.05743974
    0.04864564
    0.07320879
   -0.12814222
    0.04190863
   -0.04431018
   -0.02402487
   -0.04482655
    0.04767067
    0.05264121
    0.07570971
   -0.15146899
    0.08918373
    0.40335493
   -0.40774421
    0.13006244
   -0.12172357
    0.05372544
    0.04537754
    0.05156631
   -0.10961131
    0.04818155
    0.04216446
    0.02775305
    0.13083157
   -0.40314725
   -0.12103686
    0.05125321
    0.04642360
    0.04975493
   -0.12011689
    0.04707338
    0.05340216
    0.04577150
    0.40332090
   -0.38480538
    0.12949458
   -0.12465184
    0.05538213
    0.05560981
    0.04988924
   -0.12149188
    0.04870303
    0.04575374
    0.05250626
    0.12818976
   -0.38438975
   -0.12395802
    0.05387724
    0.05403438
    0.04868726
   -0.11871602
    0.04269698
    0.05352573
    0.04831760
    0.40268443
   -0.37950637
    0.12545075
   -0.12932309
    0.05821655
    0.05406100
    0.05022346
   -0.12881369
    0.06042376
    0.05096521
    0.05172174
    0.12714414
   -0.37931781
   -0.12413155
    0.05126623
    0.05398988
    0.05481000
   -0.12224528
    0.04052413
    0.04996774
    0.05502717
    0.05474281
    0.05153768
   -0.02227368
   -0.03138173
   -0.04013925
   -0.03727920
    0.03146642
    0.05110795
    0.05170780
   -0.04684615
    0.03836278
   -0.16837375
    0.04561903
