           1           2   1.31294992085028     
           2           3   1.34909124025330     
           3           4   1.48272224351268     
           4           5   1.38381200923058     
           1           6   1.38941502013695     
           3           6  0.105945854972647     
           5           6   1.45929251756257     
           6           7  0.956949248485845     
           5           8  0.968269928810688     
           3           9  0.961511036921077     
           2          10   1.09055913020135     
          10          11   1.30427473193581     
          11          12   1.38602099679321     
          12          13   1.45714352881083     
          13          14   1.38622756996968     
          10          15   1.35470777590389     
          12          15  0.104983308825716     
          14          15   1.47714677027225     
          15          16  0.961450740193680     
          13          17  0.968772928236172     
          12          18  0.947787327643099     
           1          19  0.439440770653701     
          11          19  0.429685096260416     
          19          20  0.536808445928497     
          19          21  0.724811353213270     
          21          22   1.09340567516532     
          22          23  0.941635239010867     
          23          24  0.996613295703809     
          24          25  0.982649183342531     
          24          26  0.983499282863054     
          24          27  0.983170436226512     
          23          28  0.990211542733511     
          28          29  0.983963572982268     
          28          30  0.983984143954276     
          28          31  0.985194114211883     
          23          32  0.941208211990923     
          21          33   1.11268276949869     
          32          33  0.938025781034945     
          32          34  0.990959593509623     
          34          35  0.981473939607999     
          34          36  0.983557046665110     
          34          37  0.982006627621296     
          32          38  0.997033283290038     
          38          39  0.983094655763982     
          38          40  0.982724848161268     
          38          41  0.983631872443016     
          19          42  0.856048697960002     
          42          43   1.11788933913623     
          43          44  0.934562484205214     
          44          45  0.997119954353547     
          45          46  0.981878423242962     
          45          47  0.981747027932612     
          45          48  0.982950883537796     
          44          49  0.991036513594054     
          49          50  0.983336023793300     
          49          51  0.982441070287103     
          49          52  0.979372970471306     
          44          53  0.939262173959503     
          42          54   1.10933491207822     
          53          54  0.932868621308166     
          53          55  0.996180742061279     
          55          56  0.982445872577102     
          55          57  0.982822734081906     
          55          58  0.983031579360710     
          53          59  0.991959246903038     
          59          60  0.980476696384310     
          59          61  0.982775674083299     
          59          62  0.983127120826105     
          19          63  0.861645499628516     
          63          64   1.11094784541793     
          64          65  0.936845207471866     
          65          66  0.991481171877908     
          66          67  0.978738436791134     
          66          68  0.982459245888762     
          66          69  0.982949290194925     
          65          70  0.996540800367313     
          70          71  0.981947334464481     
          70          72  0.983315997048058     
          70          73  0.982256504403973     
          65          74  0.937731951792025     
          63          75   1.12240202850492     
          74          75  0.934704486930857     
          74          76  0.996038239371249     
          76          77  0.982785138108111     
          76          78  0.982135550708583     
          76          79  0.981469336850509     
          74          80  0.991469698076510     
          80          81  0.983932243597120     
          80          82  0.983103737635288     
          80          83  0.983160788973315     
           4          84  0.968581837661762     
          14          85  0.968775963248309     
          19          86  0.588457783136940     
          20          86  0.346081882297138     
          86          87   1.38409832321786     
          86          88   1.36549564695177     
          87          89   1.43809315124263     
          88          89  0.104278104120943     
          87          90  0.963390242549057     
          88          91   1.44522954259036     
          88          92  0.959841378332562     
          89          93   1.42686402775343     
          91          93   1.41314559040611     
          89          94  0.966806758799832     
          91          95  0.934312506756582     
          93          96  0.969487958549004     
