   -0.12156796
    0.08146534
   -0.04224383
   -0.02083058
   -0.04278625
    0.05049502
    0.05126948
    0.05856128
    0.04794088
    0.07779046
   -0.13026393
    0.04198875
   -0.04463024
   -0.02456979
   -0.04468018
    0.04737678
    0.05290825
    0.07231665
   -0.13523157
    0.09107981
    0.41081589
   -0.40803795
    0.13062035
   -0.12162038
    0.05471500
    0.04611555
    0.05229195
   -0.10894074
    0.04926091
    0.04239753
    0.02511668
    0.13218753
   -0.41037740
   -0.12206429
    0.05294566
    0.04717804
    0.05117227
   -0.11920440
    0.04442647
    0.05400339
    0.04693620
    0.41058934
   -0.37908106
    0.12970019
   -0.13219837
    0.06420730
    0.05676906
    0.05447621
   -0.12025755
    0.04934867
    0.04971091
    0.04856569
    0.12911120
   -0.39439895
   -0.12122462
    0.04556113
    0.05070280
    0.04997545
   -0.12779294
    0.05892349
    0.05334419
    0.05127527
    0.40707294
   -0.37367051
    0.12625828
   -0.13481811
    0.05657028
    0.06512091
    0.05451175
   -0.13120774
    0.06616915
    0.05229503
    0.05169742
    0.12789442
   -0.38438467
   -0.12520888
    0.05304641
    0.05211402
    0.05769144
   -0.12161584
    0.03822839
    0.04991566
    0.05599989
    0.05560269
    0.05186125
   -0.05905045
    0.15842627
    0.06919392
   -0.06086978
   -0.25929919
   -0.15047318
   -0.04791550
   -0.04354609
    0.05826203
    0.07782707
    0.06266668
