           1           2   1.31994124213501     
           2           3   1.35061142877365     
           3           4   1.48119214109893     
           4           5   1.38800042126355     
           1           6   1.39353268579692     
           3           6  0.106300454594946     
           5           6   1.45614613684211     
           6           7  0.957238993802026     
           5           8  0.968157017815788     
           3           9  0.961530677355339     
           2          10   1.08930124842455     
          10          11   1.30636550002444     
          11          12   1.38189914633973     
          12          13   1.45887608747812     
          13          14   1.38661136245618     
          10          15   1.35651638567566     
          12          15  0.104801710798447     
          14          15   1.47549697828892     
          15          16  0.961406391169231     
          13          17  0.968697256557737     
          12          18  0.947629233353202     
           1          19  0.420766713862239     
          11          19  0.417556053296130     
          19          20  0.559399850813128     
          19          21  0.714733948388169     
          21          22   1.10179228265187     
          22          23  0.939212120049644     
          23          24  0.996671254263927     
          24          25  0.982434408085079     
          24          26  0.983366000494072     
          24          27  0.983073209637240     
          23          28  0.990565704602637     
          28          29  0.983791863282920     
          28          30  0.983982637273719     
          28          31  0.984558891947221     
          23          32  0.941237810870814     
          21          33   1.10630895044219     
          32          33  0.935913526119846     
          32          34  0.991450470273894     
          34          35  0.981048704348435     
          34          36  0.983383242021003     
          34          37  0.980843031583368     
          32          38  0.997394517200247     
          38          39  0.983285315775514     
          38          40  0.982301440655959     
          38          41  0.983450153917625     
          19          42  0.845261274522343     
          42          43   1.14063013909671     
          43          44  0.933847852584241     
          44          45  0.995190729002998     
          45          46  0.978180878364820     
          45          47  0.981218348823007     
          45          48  0.982148148500241     
          44          49  0.992357013317204     
          49          50  0.982833985660578     
          49          51  0.982329871382423     
          49          52  0.979772294674848     
          44          53  0.935940519892965     
          42          54   1.09703167936124     
          53          54  0.931542551392668     
          53          55  0.994325306404666     
          55          56  0.982935188959481     
          55          57  0.982920555199093     
          55          58  0.982633187942674     
          53          59  0.994119339270013     
          59          60  0.977976171776414     
          59          61  0.982224786335640     
          59          62  0.982688266284741     
          19          63  0.846478647551932     
          63          64   1.11964831514438     
          64          65  0.931645334886682     
          65          66  0.992043588256811     
          66          67  0.979672227283142     
          66          68  0.979141325235252     
          66          69  0.982338675540078     
          65          70  0.997174110726165     
          70          71  0.981235909230496     
          70          72  0.983064436723806     
          70          73  0.982293755959498     
          65          74  0.939198523600135     
          63          75   1.11805147123891     
          74          75  0.932086604470130     
          74          76  0.996641857244013     
          76          77  0.982491093729222     
          76          78  0.982513492712834     
          76          79  0.981908892157710     
          74          80  0.991366390680493     
          80          81  0.983904538453696     
          80          82  0.983185938241920     
          80          83  0.983112883642552     
           4          84  0.968419820874642     
          14          85  0.968731201732267     
          19          86  0.593725909999905     
          20          86  0.330380559719874     
          86          87   1.33828092232788     
          86          88   1.36295930497763     
          87          89   1.41080119824460     
          87          90  0.916299732232303     
          88          91  0.960891452810156     
          88          92   1.41693901354367     
          89          93   1.42195126310707     
          92          93   1.43279153453076     
          89          94  0.965082393810538     
          92          95  0.963182790121713     
          93          96  0.966511561539983     
