   -0.13113337
    0.07678192
   -0.04225279
   -0.02186242
   -0.04315200
    0.04866135
    0.05279147
    0.05630996
    0.04757362
    0.07042493
   -0.12767453
    0.04406927
   -0.04461225
   -0.02500587
   -0.04658163
    0.04852426
    0.05260676
    0.07561116
   -0.16373237
    0.09214927
    0.40152624
   -0.40711875
    0.12963094
   -0.12103284
    0.05322081
    0.04504946
    0.05096472
   -0.11035886
    0.04791785
    0.04258945
    0.02811426
    0.13085720
   -0.40468830
   -0.12199268
    0.05382453
    0.04535329
    0.04877172
   -0.12036717
    0.04693023
    0.05316600
    0.04532661
    0.41287495
   -0.37584073
    0.12815080
   -0.12694016
    0.05987890
    0.05520445
    0.04920775
   -0.12148286
    0.04898871
    0.04667074
    0.05120987
    0.12756773
   -0.37713346
   -0.12464302
    0.05413071
    0.05438616
    0.04864799
   -0.12567102
    0.05695744
    0.05036801
    0.04748632
    0.40522876
   -0.37890286
    0.12512638
   -0.13209914
    0.06078290
    0.05500419
    0.04996264
   -0.12903269
    0.06036079
    0.05043417
    0.05205010
    0.12748730
   -0.37981872
   -0.12415904
    0.05085767
    0.05388072
    0.05551557
   -0.12161585
    0.04055796
    0.04832059
    0.05494808
    0.05335754
    0.05095476
    0.06707617
   -0.02223147
   -0.30669650
   -0.05273843
   -0.04086680
    0.00899969
    0.06875257
    0.04859268
    0.06591783
    0.02360797
    0.01318384
