           1           2   1.30670025261427     
           2           3   1.35225499280339     
           3           4   1.47995270616393     
           4           5   1.38403813319582     
           1           6   1.38845782834468     
           3           6  0.104953948589072     
           5           6   1.45829554902296     
           6           7  0.957169611208310     
           5           8  0.968431519624612     
           3           9  0.961829861541779     
           2          10   1.09048271251443     
          10          11   1.30077028292551     
          11          12   1.38751888605445     
          12          13   1.45499685725736     
          13          14   1.38698085956328     
          10          15   1.35659560476958     
          12          15  0.104343151246185     
          14          15   1.47525595009153     
          15          16  0.961680412071668     
          13          17  0.968812842441101     
          12          18  0.948858061614733     
           1          19  0.424315813024876     
          11          19  0.446017532859213     
          19          20  0.548779806662587     
          19          21  0.740637634957652     
          21          22   1.09153449246082     
          22          23  0.942561366170492     
          23          24  0.996287514907535     
          24          25  0.982654670838553     
          24          26  0.983650021974178     
          24          27  0.983203492984482     
          23          28  0.989962058038202     
          28          29  0.984079912924907     
          28          30  0.983800843581483     
          28          31  0.985322414959447     
          23          32  0.941033551877475     
          21          33   1.11201184969003     
          32          33  0.938700732806100     
          32          34  0.990870231632998     
          34          35  0.979999615725874     
          34          36  0.983578156913879     
          34          37  0.982043688581249     
          32          38  0.996953221113897     
          38          39  0.983185865738185     
          38          40  0.982871827077940     
          38          41  0.983746063276761     
          19          42  0.850477703121717     
          42          43   1.12851978536495     
          43          44  0.933456703677408     
          44          45  0.997082399405161     
          45          46  0.981998436536475     
          45          47  0.982020127296873     
          45          48  0.983018683836545     
          44          49  0.990492669354624     
          49          50  0.983555182622701     
          49          51  0.982250896838466     
          49          52  0.980146720144355     
          44          53  0.939931377730621     
          42          54   1.11389296413123     
          53          54  0.931984404185145     
          53          55  0.996709941644985     
          55          56  0.982480370137370     
          55          57  0.982852480816606     
          55          58  0.983179715524844     
          53          59  0.991685427108846     
          59          60  0.981536223448179     
          59          61  0.983038974424422     
          59          62  0.983247097604801     
          19          63  0.854894932906951     
          63          64   1.10913665069810     
          64          65  0.937027062936264     
          65          66  0.991104125345703     
          66          67  0.978058801729705     
          66          68  0.982320663616877     
          66          69  0.983123299610217     
          65          70  0.996280601592585     
          70          71  0.982057740415215     
          70          72  0.983529299053123     
          70          73  0.982406416014317     
          65          74  0.938160693727006     
          63          75   1.11971816637376     
          74          75  0.934940774381008     
          74          76  0.996261200464290     
          76          77  0.982916302642072     
          76          78  0.982200322208760     
          76          79  0.981224750617763     
          74          80  0.991113128662224     
          80          81  0.984253967727222     
          80          82  0.983190973410017     
          80          83  0.983247461214580     
           4          84  0.968772597277664     
          14          85  0.968862685421402     
          19          86  0.584878767827901     
          20          86  0.334897723486282     
          86          87   1.22617896040755     
          86          88   1.48028533463739     
          87          89   1.00473220692572     
          87          90   1.18415884201186     
          88          91   1.28933654186055     
          90          91   1.57523907076706     
          89          92  0.969461184502750     
          89          93  0.973858780291054     
          89          94  0.976662870758425     
          90          95  0.969809729487029     
          91          96  0.970639326114584     
