   -0.12148585
    0.07680865
   -0.04244190
   -0.02061153
   -0.04178976
    0.04817778
    0.05707745
    0.06033741
    0.05148228
    0.07284035
   -0.12896304
    0.04178745
   -0.04316353
   -0.02336139
   -0.04503382
    0.05130654
    0.05574638
    0.07747004
   -0.14323238
    0.10528889
    0.40418687
   -0.40321240
    0.12934443
   -0.12307438
    0.05480858
    0.04623644
    0.05341601
   -0.11118491
    0.04945835
    0.04394783
    0.02760782
    0.13073851
   -0.40434120
   -0.12311423
    0.05357525
    0.04719412
    0.05031178
   -0.12123793
    0.04680813
    0.05435549
    0.04701515
    0.40723033
   -0.37662723
    0.12881483
   -0.12529892
    0.05534721
    0.05515964
    0.05041447
   -0.12225470
    0.04990123
    0.04931571
    0.05182084
    0.12791162
   -0.38749925
   -0.12499995
    0.05341718
    0.05460801
    0.04931095
   -0.12087853
    0.04596304
    0.05115855
    0.04855075
    0.40301199
   -0.37821547
    0.12513607
   -0.13074291
    0.05913676
    0.05380132
    0.05109522
   -0.12952294
    0.06005176
    0.05155184
    0.05317016
    0.12656281
   -0.37500116
   -0.12556018
    0.05157119
    0.05454378
    0.05718732
   -0.12351065
    0.04207251
    0.05083684
    0.05575383
    0.05752564
    0.05453719
   -0.05076587
   -0.03154179
    0.16325828
   -0.05058621
    0.05281812
   -0.24544229
   -0.06077204
    0.07117018
    0.06146196
    0.07160972
   -0.18864848
