           1           2   1.31705047035450     
           2           3   1.35272265501821     
           3           4   1.47889585323460     
           4           5   1.38898522738731     
           1           6   1.39174554235991     
           3           6  0.105687587308340     
           5           6   1.45565363240069     
           6           7  0.956672695526505     
           5           8  0.967910138072046     
           3           9  0.961297723124592     
           2          10   1.08667680269792     
          10          11   1.30847276447544     
          11          12   1.38779174491042     
          12          13   1.45430937137735     
          13          14   1.39072637089472     
          10          15   1.35747269794136     
          12          15  0.104752770025469     
          14          15   1.47393676857645     
          15          16  0.961176211351125     
          13          17  0.968410656596210     
          12          18  0.947143558189679     
           1          19  0.432005228824069     
          11          19  0.420010000802227     
          19          20  0.542810551244310     
          19          21  0.737869820974572     
          21          22   1.10081532572293     
          22          23  0.939884558552680     
          23          24  0.996756858179610     
          24          25  0.982492555297097     
          24          26  0.983375909898382     
          24          27  0.982944542111388     
          23          28  0.990353327640409     
          28          29  0.983884560720848     
          28          30  0.983864953623790     
          28          31  0.984811780690698     
          23          32  0.941316114497524     
          21          33   1.11131946867217     
          32          33  0.936439398859166     
          32          34  0.991212463118011     
          34          35  0.980922450243840     
          34          36  0.983400308602264     
          34          37  0.981624823279037     
          32          38  0.997370862458924     
          38          39  0.983051117527400     
          38          40  0.982567629906851     
          38          41  0.983504789401543     
          19          42  0.847782809500314     
          42          43   1.13656041498348     
          43          44  0.935287490375965     
          44          45  0.996379642991914     
          45          46  0.981670423126441     
          45          47  0.981999781390761     
          45          48  0.982943955042366     
          44          49  0.990989849481372     
          49          50  0.983158999483098     
          49          51  0.982380917101981     
          49          52  0.980332332433987     
          44          53  0.938180145371380     
          42          54   1.10029668016353     
          53          54  0.933443250308664     
          53          55  0.996001026291851     
          55          56  0.982522130816805     
          55          57  0.982716646482350     
          55          58  0.982951672405900     
          53          59  0.992143162626922     
          59          60  0.982505342541151     
          59          61  0.983027738493302     
          59          62  0.983212616401421     
          19          63  0.848874827598405     
          63          64   1.11306322000535     
          64          65  0.935603362091884     
          65          66  0.991502145912109     
          66          67  0.978646885419482     
          66          68  0.982426716426573     
          66          69  0.983035181507296     
          65          70  0.996721450781131     
          70          71  0.982079831655144     
          70          72  0.983285628669389     
          70          73  0.982205382720169     
          65          74  0.937928977938424     
          63          75   1.12678543247934     
          74          75  0.934038043385507     
          74          76  0.996004520068245     
          76          77  0.982861663988985     
          76          78  0.982180819182791     
          76          79  0.981722102041127     
          74          80  0.991489216071293     
          80          81  0.984101441003361     
          80          82  0.982997482516718     
          80          83  0.983112949649222     
           4          84  0.968250648885265     
          14          85  0.968454735565913     
          19          86  0.582415147026982     
          20          86  0.343641331046242     
          86          87   1.37521904150978     
          86          88   1.34247120593311     
          87          89   1.43831942032030     
          87          90  0.960352002590940     
          88          91  0.932988232646107     
          88          92   1.40757029109350     
          89          93   1.40574709768897     
          92          93   1.39997993257792     
          89          94  0.966106942368415     
          92          95  0.962994966747533     
          93          96  0.964388994517919     
