   -0.12140286
    0.07817193
   -0.04240987
   -0.02216544
   -0.04318483
    0.04821488
    0.05322615
    0.05646141
    0.04768504
    0.07524051
   -0.12346484
    0.04325532
   -0.04502034
   -0.02412604
   -0.04509015
    0.04786839
    0.04921954
    0.07367106
   -0.15132948
    0.08754403
    0.40168265
   -0.41069483
    0.13065911
   -0.12177199
    0.05395817
    0.04510298
    0.05090741
   -0.10887266
    0.04733446
    0.04107118
    0.02790118
    0.13077996
   -0.40159849
   -0.11950020
    0.04732699
    0.04710425
    0.05024448
   -0.11954848
    0.04708109
    0.05294937
    0.04520799
    0.40442812
   -0.37889668
    0.12792908
   -0.12720950
    0.05578554
    0.05753368
    0.04989876
   -0.12239961
    0.04884792
    0.04570276
    0.05349629
    0.12744854
   -0.38308605
   -0.12400549
    0.05342870
    0.05379887
    0.04887441
   -0.12479220
    0.04583999
    0.05351312
    0.04988941
    0.39918691
   -0.37428990
    0.12487657
   -0.12990399
    0.05835273
    0.05478343
    0.04969478
   -0.12985026
    0.06076426
    0.05068732
    0.05246333
    0.12616416
   -0.38118187
   -0.12429726
    0.05071773
    0.05302280
    0.05448063
   -0.12362802
    0.04014377
    0.05177620
    0.05441976
    0.05421465
    0.04930520
   -0.02158432
   -0.04707354
   -0.04348375
    0.04798307
    0.04477833
   -0.03736867
    0.05288921
   -0.08492842
   -0.01782357
    0.04439052
    0.40654489
    0.05235825
   -0.00957760
   -0.49654501
   -0.30091106
   -0.04760688
   -0.03853469
    0.12435185
   -0.03804136
    0.05361486
   -0.04054868
    0.04625409
   -0.12196864
   -0.12403038
    0.04636509
    0.04272209
    0.04365367
    0.05173472
    0.05151662
    0.06431373
    0.05406054
    0.06720566
    0.05767169
