           1           2   1.30968293406858     
           2           3   1.34968873023979     
           3           4   1.48162978056543     
           4           5   1.38347563488838     
           1           6   1.38823389930753     
           3           6  0.105567101135639     
           5           6   1.45956015263456     
           6           7  0.956527169296502     
           5           8  0.968407815060749     
           3           9  0.961633025232328     
           2          10   1.09008897248672     
          10          11   1.30443005729674     
          11          12   1.38718593477427     
          12          13   1.45704654206357     
          13          14   1.38375247462089     
          10          15   1.35190592382630     
          12          15  0.105260906122975     
          14          15   1.47630966153913     
          15          16  0.961217414507655     
          13          17  0.969155429595077     
          12          18  0.948714494509143     
           1          19  0.441024212422411     
          11          19  0.436310644919779     
          19          20  0.529441122278460     
          19          21  0.724021105867657     
          21          22   1.08750928087078     
          22          23  0.942790406112075     
          23          24  0.996719951500975     
          24          25  0.982609119393618     
          24          26  0.983591315617669     
          24          27  0.983242362287205     
          23          28  0.989817390662647     
          28          29  0.983981694360278     
          28          30  0.983873292782939     
          28          31  0.985278102401426     
          23          32  0.941319950693159     
          21          33   1.11359550522479     
          32          33  0.939256766963232     
          32          34  0.990828873316791     
          34          35  0.983369939307544     
          34          36  0.983703996968660     
          34          37  0.982495208348780     
          32          38  0.996609693106695     
          38          39  0.983215533692020     
          38          40  0.982554946965370     
          38          41  0.983665159772693     
          19          42  0.847221214039463     
          42          43   1.12290698967239     
          43          44  0.935538709351717     
          44          45  0.996527903793362     
          45          46  0.982048879101500     
          45          47  0.981321598838814     
          45          48  0.983099832558213     
          44          49  0.991049621311866     
          49          50  0.983309856897830     
          49          51  0.982931859362035     
          49          52  0.979269631198769     
          44          53  0.938391658738220     
          42          54   1.10900276667332     
          53          54  0.934187063603555     
          53          55  0.996404681699547     
          55          56  0.982408901005747     
          55          57  0.982781367478128     
          55          58  0.983064352943747     
          53          59  0.991738350187221     
          59          60  0.981777713471742     
          59          61  0.982864806847502     
          59          62  0.983030915174029     
          19          63  0.865852230223075     
          63          64   1.11863918797252     
          64          65  0.938220779027322     
          65          66  0.991429943116087     
          66          67  0.978602428692170     
          66          68  0.982454273573425     
          66          69  0.983049887503698     
          65          70  0.996296750848029     
          70          71  0.981918725951059     
          70          72  0.983386877589014     
          70          73  0.982137250734766     
          65          74  0.937374489892846     
          63          75   1.11371182611931     
          74          75  0.936655531163209     
          74          76  0.995869766775887     
          76          77  0.982977745522682     
          76          78  0.982496643164182     
          76          79  0.982239416837721     
          74          80  0.991192257763157     
          80          81  0.983390375262012     
          80          82  0.983052030683824     
          80          83  0.983242448379821     
           4          84  0.968662853396358     
          14          85  0.968618923042456     
          19          86  0.597301651174061     
          20          86  0.347979421227445     
          86          87   1.39140597050027     
          86          88   1.34887413640929     
          87          89   1.38953557372584     
          87          90  0.956426344138103     
          88          91   1.47975453703979     
          88          92  0.959005392228542     
          89          93   1.04605384466101     
          89          94   1.28930880660795     
          91          94   1.35492310780595     
          91          95  0.965964857413304     
          93          96   1.14360587872267     
          93          97   1.05296950631266     
          94          98   1.12306255007354     
          97          98   1.28584899701087     
          93          99  0.117586112989070     
          96          99   1.60869550498233     
          96         100   1.10151886138061     
          99         100  0.140312315492719     
          97         101   1.39797771727470     
          98         102   1.37444877588215     
         101         102  0.104858769390465     
         100         103  0.904757383912310     
         101         104   1.43972872570676     
         101         105  0.963620442162221     
         102         106   1.45813381537186     
         104         106   1.41883240827794     
         102         107  0.967899395474540     
         103         108   1.00371258465022     
         103         109   1.00731531049220     
         103         110  0.961705410205094     
         104         111  0.970675536868583     
         106         112  0.970195421309344     
         108         113  0.981027023878620     
         108         114  0.984754449578636     
         108         115  0.981812561598582     
         109         116  0.981087069097498     
         109         117  0.981446179822459     
         109         118  0.984552941181120     
