   -0.11660051
    0.07721596
   -0.04165749
   -0.02266445
   -0.04283605
    0.04761492
    0.05303905
    0.05603705
    0.04703705
    0.07331184
   -0.11614025
    0.04180009
   -0.04506279
   -0.02427186
   -0.04555165
    0.04764661
    0.05177081
    0.07707831
   -0.16688691
    0.10097755
    0.40166793
   -0.41012156
    0.13029808
   -0.12138273
    0.05333423
    0.04466906
    0.05086123
   -0.10900313
    0.04701212
    0.04127288
    0.02808540
    0.13066397
   -0.40280852
   -0.11916425
    0.04738710
    0.04635059
    0.04937237
   -0.11980789
    0.04745262
    0.05256512
    0.04487397
    0.40359039
   -0.38234157
    0.12862603
   -0.12485137
    0.05391794
    0.05585953
    0.04899208
   -0.12157846
    0.04894306
    0.04571536
    0.05311493
    0.12752804
   -0.38231729
   -0.12438084
    0.05477717
    0.05458206
    0.04807957
   -0.11942991
    0.04076205
    0.05116758
    0.04760993
    0.39772399
   -0.37917899
    0.12503969
   -0.12952505
    0.05848097
    0.05199700
    0.04937651
   -0.12882575
    0.05916124
    0.05032629
    0.05241799
    0.12627257
   -0.38027797
   -0.12378718
    0.05002818
    0.05327634
    0.05396292
   -0.12285008
    0.04035698
    0.05093184
    0.05405250
    0.05307782
    0.05095264
   -0.04738308
   -0.04961612
   -0.01629007
   -0.01774648
    0.03349129
   -0.04409615
    0.04746723
    0.05555480
    0.40971758
   -0.47865111
   -0.29814002
    0.15627317
   -0.12874137
   -0.13239173
   -0.12813355
    0.05069572
    0.06164618
    0.06115943
    0.06072956
    0.06551379
    0.06084183
    0.05987618
    0.05003158
    0.06139871
