           1           2   1.30674515107021     
           2           3   1.35076960685577     
           3           4   1.48163929536861     
           4           5   1.38152735424738     
           1           6   1.38352203218049     
           3           6  0.105548271770840     
           5           6   1.46217706006376     
           6           7  0.956424909644815     
           5           8  0.968427195821277     
           3           9  0.962163897803706     
           2          10   1.09031920552002     
          10          11   1.30415797870721     
          11          12   1.38592723856045     
          12          13   1.45717502823292     
          13          14   1.38508851364515     
          10          15   1.35316349154784     
          12          15  0.105460251873588     
          14          15   1.47879538041974     
          15          16  0.962035982797234     
          13          17  0.968867495903225     
          12          18  0.947300750037113     
           1          19  0.458586989365824     
          11          19  0.454749449444172     
          19          20  0.553035906312441     
          19          21  0.734471928979193     
          21          22   1.08721979557455     
          22          23  0.943592511121547     
          23          24  0.996623760352712     
          24          25  0.982718384626502     
          24          26  0.983704577546737     
          24          27  0.983276846165386     
          23          28  0.989661935652535     
          28          29  0.984141680622808     
          28          30  0.984046339159308     
          28          31  0.985369336265032     
          23          32  0.941320751640191     
          21          33   1.11107119116172     
          32          33  0.940180798360224     
          32          34  0.990685856625243     
          34          35  0.983204004926985     
          34          36  0.983812821150787     
          34          37  0.982598406144145     
          32          38  0.996643996324632     
          38          39  0.983167154202942     
          38          40  0.982853739018872     
          38          41  0.983798176246711     
          19          42  0.853837786435088     
          42          43   1.12042145796221     
          43          44  0.936017664673151     
          44          45  0.996861419560396     
          45          46  0.982287780262049     
          45          47  0.981750235805545     
          45          48  0.983160287601711     
          44          49  0.990607203300499     
          49          50  0.983479120583263     
          49          51  0.982919369154602     
          49          52  0.979993121191790     
          44          53  0.939263529520389     
          42          54   1.10463556799507     
          53          54  0.936160310253880     
          53          55  0.996106728039068     
          55          56  0.982418913133659     
          55          57  0.982803685479568     
          55          58  0.983284069582995     
          53          59  0.991232489642836     
          59          60  0.982399383790032     
          59          61  0.983212589883811     
          59          62  0.983303632049172     
          19          63  0.863506018369701     
          63          64   1.11137870850372     
          64          65  0.939138714265928     
          65          66  0.991177313131470     
          66          67  0.978336289000553     
          66          68  0.982721901667460     
          66          69  0.983138454363669     
          65          70  0.996194935851464     
          70          71  0.982190686532275     
          70          72  0.983499080894897     
          70          73  0.982235708354047     
          65          74  0.937448035011637     
          63          75   1.11635413524756     
          74          75  0.937560395364610     
          74          76  0.995663080767057     
          76          77  0.983129240304864     
          76          78  0.982514206920664     
          76          79  0.982041648181008     
          74          80  0.991018267689915     
          80          81  0.983734375083786     
          80          82  0.983173997204401     
          80          83  0.983386639205783     
           4          84  0.968791745836546     
          14          85  0.968837100172586     
          19          86  0.593772645784562     
          20          86  0.331258774430597     
          86          87   1.20456184458863     
          86          88   1.57799260780539     
          87          89   1.63740628589959     
          88          89  0.131251387168102     
          87          90  0.970862119377199     
          88          91   1.11981636504645     
          89          91   1.12665812969206     
          88          92  0.964587729249833     
          89          93  0.966364028015157     
          91          94   1.09483454476824     
          91          95  0.102252000757748     
          94          95   1.63275984955667     
          94          96   1.12839789687039     
          95          96  0.151379648759455     
          96          97  0.876738397392265     
          97          98  0.996715774010943     
          97          99  0.995947000021420     
          97         100  0.996467265733426     
          98         101  0.984427440980204     
          98         102  0.980763365069769     
          98         103  0.981560478124657     
          99         104  0.983538775536375     
          99         105  0.981756976315308     
          99         106  0.983485574889318     
         100         107  0.981090631127566     
         100         108  0.984540405500413     
         100         109  0.981555279946995     
