   -0.12545754
    0.07589442
   -0.04333591
   -0.02187838
   -0.04358758
    0.04960293
    0.05101174
    0.05599742
    0.04737547
    0.07142300
   -0.13202420
    0.04192809
   -0.04449164
   -0.02508870
   -0.04549944
    0.04605859
    0.05185046
    0.07624064
   -0.14964789
    0.08811497
    0.40611631
   -0.40724733
    0.13016261
   -0.12124343
    0.05321669
    0.04503922
    0.05211337
   -0.10928002
    0.04809304
    0.04271749
    0.02688225
    0.13169537
   -0.40931676
   -0.12080817
    0.05166129
    0.04595052
    0.04891456
   -0.11934978
    0.04582734
    0.05286296
    0.04592440
    0.41118794
   -0.38714744
    0.13053584
   -0.12330064
    0.05544960
    0.05180064
    0.04971482
   -0.11942001
    0.04821040
    0.04616999
    0.04980020
    0.12823037
   -0.38614819
   -0.12320938
    0.04949382
    0.05399397
    0.04832474
   -0.12574451
    0.05240617
    0.05062014
    0.05233584
    0.40886849
   -0.38192525
    0.12755126
   -0.12371809
    0.05323041
    0.05202786
    0.04875038
   -0.12811075
    0.06071532
    0.05013021
    0.05262484
    0.12786151
   -0.38455230
   -0.12350003
    0.05074308
    0.05293713
    0.05506529
   -0.12163562
    0.03978056
    0.05003412
    0.05477943
    0.05342500
    0.04981651
   -0.03538478
   -0.03037804
    0.08747910
   -0.04298266
    0.03534844
   -0.04694198
   -0.18230767
   -0.04090305
    0.03925663
    0.06498107
    0.04921091
