           1           2   1.31146967972066     
           2           3   1.34746989913106     
           3           4   1.48436186856980     
           4           5   1.38185332650776     
           1           6   1.38897922997562     
           3           6  0.106044362786148     
           5           6   1.46033013216826     
           6           7  0.957100219875373     
           5           8  0.968460826058081     
           3           9  0.961686939163620     
           2          10   1.09369129520407     
          10          11   1.30212481805733     
          11          12   1.38177866056438     
          12          13   1.46029309046447     
          13          14   1.38315014835698     
          10          15   1.35275818694257     
          12          15  0.105018214870766     
          14          15   1.47857860042423     
          15          16  0.961663562705680     
          13          17  0.968845533104991     
          12          18  0.947141443317457     
           1          19  0.436094351810228     
          11          19  0.421702230486232     
          19          20  0.540432362075334     
          19          21  0.718752050305916     
          21          22   1.09789099907597     
          22          23  0.941124044209947     
          23          24  0.996516873256448     
          24          25  0.982645050406657     
          24          26  0.983520751955055     
          24          27  0.983121789594379     
          23          28  0.990281315179677     
          28          29  0.983987042360463     
          28          30  0.983992660352956     
          28          31  0.984790665744330     
          23          32  0.941154224123742     
          21          33   1.10463218610548     
          32          33  0.938094559478139     
          32          34  0.991023022947438     
          34          35  0.981233310569868     
          34          36  0.983555800042576     
          34          37  0.981510923985736     
          32          38  0.997118606450243     
          38          39  0.983167723738628     
          38          40  0.982626233034840     
          38          41  0.983648685224527     
          19          42  0.851368753550945     
          42          43   1.12183696729218     
          43          44  0.936541394673681     
          44          45  0.995723487544730     
          45          46  0.981431540030009     
          45          47  0.982131021137816     
          45          48  0.982961437509329     
          44          49  0.991530484050519     
          49          50  0.983239886886394     
          49          51  0.982920991418751     
          49          52  0.979935524685898     
          44          53  0.936930999845122     
          42          54   1.10304435135370     
          53          54  0.933888965616803     
          53          55  0.995087709204464     
          55          56  0.982773189901748     
          55          57  0.982714150595037     
          55          58  0.983067277461090     
          53          59  0.992558021437883     
          59          60  0.979309944166992     
          59          61  0.982900650374059     
          59          62  0.982675513067049     
          19          63  0.864042876261754     
          63          64   1.10919340366960     
          64          65  0.936920111388717     
          65          66  0.991274979765114     
          66          67  0.979760387472355     
          66          68  0.982453930493759     
          66          69  0.983268011764867     
          65          70  0.996711829856147     
          70          71  0.982008835536795     
          70          72  0.983418954581233     
          70          73  0.982285060646868     
          65          74  0.938681529854809     
          63          75   1.11316339917958     
          74          75  0.935257449892552     
          74          76  0.996264611597958     
          76          77  0.982886602318173     
          76          78  0.982398683578883     
          76          79  0.982286186547286     
          74          80  0.991073396925384     
          80          81  0.984025910384900     
          80          82  0.983216798363140     
          80          83  0.983267461747471     
           4          84  0.968708367764264     
          14          85  0.968950449373808     
          19          86  0.587947650233622     
          20          86  0.344353793841631     
          86          87   1.37518775726533     
          86          88   1.36393414939278     
          87          89   1.44250318203322     
          87          90  0.960949378492256     
          87          91  0.105136029339206     
          88          91   1.40648068082086     
          88          92  0.950318872113998     
          89          93   1.42625861602029     
          91          93   1.43481657182408     
          89          94  0.968983352424319     
          91          95  0.964867479794800     
          93          96  0.968590852650129     
