   -0.12872412
    0.07913697
   -0.04178610
   -0.02044068
   -0.04130718
    0.05159426
    0.05070153
    0.05613523
    0.04851920
    0.07256474
   -0.12267253
    0.04407763
   -0.04211080
   -0.02420499
   -0.04759093
    0.05049918
    0.05426108
    0.07720761
   -0.16009847
    0.09557142
    0.39822400
   -0.40437701
    0.12970764
   -0.12053128
    0.05310686
    0.04410297
    0.04983128
   -0.11089798
    0.04715760
    0.04253632
    0.02904546
    0.13108693
   -0.40691103
   -0.12134124
    0.05211518
    0.04514771
    0.04807077
   -0.12045328
    0.04731193
    0.05269138
    0.04472149
    0.40495913
   -0.38482434
    0.12882849
   -0.12493814
    0.05369931
    0.05440017
    0.04919143
   -0.12219959
    0.04758676
    0.04400052
    0.05508843
    0.12793541
   -0.37816150
   -0.12295929
    0.05439654
    0.05321608
    0.04758297
   -0.11979327
    0.04278308
    0.05016802
    0.05192436
    0.40000668
   -0.37947607
    0.12554067
   -0.12942040
    0.05892489
    0.05193641
    0.04862762
   -0.12887257
    0.05939546
    0.04954424
    0.05227250
    0.12708071
   -0.38249523
   -0.12335783
    0.04975320
    0.05253861
    0.05413591
   -0.12214968
    0.03981196
    0.05075605
    0.05354521
    0.05326110
    0.05338604
   -0.02033601
   -0.01027117
   -0.07389479
   -0.04712601
   -0.02527195
   -0.06286659
    0.02179436
    0.06826451
    0.04652448
    0.05728047
    0.25839851
    0.01349739
   -0.52006367
   -0.09923815
   -0.00474240
   -0.00011617
   -0.06510725
    0.04645884
    0.06876222
   -0.06904403
    0.04172314
    0.05562606
   -0.05412451
    0.04354887
    0.04463474
   -0.05992612
    0.04856824
    0.04777541
   -0.06071975
    0.02987275
    0.02871772
   -0.05951099
    0.03164013
    0.03508193
   -0.05636026
    0.03032377
    0.03175463
   -0.05351854
    0.03214063
    0.03152815
   -0.10569067
    0.03439278
    0.02980380
   -0.10569640
    0.02709605
    0.02971938
    0.03330070
    0.03475690
    0.03507238
    0.03333746
    0.03682827
    0.03609195
