           1           2   1.31791931473154     
           2           3   1.35825073165963     
           3           4   1.47254218874388     
           4           5   1.39441028020441     
           1           6   1.39789700433073     
           3           6  0.104922886404039     
           5           6   1.44981522702086     
           6           7  0.957679371225846     
           5           8  0.968493124475316     
           3           9  0.962366507548520     
           2          10   1.07965520036547     
          10          11   1.30973786396018     
          11          12   1.39366887648420     
          12          13   1.44754488274341     
          13          14   1.39494438386503     
          10          15   1.36141525909657     
          12          15  0.104133334617692     
          14          15   1.46936038814084     
          15          16  0.962216149734892     
          13          17  0.967121726042546     
          12          18  0.947252667251330     
           1          19  0.394172324121601     
          11          19  0.435991763729750     
          19          20  0.528164874247821     
          19          21  0.755835227016154     
          21          22   1.09005349720525     
          22          23  0.944493480347729     
          23          24  0.996019797888980     
          24          25  0.982630554459642     
          24          26  0.983854524751624     
          24          27  0.983263554334613     
          23          28  0.989451412162871     
          28          29  0.984161272143971     
          28          30  0.983349977363833     
          28          31  0.985478878090002     
          23          32  0.940992610290894     
          21          33   1.10628634866781     
          32          33  0.939638225662636     
          32          34  0.990993969999008     
          34          35  0.981206693985700     
          34          36  0.983632373029033     
          34          37  0.982024618197434     
          32          38  0.997036071683340     
          38          39  0.983159788541287     
          38          40  0.982821991244956     
          38          41  0.983767443625118     
          19          42  0.864874771879033     
          42          43   1.11781952420083     
          43          44  0.935864845384948     
          44          45  0.996637167220869     
          45          46  0.982164928504962     
          45          47  0.981914712366333     
          45          48  0.983127374871581     
          44          49  0.990764050529770     
          49          50  0.983484399786995     
          49          51  0.983017131606935     
          49          52  0.977950040842480     
          44          53  0.939011498480516     
          42          54   1.10713760341210     
          53          54  0.934946128469608     
          53          55  0.996335226835612     
          55          56  0.982311547848984     
          55          57  0.980307819411571     
          55          58  0.983150829855202     
          53          59  0.991628663830485     
          59          60  0.981707859179688     
          59          61  0.983353962386731     
          59          62  0.978170902519304     
          19          63  0.861540081159498     
          63          64   1.10923888561761     
          64          65  0.939925271952180     
          65          66  0.990968338170364     
          66          67  0.978074456131889     
          66          68  0.982758132440211     
          66          69  0.983256278173191     
          65          70  0.996078346233573     
          70          71  0.982136374862202     
          70          72  0.983615737878188     
          70          73  0.982260657824960     
          65          74  0.937934926360608     
          63          75   1.11280258299210     
          74          75  0.937181284768290     
          74          76  0.996220243189729     
          76          77  0.982964584335801     
          76          78  0.982345109069799     
          76          79  0.982341459528205     
          74          80  0.991093159323764     
          80          81  0.983785784895391     
          80          82  0.983193266683470     
          80          83  0.983420593005137     
           4          84  0.968739477874646     
          14          85  0.968558074336323     
          19          86  0.578610902654816     
          20          86  0.353749401075486     
          86          87   1.21987449920682     
          86          88   1.45723669893048     
          87          89   1.00555049675456     
          86          90  0.114305289223210     
          87          90   1.16423492324616     
          88          91   1.35803337862556     
          90          91   1.46780234310452     
          88          92  0.964375515864804     
          89          93  0.973618066838727     
          89          94  0.969587984067704     
          89          95  0.977061221518576     
          90          96   1.00499776235325     
          91          97  0.973884610229557     
          96          98   1.58812171298993     
          96          99   1.25564220479828     
          98          99  0.188611836515769     
          99         100  0.980935250023717     
          99         101  0.988380648031314     
         100         102  0.997659143987720     
         100         103  0.962449854787791     
         100         104  0.961890927488892     
         101         105  0.997190445047659     
         101         106  0.963089085360453     
         101         107  0.962261311745010     
         102         108   1.00819732488924     
         102         109  0.973868033500787     
         102         110  0.973105697048799     
         105         111   1.00542160991240     
         105         112  0.973185090093228     
         105         113  0.971953877379991     
         108         114   1.00694972818451     
         108         115  0.976101819291088     
         108         116  0.974133439817609     
         111         117   1.00881855920074     
         111         118  0.976195537026697     
         111         119  0.977751155228585     
         114         120   1.00759508003761     
         114         121  0.977285993676460     
         114         122  0.977140829810491     
         117         123   1.00728123934105     
         117         124  0.975847365577212     
         117         125  0.976111641032986     
         120         126   1.02012522281448     
         120         127  0.977007246896849     
         120         128  0.978415792732074     
         123         129   1.01915683958723     
         123         130  0.979458479110694     
         123         131  0.977823066274655     
         126         132  0.985989823906085     
         126         133  0.987395955555579     
         126         134  0.987679279450107     
         129         135  0.980684799973443     
         129         136  0.987281885317937     
         129         137  0.987649565790390     
