   -0.12324699
    0.07641429
   -0.04353108
   -0.02199253
   -0.04356280
    0.04926646
    0.05173415
    0.05492685
    0.04577453
    0.07175477
   -0.12841186
    0.04164527
   -0.04556297
   -0.02529448
   -0.04671479
    0.04441068
    0.05097437
    0.07686995
   -0.15309317
    0.08425272
    0.40107073
   -0.40951461
    0.13039525
   -0.12077072
    0.05324591
    0.04401612
    0.05000600
   -0.10823014
    0.04651148
    0.04053046
    0.02776754
    0.13098052
   -0.40460054
   -0.11957359
    0.04897297
    0.04557982
    0.04924963
   -0.11955630
    0.04686278
    0.05284340
    0.04444846
    0.40168231
   -0.38337321
    0.12849555
   -0.12601114
    0.05525979
    0.05574729
    0.04907652
   -0.12158316
    0.04782916
    0.04467597
    0.05286729
    0.12747844
   -0.38275840
   -0.12413633
    0.05329303
    0.05417349
    0.04771829
   -0.12391909
    0.04515215
    0.05209387
    0.05096843
    0.39996070
   -0.37724034
    0.12505591
   -0.13030869
    0.05925594
    0.05405289
    0.04915180
   -0.12892172
    0.06040154
    0.05002368
    0.05161786
    0.12673674
   -0.38206656
   -0.12363106
    0.05011754
    0.05247575
    0.05433955
   -0.12206721
    0.04001420
    0.05011498
    0.05371678
    0.05188302
    0.04873365
   -0.01811556
   -0.03755641
   -0.03746352
   -0.00299407
    0.02227762
   -0.03394084
    0.04255607
    0.04297379
   -0.04612975
    0.03493027
   -0.11431112
   -0.08329743
    0.03539806
    0.04423843
    0.16897818
   -0.01610395
    0.02664960
   -0.05834005
   -0.04297477
   -0.04286694
    0.02378976
   -0.04649187
    0.02571349
    0.02514468
    0.02294053
