           1           2   1.31106230200395     
           2           3   1.34751225761652     
           3           4   1.48383615392263     
           4           5   1.38245512983275     
           1           6   1.39137723759133     
           3           6  0.105889757208233     
           5           6   1.45897124001097     
           6           7  0.957015134518012     
           5           8  0.968591273491152     
           3           9  0.961806159036783     
           2          10   1.09241380095796     
          10          11   1.30165557882788     
          11          12   1.38598399961965     
          12          13   1.45840705219091     
          13          14   1.38286955558384     
          10          15   1.35240915068081     
          12          15  0.104998538353873     
          14          15   1.47942734982637     
          15          16  0.961733042442965     
          13          17  0.968976571362439     
          12          18  0.947689162721204     
           1          19  0.433566004598402     
          11          19  0.433812286849958     
          19          20  0.524443794326847     
          19          21  0.722642959280825     
          21          22   1.08755277346177     
          22          23  0.943928189743995     
          23          24  0.996420667740672     
          24          25  0.982796386268338     
          24          26  0.983663790864187     
          24          27  0.983371196294870     
          23          28  0.989750133728138     
          28          29  0.984184093688374     
          28          30  0.984097428100643     
          28          31  0.985332919958270     
          23          32  0.941284087562347     
          21          33   1.10939551034507     
          32          33  0.940001674212308     
          32          34  0.990790642746732     
          34          35  0.982593851244540     
          34          36  0.983728773435613     
          34          37  0.982474799416851     
          32          38  0.996830359014585     
          38          39  0.983160596293990     
          38          40  0.982801611661953     
          38          41  0.983779284191226     
          19          42  0.862324442116343     
          42          43   1.11619357162632     
          43          44  0.936809835579143     
          44          45  0.996677317669213     
          45          46  0.982184966905361     
          45          47  0.981773420247425     
          45          48  0.983180371022386     
          44          49  0.990855670005433     
          49          50  0.983455616163941     
          49          51  0.982952948022042     
          49          52  0.979386483925740     
          44          53  0.938915469675387     
          42          54   1.10556432056966     
          53          54  0.935577336169232     
          53          55  0.996221132833403     
          55          56  0.982562106519948     
          55          57  0.982803952737758     
          55          58  0.983197548803980     
          53          59  0.991460581662865     
          59          60  0.982318397541039     
          59          61  0.983135639297248     
          59          62  0.982963209167316     
          19          63  0.872530263144047     
          63          64   1.11336333653202     
          64          65  0.938979766025022     
          65          66  0.991233562175506     
          66          67  0.978313875128379     
          66          68  0.982523210697366     
          66          69  0.983099492221248     
          65          70  0.996321996275229     
          70          71  0.981958656315392     
          70          72  0.983468880035214     
          70          73  0.982249270103728     
          65          74  0.937240028157467     
          63          75   1.11542937108485     
          74          75  0.936960089114032     
          74          76  0.995685276758280     
          76          77  0.982987297974984     
          76          78  0.982406448150888     
          76          79  0.981993944452402     
          74          80  0.991379307894653     
          80          81  0.983754676547523     
          80          82  0.983191186017805     
          80          83  0.983324837931757     
           4          84  0.968899386138029     
          14          85  0.969073554709329     
          19          86  0.588276548590759     
          20          86  0.354004949827731     
          86          87   1.40693868567333     
          86          88   1.37086531191179     
          87          89   1.36627852026551     
          87          90  0.959591535126239     
          88          91   1.43775068770952     
          88          92  0.960559152414104     
          89          93   1.08007827575162     
          89          94   1.37001106385723     
          91          94   1.44414222222964     
          91          95  0.968525277964775     
          93          96   1.16856659705805     
          93          97   1.51824619730580     
          94          98  0.968162589990121     
          96          99   1.18601167369315     
          96         100  0.938377117864573     
          97         101   1.24913726333485     
          99         101   1.23287554011723     
          97         102  0.972449733598574     
          99         103   1.34069189266035     
         101         104   1.32274448786419     
         103         104  0.110112721789582     
         103         105   1.48872110927277     
         103         106  0.968567526186353     
         104         107   1.50648559579191     
         105         107   1.36928512715456     
         104         108  0.969882991500457     
         105         109  0.972258759388206     
         107         110  0.971913939099626     
