   -0.12295159
    0.07502981
   -0.04339550
   -0.02387442
   -0.04507709
    0.04799419
    0.04990369
    0.05202364
    0.04282369
    0.07145435
   -0.12616594
    0.04253174
   -0.04607637
   -0.02549687
   -0.04591528
    0.04172106
    0.04801690
    0.07450883
   -0.16087797
    0.08375668
    0.40194900
   -0.41244685
    0.13070601
   -0.12035377
    0.05266539
    0.04377378
    0.04980730
   -0.10741828
    0.04599079
    0.03991210
    0.02728271
    0.13102166
   -0.40523810
   -0.11862275
    0.04766686
    0.04512482
    0.04909646
   -0.11894267
    0.04669417
    0.05232158
    0.04392463
    0.40454689
   -0.38539887
    0.12869256
   -0.12557491
    0.05533439
    0.05504968
    0.04877289
   -0.12082922
    0.04742552
    0.04429876
    0.05204319
    0.12763031
   -0.38332174
   -0.12360049
    0.05263468
    0.05379855
    0.04732805
   -0.12390105
    0.04587862
    0.05158801
    0.05001786
    0.40032511
   -0.37891210
    0.12509432
   -0.12997136
    0.05894334
    0.05366197
    0.04883630
   -0.12841573
    0.06002267
    0.04960562
    0.05106165
    0.12686001
   -0.38321753
   -0.12312547
    0.04963796
    0.05199723
    0.05406606
   -0.12147916
    0.03961691
    0.04898202
    0.05328664
    0.04891141
    0.04590416
   -0.02519471
   -0.03995655
   -0.04479212
   -0.02332534
    0.01375106
   -0.05623322
    0.03694603
    0.02429070
   -0.08506967
    0.02941019
   -0.01966412
   -0.01499932
    0.01513701
   -0.06446940
    0.03320940
    0.06674878
    0.06464531
    0.07061190
