           1           2   1.30318290490617     
           2           3   1.34451251674597     
           3           4   1.48786045149206     
           4           5   1.37480398808219     
           1           6   1.38372976761609     
           3           6  0.105995654284702     
           5           6   1.46550193648803     
           6           7  0.957088399072720     
           5           8  0.968903641773983     
           3           9  0.962020478367878     
           2          10   1.09808681100440     
          10          11   1.29831823293810     
          11          12   1.38336514110270     
          12          13   1.46162243865144     
          13          14   1.37814134321724     
          10          15   1.34803527909733     
          12          15  0.105451873207046     
          14          15   1.48365095374675     
          15          16  0.962002846002761     
          13          17  0.969284696345013     
          12          18  0.948047290334327     
           1          19  0.454188479252770     
          11          19  0.440172329981271     
          19          20  0.529030164169922     
          19          21  0.716707491099017     
          21          22   1.08606677467823     
          22          23  0.944180735058872     
          23          24  0.996420028572424     
          24          25  0.982875421181635     
          24          26  0.983720399102108     
          24          27  0.983439347252897     
          23          28  0.989685069645076     
          28          29  0.984217890794823     
          28          30  0.984175400938540     
          28          31  0.985362715545115     
          23          32  0.941354799323833     
          21          33   1.10620493035337     
          32          33  0.941019823104275     
          32          34  0.990526786596604     
          34          35  0.982920093587663     
          34          36  0.983881916684548     
          34          37  0.982355229900190     
          32          38  0.996564482359705     
          38          39  0.983264225965453     
          38          40  0.982901167252943     
          38          41  0.983876977724492     
          19          42  0.862401887918330     
          42          43   1.11054865384115     
          43          44  0.937469602659259     
          44          45  0.996479694241294     
          45          46  0.982302264429894     
          45          47  0.981944706875294     
          45          48  0.983263009129170     
          44          49  0.990760977142625     
          49          50  0.983592760402271     
          49          51  0.982707636850173     
          49          52  0.979490751169135     
          44          53  0.939047482154856     
          42          54   1.10511662468617     
          53          54  0.936345301133602     
          53          55  0.996158904126505     
          55          56  0.982605137245056     
          55          57  0.982857588262722     
          55          58  0.983384442837240     
          53          59  0.991055247685735     
          59          60  0.981729960481059     
          59          61  0.983264932390351     
          59          62  0.983173353295359     
          19          63  0.877929505312928     
          63          64   1.10978394200480     
          64          65  0.939809302199270     
          65          66  0.991053773372693     
          66          67  0.978468449337784     
          66          68  0.982629730712893     
          66          69  0.983237754890876     
          65          70  0.996237105706998     
          70          71  0.982073163750842     
          70          72  0.983561542160355     
          70          73  0.982380739368330     
          65          74  0.937247761396424     
          63          75   1.11176835922666     
          74          75  0.938410280387263     
          74          76  0.995393458714927     
          76          77  0.983180767936060     
          76          78  0.982558614457748     
          76          79  0.981712937963526     
          74          80  0.990995322711332     
          80          81  0.983963539015324     
          80          82  0.983323858895454     
          80          83  0.983452722088584     
           4          84  0.969218693191626     
          14          85  0.969339041538862     
          19          86  0.586588632719149     
          20          86  0.349402324658215     
          86          87   1.45822122141092     
          86          88   1.31587819277775     
          87          89   1.31198022517843     
          87          90  0.961789503237134     
          87          91  0.106592318691483     
          88          91   1.50220708025335     
          88          92  0.960985084483948     
          89          93   1.24609231971541     
          91          93   1.32451960523825     
          89          94   1.23098860375517     
          91          95  0.966191219985749     
          93          96   1.16892112941650     
          94          97   1.59036739623550     
          96          97   1.20379859283426     
          94          98  0.974110372699876     
          96          99   1.00482621002213     
          97         100  0.968266886218573     
          99         101  0.974604856711825     
          99         102  0.973359002380384     
          99         103  0.980107426553651     
