   -0.11801217
    0.08332224
   -0.04014703
   -0.01991213
   -0.04145554
    0.05171882
    0.05066289
    0.05750539
    0.04918588
    0.07901133
   -0.12614719
    0.04388887
   -0.04402227
   -0.02326202
   -0.04301124
    0.05100836
    0.05221364
    0.06924410
   -0.14812223
    0.08396051
    0.40576612
   -0.40904626
    0.13064022
   -0.12126619
    0.05352805
    0.04580192
    0.05165199
   -0.10982929
    0.04891645
    0.04274860
    0.02681586
    0.13145410
   -0.40569511
   -0.12121516
    0.05118179
    0.04662778
    0.05013623
   -0.12011409
    0.04680495
    0.05353848
    0.04621577
    0.41063819
   -0.37829899
    0.12830243
   -0.12632655
    0.05560180
    0.05612309
    0.05043156
   -0.12233513
    0.04846850
    0.04610555
    0.05397714
    0.12824652
   -0.38373388
   -0.12439722
    0.05382469
    0.05420413
    0.04940599
   -0.12445252
    0.04798434
    0.05326190
    0.04785672
    0.40543824
   -0.37819575
    0.12524975
   -0.13139736
    0.06003156
    0.05463993
    0.05073418
   -0.12845597
    0.05978984
    0.05090622
    0.05153438
    0.12743397
   -0.38156365
   -0.12382897
    0.05100097
    0.05319540
    0.05542673
   -0.12148680
    0.03983162
    0.04939505
    0.05477483
    0.05600170
    0.05314795
    0.04132805
    0.04858755
   -0.27084772
   -0.03796690
   -0.20936065
    0.12871471
   -0.03260307
    0.04816581
   -0.11345604
   -0.07721990
   -0.00078459
    0.20531353
    0.04079710
    0.05854764
