           1           2   1.31531301421171     
           2           3   1.35396584050615     
           3           4   1.47749715099390     
           4           5   1.39093888726320     
           1           6   1.39487803921504     
           3           6  0.105312159075376     
           5           6   1.45318698573219     
           6           7  0.957441769466689     
           5           8  0.968297384102468     
           3           9  0.961526043942644     
           2          10   1.08612496998325     
          10          11   1.30310740134722     
          11          12   1.38201228752809     
          12          13   1.45804128506477     
          13          14   1.38725158709028     
          10          15   1.35883591827934     
          12          15  0.104459136450217     
          14          15   1.47421171789916     
          15          16  0.961223972925133     
          13          17  0.968761336717760     
          12          18  0.949624889794964     
           1          19  0.421335718583146     
          11          19  0.445494386000780     
          19          20  0.538545519052839     
          19          21  0.720543776464369     
          21          22   1.09462134772387     
          22          23  0.941050639874147     
          23          24  0.996520601121476     
          24          25  0.982698998748201     
          24          26  0.983511274608892     
          24          27  0.983114830721123     
          23          28  0.990028131128736     
          28          29  0.983890953160492     
          28          30  0.983721605669088     
          28          31  0.985168169293644     
          23          32  0.941562316994360     
          21          33   1.11023182016004     
          32          33  0.937042336156170     
          32          34  0.991007743278528     
          34          35  0.981442142526007     
          34          36  0.983419833752447     
          34          37  0.981581811378018     
          32          38  0.997119069653101     
          38          39  0.983203556912512     
          38          40  0.982600050660474     
          38          41  0.983558202425528     
          19          42  0.843504606613239     
          42          43   1.12751323659405     
          43          44  0.934702118965350     
          44          45  0.996352633032457     
          45          46  0.982346901900958     
          45          47  0.981890038564511     
          45          48  0.983039386733851     
          44          49  0.990936102290309     
          49          50  0.983443639507107     
          49          51  0.982467437650123     
          49          52  0.977900555191568     
          44          53  0.939197208655978     
          42          54   1.10813299808536     
          53          54  0.933137155731909     
          53          55  0.996745001909852     
          55          56  0.982426676713182     
          55          57  0.982816754504167     
          55          58  0.983045037538246     
          53          59  0.991466147821240     
          59          60  0.979952476322884     
          59          61  0.983015981135648     
          59          62  0.983466880978590     
          19          63  0.851657530494588     
          63          64   1.11526058806017     
          64          65  0.936883961454383     
          65          66  0.991145064583278     
          66          67  0.978728035006302     
          66          68  0.982520676746954     
          66          69  0.983033046708982     
          65          70  0.996429978079710     
          70          71  0.982086882156654     
          70          72  0.983398339922925     
          70          73  0.982323894913135     
          65          74  0.937846450548449     
          63          75   1.11751267509319     
          74          75  0.935243865804856     
          74          76  0.995849288698529     
          76          77  0.982882815299113     
          76          78  0.982205251701935     
          76          79  0.981748246150038     
          74          80  0.991326964214020     
          80          81  0.983949995406244     
          80          82  0.983191476334804     
          80          83  0.983232961599951     
           4          84  0.968406274904215     
          14          85  0.968634357577692     
          19          86  0.611631438137905     
          20          86  0.334580287958049     
          86          87   1.28701899310989     
          86          88   1.40427805708385     
          87          89   1.47235496105670     
          87          90  0.944768211112300     
          88          91   1.34301823160375     
          89          92   1.33327114319876     
          91          92   1.20460620452031     
          89          93  0.964242130021042     
          91          94   1.19979012800475     
          92          95   1.22738196851396     
          94          96   1.19412516968161     
          95          96   1.61134514364944     
          94          97  0.927391415575402     
          95          98  0.972458558024764     
          96          99  0.968088789676800     
