   -0.12235037
    0.07655478
   -0.04317847
   -0.02229559
   -0.04397625
    0.04847851
    0.05175645
    0.05541620
    0.04612518
    0.07266555
   -0.12983195
    0.04197225
   -0.04509079
   -0.02479929
   -0.04518220
    0.04465164
    0.05004185
    0.07509859
   -0.15276720
    0.08905413
    0.40447258
   -0.40817804
    0.13029294
   -0.12124128
    0.05377173
    0.04481696
    0.05096281
   -0.10876034
    0.04749212
    0.04145409
    0.02732282
    0.13106433
   -0.40529612
   -0.12086964
    0.05145035
    0.04603407
    0.04934235
   -0.11955267
    0.04638757
    0.05297032
    0.04533850
    0.40312546
   -0.38227727
    0.12823434
   -0.12531876
    0.05301338
    0.05603120
    0.04983950
   -0.12121153
    0.04842309
    0.04596656
    0.05239399
    0.12757786
   -0.38273666
   -0.12353523
    0.05279252
    0.05359626
    0.04830762
   -0.11994527
    0.04101572
    0.05112111
    0.05008845
    0.40343895
   -0.37821605
    0.12588591
   -0.12851393
    0.05775447
    0.05237588
    0.05037223
   -0.12930584
    0.06076282
    0.05088204
    0.05254097
    0.12723759
   -0.38109342
   -0.12432691
    0.05112154
    0.05324895
    0.05515225
   -0.12250837
    0.04035919
    0.05056146
    0.05480840
    0.05230882
    0.04862672
   -0.02580985
   -0.03707478
   -0.00391063
   -0.04206915
    0.02532645
    0.03030687
   -0.05526383
   -0.05284952
    0.02953577
   -0.09515751
   -0.01791062
    0.07070410
    0.03614296
    0.04643526
