           1           2   1.31002938296185     
           2           3   1.34689973986021     
           3           4   1.48509845025081     
           4           5   1.38039133450992     
           1           6   1.38762094175439     
           3           6  0.106034725186636     
           5           6   1.46160420955460     
           6           7  0.956724369799554     
           5           8  0.968515275280365     
           3           9  0.961692561623672     
           2          10   1.09380510450031     
          10          11   1.30225504345344     
          11          12   1.38454882039681     
          12          13   1.45926931228110     
          13          14   1.38295182357004     
          10          15   1.35206529186698     
          12          15  0.105174618541271     
          14          15   1.47953472691089     
          15          16  0.961669238901924     
          13          17  0.969057714219477     
          12          18  0.947872926324697     
           1          19  0.443218746584652     
          11          19  0.424039234161704     
          19          20  0.530374807259798     
          19          21  0.717148014827503     
          21          22   1.09376923560923     
          22          23  0.942128223257011     
          23          24  0.996517484408371     
          24          25  0.982685777297045     
          24          26  0.983576031313231     
          24          27  0.983251195010137     
          23          28  0.990129612204761     
          28          29  0.984018598647374     
          28          30  0.983988707440882     
          28          31  0.985120953488402     
          23          32  0.941197808554637     
          21          33   1.10893963425119     
          32          33  0.938697125718856     
          32          34  0.990882560886862     
          34          35  0.981493672311274     
          34          36  0.983629183570764     
          34          37  0.982137274534798     
          32          38  0.996967729115372     
          38          39  0.983148266404838     
          38          40  0.982666503442925     
          38          41  0.983677984153576     
          19          42  0.857260373774778     
          42          43   1.11668885725545     
          43          44  0.937234363558154     
          44          45  0.996150754400158     
          45          46  0.981484462149332     
          45          47  0.981552266719006     
          45          48  0.983098457261380     
          44          49  0.991124406504865     
          49          50  0.983330959273739     
          49          51  0.982975005384411     
          49          52  0.979507278298904     
          44          53  0.937996206776247     
          42          54   1.10844194380483     
          53          54  0.934963099442700     
          53          55  0.995762302059828     
          55          56  0.982551641789014     
          55          57  0.982830622643734     
          55          58  0.983118042045524     
          53          59  0.991891077609991     
          59          60  0.980600819203203     
          59          61  0.983056241285918     
          59          62  0.982975073370917     
          19          63  0.871384476978535     
          63          64   1.10802449902833     
          64          65  0.937462926992925     
          65          66  0.991302631987214     
          66          67  0.978649190200700     
          66          68  0.982160195985432     
          66          69  0.982765616828672     
          65          70  0.996464027368412     
          70          71  0.981887736740122     
          70          72  0.983324437010309     
          70          73  0.982132520252013     
          65          74  0.937875370870747     
          63          75   1.11712951276469     
          74          75  0.935293895912175     
          74          76  0.995971994129987     
          76          77  0.982715829380899     
          76          78  0.982106406683658     
          76          79  0.982102289210742     
          74          80  0.991385719017128     
          80          81  0.983648290595912     
          80          82  0.983114539670168     
          80          83  0.983189230095157     
           4          84  0.968841986997646     
          14          85  0.969065978975140     
          19          86  0.587522217176580     
          20          86  0.349778867022953     
          86          87   1.42710843428707     
          86          88   1.28935190639493     
          87          89   1.38804719184886     
          87          90  0.962005516195430     
          88          91   1.29313582760158     
          88          92   1.17885248054070     
          89          93   1.46132310212334     
          91          93   1.37410017026874     
          89          94  0.968868446880289     
          91          95   1.09526532153304     
          92          96   1.70192611231335     
          95          96   1.12503569435109     
          92          97  0.946088719460834     
          93          98  0.968517077942055     
          96          99  0.969199514007427     
