           1           2   1.34919551921616     
           2           3   1.24191925302244     
           3           4   1.20669577545267     
           4           5   1.55981796139937     
           2           6   1.17328605654808     
           4           6  0.101909486957769     
           5           6   1.20058043425336     
           5           7   1.03414130643145     
           1           8  0.109845841641212     
           3           8   1.34373090305402     
           8           9   1.48268513105060     
           1          10   1.43484758073659     
           9          10   1.35749505450886     
          10          11  0.928146848312143     
           1          12  0.963683184761745     
           6          13  0.925463574975198     
           7          14  0.978416336431533     
           7          15  0.963382858648648     
           7          16  0.963407061151219     
           8          17  0.966340671483110     
           9          18  0.966484299136676     
