   -0.12346937
    0.07398822
   -0.04411285
   -0.02375235
   -0.04520948
    0.04735700
    0.05066674
    0.05318178
    0.04414808
    0.06974152
   -0.12980827
    0.03989857
   -0.04688177
   -0.02670771
   -0.04586732
    0.04180164
    0.04815187
    0.07597031
   -0.16693766
    0.10015803
    0.40458301
   -0.41090812
    0.13053775
   -0.12006020
    0.05230687
    0.04371801
    0.05019035
   -0.10760708
    0.04617864
    0.04048706
    0.02687496
    0.13126617
   -0.40683605
   -0.11984137
    0.05132933
    0.04441809
    0.04856623
   -0.11889807
    0.04590705
    0.05254708
    0.04415923
    0.40394105
   -0.38734008
    0.12907672
   -0.12654566
    0.05719894
    0.05536896
    0.04878141
   -0.12037742
    0.04726557
    0.04463319
    0.05115641
    0.12784922
   -0.38290275
   -0.12351234
    0.05251766
    0.05366255
    0.04745621
   -0.12442097
    0.04861428
    0.05152598
    0.05083599
    0.40342281
   -0.37564471
    0.12496582
   -0.13058650
    0.05772771
    0.05589847
    0.04981375
   -0.12887068
    0.06064838
    0.04992228
    0.05187481
    0.12757356
   -0.38325852
   -0.12357027
    0.05043362
    0.05243028
    0.05479022
   -0.12082709
    0.03955096
    0.04750029
    0.05405956
    0.05001086
    0.04565774
   -0.07122120
   -0.00547906
    0.06635164
   -0.03594918
    0.02197811
   -0.13039490
   -0.26138359
    0.20048427
    0.05640424
    0.05591422
    0.06375124
