           1           2   1.30395221650040     
           2           3   1.34319024230802     
           3           4   1.48902710090700     
           4           5   1.37410205933453     
           1           6   1.38348828883785     
           3           6  0.106221907494080     
           5           6   1.46631893628573     
           6           7  0.956948097626807     
           5           8  0.968762137431654     
           3           9  0.962038098507227     
           2          10   1.09938551422933     
          10          11   1.29566081913549     
          11          12   1.37883934660933     
          12          13   1.46437462227116     
          13          14   1.37647200080015     
          10          15   1.34906672727752     
          12          15  0.105055513784435     
          14          15   1.48271482427421     
          15          16  0.962078588358940     
          13          17  0.969258412201794     
          12          18  0.947547564550186     
           1          19  0.457369252476310     
          11          19  0.442204044772362     
          19          20  0.554143355674478     
          19          21  0.712058458171169     
          21          22   1.09011139682783     
          22          23  0.943605721545373     
          23          24  0.996340396068505     
          24          25  0.982820017308583     
          24          26  0.983737900750469     
          24          27  0.983344061250261     
          23          28  0.989962094661454     
          28          29  0.984191238982693     
          28          30  0.984127558531503     
          28          31  0.985129520243647     
          23          32  0.941059595918321     
          21          33   1.10671036961537     
          32          33  0.940097444352269     
          32          34  0.990783485800659     
          34          35  0.981127600503664     
          34          36  0.983796396187450     
          34          37  0.982261030343664     
          32          38  0.996787888718224     
          38          39  0.983220737868821     
          38          40  0.982886053387897     
          38          41  0.983856258987540     
          19          42  0.868195023088131     
          42          43   1.10430273136211     
          43          44  0.936947982182656     
          44          45  0.996734999539464     
          45          46  0.981512647380629     
          45          47  0.981930873620830     
          45          48  0.983216882162863     
          44          49  0.990666473669926     
          49          50  0.983553918551826     
          49          51  0.982816152062497     
          49          52  0.979800687197444     
          44          53  0.939302367357050     
          42          54   1.10816557737114     
          53          54  0.934861729613399     
          53          55  0.996196778045678     
          55          56  0.982651689707625     
          55          57  0.982883235960896     
          55          58  0.983276330306211     
          53          59  0.991549388085503     
          59          60  0.982780939791088     
          59          61  0.983121660536070     
          59          62  0.982913437482118     
          19          63  0.872600878721611     
          63          64   1.10972237828035     
          64          65  0.938793710760507     
          65          66  0.990974262008938     
          66          67  0.978790224019011     
          66          68  0.982055319927365     
          66          69  0.983114577073659     
          65          70  0.996485793151651     
          70          71  0.982008188069919     
          70          72  0.983459407551293     
          70          73  0.982412134379631     
          65          74  0.938284557216942     
          63          75   1.11472766809945     
          74          75  0.935958506771867     
          74          76  0.996162367748443     
          76          77  0.982934585033172     
          76          78  0.982324280295140     
          76          79  0.981790015778714     
          74          80  0.991028826823070     
          80          81  0.984080157049471     
          80          82  0.983407462628800     
          80          83  0.983321565524670     
           4          84  0.969099331379972     
          14          85  0.969374053223883     
          19          86  0.592150610230912     
          20          86  0.334518234541280     
          86          87   1.47560395973082     
          86          88   1.28697858341320     
          87          89   1.25919428233325     
          87          90  0.965315062059922     
          88          91   1.02830831326811     
          87          92  0.161605839626806     
          88          92   1.49432453867061     
          89          92   1.18830873175490     
          89          93  0.929239346450787     
          91          94  0.965473011246664     
          91          95  0.982950811060581     
          91          96  0.965072068981508     
