   -0.12155514
    0.07820407
   -0.04183262
   -0.02147654
   -0.04255230
    0.04856399
    0.05406818
    0.05784749
    0.04745552
    0.07412851
   -0.12525380
    0.04218670
   -0.04427444
   -0.02328137
   -0.04543183
    0.04802610
    0.05181658
    0.07575385
   -0.15276677
    0.09262861
    0.40129177
   -0.40870654
    0.13008402
   -0.12199159
    0.05433056
    0.04567203
    0.05077982
   -0.10960147
    0.04806231
    0.04118977
    0.02821217
    0.13036029
   -0.40009173
   -0.12090049
    0.04933242
    0.04725839
    0.05079140
   -0.12043631
    0.04748146
    0.05372006
    0.04570839
    0.40353481
   -0.38038753
    0.12810946
   -0.12711490
    0.05552288
    0.05742850
    0.05051716
   -0.12292208
    0.04968527
    0.04669894
    0.05379392
    0.12744670
   -0.38208489
   -0.12468960
    0.05473804
    0.05408593
    0.04935653
   -0.12404070
    0.04431533
    0.05396348
    0.04922753
    0.39876849
   -0.37680096
    0.12466903
   -0.13145416
    0.05992602
    0.05435240
    0.05062464
   -0.12954900
    0.06035686
    0.05130175
    0.05181713
    0.12616314
   -0.37810775
   -0.12496536
    0.05127453
    0.05410803
    0.05524234
   -0.12343842
    0.04051122
    0.05143822
    0.05498042
    0.05465263
    0.05162341
   -0.02775779
   -0.05779829
   -0.04290823
    0.10823712
    0.03328261
   -0.05095866
    0.05547684
    0.05279072
   -0.26410627
    0.05309454
   -0.31853997
    0.21376896
   -0.01265844
   -0.03321336
   -0.03220888
   -0.04041199
    0.05768363
   -0.04279311
    0.04082222
    0.02438511
    0.04886985
    0.04514085
   -0.12577303
    0.06358394
    0.05856006
    0.05395069
