           1           2   1.31416569108946     
           2           3   1.35155544658606     
           3           4   1.48022945854980     
           4           5   1.38581896359855     
           1           6   1.38910049402464     
           3           6  0.105743069174175     
           5           6   1.45816129993142     
           6           7  0.956696416833183     
           5           8  0.968224359192478     
           3           9  0.961974105865853     
           2          10   1.08716911990740     
          10          11   1.30876737293006     
          11          12   1.39038742310053     
          12          13   1.45449863124739     
          13          14   1.38852469958063     
          10          15   1.35521960245636     
          12          15  0.105379188012247     
          14          15   1.47675832719496     
          15          16  0.961814271617577     
          13          17  0.968869166876802     
          12          18  0.947795916235570     
           1          19  0.433867467949954     
          11          19  0.429355570693471     
          19          20  0.527439760802528     
          19          21  0.735954491243132     
          21          22   1.08950495607773     
          22          23  0.942536283658907     
          23          24  0.996581475351010     
          24          25  0.982626293533730     
          24          26  0.983545938153369     
          24          27  0.983278253520751     
          23          28  0.989877770493986     
          28          29  0.983989294988772     
          28          30  0.984063938431937     
          28          31  0.985431404229958     
          23          32  0.941224879800113     
          21          33   1.11510333982587     
          32          33  0.938742260899817     
          32          34  0.990789628890054     
          34          35  0.982672440446895     
          34          36  0.983627427540735     
          34          37  0.982320626169361     
          32          38  0.996855987153484     
          38          39  0.983133028412816     
          38          40  0.982655016705829     
          38          41  0.983657280099633     
          19          42  0.855553446340814     
          42          43   1.12151644485115     
          43          44  0.934558700939761     
          44          45  0.996909034481640     
          45          46  0.982116411666143     
          45          47  0.981524468008920     
          45          48  0.982959851798524     
          44          49  0.991072802463061     
          49          50  0.983252463314043     
          49          51  0.982532081571976     
          49          52  0.979480936461244     
          44          53  0.938925174832093     
          42          54   1.10982140942029     
          53          54  0.933656236206768     
          53          55  0.996348103645452     
          55          56  0.982343556788700     
          55          57  0.982786456356827     
          55          58  0.983025957561580     
          53          59  0.991643411689088     
          59          60  0.982134547092603     
          59          61  0.982845315851883     
          59          62  0.983060548618694     
          19          63  0.867938980802462     
          63          64   1.11480481957334     
          64          65  0.937630290457752     
          65          66  0.991332957387595     
          66          67  0.978192683907023     
          66          68  0.982474732345765     
          66          69  0.982943450260445     
          65          70  0.996347165512355     
          70          71  0.981957340781526     
          70          72  0.983345435718755     
          70          73  0.982191463363292     
          65          74  0.937190609974000     
          63          75   1.12045283292319     
          74          75  0.935714571218990     
          74          76  0.995687177448527     
          76          77  0.982884419007811     
          76          78  0.982287393858289     
          76          79  0.981632684341286     
          74          80  0.991482222000617     
          80          81  0.983729440747235     
          80          82  0.983034331806673     
          80          83  0.983195110685640     
           4          84  0.968583328727212     
          14          85  0.968751137941148     
          19          86  0.589296610870708     
          20          86  0.353196480810768     
          86          87   1.40850658548185     
          86          88   1.32939410569995     
          87          89   1.36795837423287     
          87          90  0.962170823899284     
          87          91  0.102575008490890     
          88          91   1.50750996075344     
          88          92  0.958868282640498     
          89          93   1.26694759210980     
          91          93   1.31642024199927     
          89          94   1.05475779969851     
          91          95  0.965931575916107     
          93          96   1.19756714973069     
          94          96  0.100462469133161     
          94          97   1.06270635446110     
          96          97   1.56471392591758     
          97          98   1.08875770037521     
          98          99   1.35956849275467     
          98         100   1.36161688830887     
          99         101   1.46905080556773     
          99         102  0.966841858027578     
          99         103  0.101725231331579     
         100         103   1.47095470673837     
         100         104  0.968667015718141     
         101         105   1.39686764546165     
         103         105   1.39381233456967     
         101         106  0.967090692331204     
         103         107  0.968512545359184     
         105         108   1.03058698849164     
         108         109  0.963922353279364     
         108         110  0.974094403002092     
         108         111  0.983687766568751     
