           1           2   1.17881304363092     
           1           3  0.116599526193064     
           2           3   1.15820831137440     
           3           4   1.03737866629702     
           3           5   1.60747279367151     
           1           6   1.63753948851498     
           5           6   1.26485452159826     
           1           7  0.970876759518808     
           4           8  0.983590318774752     
           4           9  0.967801111051163     
           4          10  0.967204640452509     
           5          11  0.964386101222736     
           6          12  0.965116425246475     
