   -0.11953359
    0.08038477
   -0.03795424
   -0.02085041
   -0.04456639
    0.04837723
    0.04894944
    0.05305444
    0.04166544
    0.07459859
   -0.12793321
    0.03781877
   -0.04758805
   -0.02572532
   -0.04080531
    0.03995908
    0.04902228
    0.07406901
   -0.15579165
    0.09307616
    0.40663800
   -0.40843886
    0.13047365
   -0.12046349
    0.05300894
    0.04488288
    0.05065482
   -0.10935804
    0.04781197
    0.04165119
    0.02792879
    0.13100253
   -0.40550866
   -0.12196560
    0.05457911
    0.04534078
    0.04843472
   -0.11969171
    0.04656092
    0.05298351
    0.04538161
    0.40191768
   -0.38276036
    0.12816983
   -0.12632879
    0.05575626
    0.05624103
    0.04927819
   -0.12093491
    0.04817863
    0.04447481
    0.05185404
    0.12724515
   -0.38337630
   -0.12441916
    0.05328545
    0.05461241
    0.04828170
   -0.12442758
    0.04536073
    0.05276173
    0.05075963
    0.40463244
   -0.37770313
    0.12537446
   -0.12882784
    0.05682956
    0.05447996
    0.04950266
   -0.12945291
    0.06118521
    0.05004419
    0.05235489
    0.12779048
   -0.38409340
   -0.12373753
    0.05091552
    0.05277645
    0.05464384
   -0.12124900
    0.03945841
    0.04874209
    0.05452789
    0.04946591
    0.04541664
   -0.02587637
    0.00178514
   -0.03964611
    0.05325446
   -0.04299176
   -0.03616875
    0.04769405
   -0.12298422
   -0.08133637
   -0.04280790
    0.02991915
    0.03233121
    0.04301873
    0.17802447
   -0.02012103
    0.01865319
    0.03331004
   -0.05891618
   -0.04360994
   -0.04494051
    0.02316388
   -0.04810121
    0.01822649
    0.02501884
    0.02195966
