           1           2   1.30844377709611     
           2           3   1.34375930140346     
           3           4   1.48704717765053     
           4           5   1.37874290760469     
           1           6   1.38701888654547     
           3           6  0.106140798716926     
           5           6   1.46236227704773     
           6           7  0.957095957100854     
           5           8  0.968811730052255     
           3           9  0.961815309216965     
           2          10   1.09527104199104     
          10          11   1.29582930880090     
          11          12   1.37098826413862     
          12          13   1.46664944479510     
          13          14   1.37738522959927     
          10          15   1.35361514936225     
          12          15  0.104651943153867     
          14          15   1.47872087194672     
          15          16  0.961890366584323     
          13          17  0.969090496854515     
          12          18  0.948844673474844     
           1          19  0.442654679893416     
          11          19  0.447531413375824     
          19          20  0.538586169916485     
          19          21  0.703893085035435     
          21          22   1.09539866048632     
          22          23  0.941958614638345     
          23          24  0.996277209572100     
          24          25  0.982695003096494     
          24          26  0.983614262636522     
          24          27  0.983247333899286     
          23          28  0.990270910881685     
          28          29  0.983960256508835     
          28          30  0.983901927297488     
          28          31  0.984892358629988     
          23          32  0.940713508646737     
          21          33   1.10952394942360     
          32          33  0.938012277278000     
          32          34  0.991097599755695     
          34          35  0.979590891062619     
          34          36  0.983574522488543     
          34          37  0.982002672922147     
          32          38  0.996968833763148     
          38          39  0.983126154745480     
          38          40  0.982733548596181     
          38          41  0.983680252254929     
          19          42  0.855753829472980     
          42          43   1.11490180125388     
          43          44  0.936801753976258     
          44          45  0.996425810579376     
          45          46  0.982138676988924     
          45          47  0.981574419533129     
          45          48  0.983217664340888     
          44          49  0.990799650139567     
          49          50  0.983474107836723     
          49          51  0.982949685636982     
          49          52  0.979410673456253     
          44          53  0.938737595316750     
          42          54   1.10878830942625     
          53          54  0.934518529897044     
          53          55  0.996368945563866     
          55          56  0.982513954104585     
          55          57  0.982751953436791     
          55          58  0.983123150726235     
          53          59  0.991708992736814     
          59          60  0.981378568901557     
          59          61  0.982980442565804     
          59          62  0.982995359333674     
          19          63  0.855375680979834     
          63          64   1.10949214968051     
          64          65  0.938550984572761     
          65          66  0.991053264844804     
          66          67  0.979291215563080     
          66          68  0.982510185102929     
          66          69  0.983124546099701     
          65          70  0.996255667531868     
          70          71  0.981919544267780     
          70          72  0.983490203137287     
          70          73  0.982279587749322     
          65          74  0.938580012212988     
          63          75   1.11503990822391     
          74          75  0.934690551385281     
          74          76  0.996492491250098     
          76          77  0.982651057980113     
          76          78  0.981998098336259     
          76          79  0.982226472799779     
          74          80  0.991174451270176     
          80          81  0.983495673759811     
          80          82  0.983269406762608     
          80          83  0.983217005703142     
           4          84  0.969100277690156     
          14          85  0.969457760109137     
          19          86  0.593620054067479     
          20          86  0.341926747788912     
          86          87   1.34995914016874     
          86          88   1.37305235384092     
          87          89   1.03967366772064     
          87          90   1.36852244196315     
          88          90  0.105932718086293     
          88          91   1.45796587997451     
          88          92  0.960291474255701     
          89          93   1.17049999801057     
          89          94   1.53946020784150     
          90          95   1.45949638987301     
          91          95   1.40788586088953     
          90          96  0.967518800105379     
          91          97  0.969244623051465     
          93          98   1.18256902316772     
          93          99  0.937171298507126     
          94         100   1.23684332231833     
          98         100   1.23395271970618     
          94         101  0.972735513951231     
          95         102  0.969776071921416     
          98         103   1.34308853650698     
         100         104   1.32766876885799     
         103         104  0.108657291631159     
         103         105   1.48526729002259     
         103         106  0.968559039776374     
         104         107   1.50060632094242     
         105         107   1.37260975001768     
         104         108  0.969969200161775     
         105         109  0.972239684300297     
         107         110  0.971954915467947     
