   -0.11057485
    0.08561378
   -0.04105820
   -0.01853415
   -0.03994124
    0.05363892
    0.05501107
    0.06275647
    0.05139382
    0.08027755
   -0.13878274
    0.04506718
   -0.04246013
   -0.02308076
   -0.04429306
    0.05259793
    0.05828950
    0.07338853
   -0.14299709
    0.10208869
    0.40687041
   -0.40299535
    0.12964420
   -0.12449335
    0.05655483
    0.04872296
    0.05326521
   -0.11242388
    0.05187879
    0.04363223
    0.02925069
    0.12990194
   -0.39616713
   -0.12463390
    0.05370684
    0.05063150
    0.05217605
   -0.12255449
    0.04871321
    0.05621637
    0.04905501
    0.39874100
   -0.37382083
    0.12662121
   -0.12991068
    0.05553051
    0.06123919
    0.05298676
   -0.12564851
    0.05223550
    0.04896674
    0.05528927
    0.12690529
   -0.38402840
   -0.12605300
    0.05584640
    0.05499260
    0.05210754
   -0.12555497
    0.04189106
    0.05753787
    0.05108665
    0.40250920
   -0.37290140
    0.12474285
   -0.13166183
    0.05820913
    0.05688633
    0.05383314
   -0.13147152
    0.06230327
    0.05376539
    0.05348824
    0.12621882
   -0.37628028
   -0.12751531
    0.05422261
    0.05638516
    0.05764241
   -0.12490365
    0.03972979
    0.05413892
    0.05767627
    0.06013766
    0.05804618
   -0.01443846
   -0.05577053
   -0.05133873
    0.36830718
    0.24978609
    0.04975434
    0.07949897
   -0.45859371
   -0.27766642
   -0.24051750
   -0.25661399
    0.07160654
    0.02253620
    0.08029726
    0.06890479
    0.07673201
