           1           2   1.32497075560070     
           2           3   1.35354132493223     
           3           4   1.47700377769633     
           4           5   1.39532284258987     
           1           6   1.39895540463798     
           3           6  0.106203968965234     
           5           6   1.45033093489068     
           6           7  0.955861295036367     
           5           8  0.967624276162563     
           3           9  0.961605892269215     
           2          10   1.08118559320641     
          10          11   1.31127030811332     
          11          12   1.38613901977779     
          12          13   1.45374200238726     
          13          14   1.39313197547044     
          10          15   1.36085483618826     
          12          15  0.104975225434982     
          14          15   1.47083413556357     
          15          16  0.961325133311783     
          13          17  0.968083717581039     
          12          18  0.949036393799469     
           1          19  0.424254281047566     
          11          19  0.419456645281584     
          19          20  0.518346177983873     
          19          21  0.737917051554806     
          21          22   1.10308300692161     
          22          23  0.937512874254675     
          23          24  0.996874065043654     
          24          25  0.982229249181238     
          24          26  0.983126913234602     
          24          27  0.982936397110760     
          23          28  0.990647848876781     
          28          29  0.983457664860399     
          28          30  0.983625421058018     
          28          31  0.985138014812466     
          23          32  0.941079316819212     
          21          33   1.12465292181799     
          32          33  0.933410292908874     
          32          34  0.991362773032598     
          34          35  0.981161471142691     
          34          36  0.983130820473524     
          34          37  0.982069458633018     
          32          38  0.997371538633760     
          38          39  0.982924854447923     
          38          40  0.982125901408091     
          38          41  0.983164120161021     
          19          42  0.839662258436994     
          42          43   1.13379755704929     
          43          44  0.932616602337912     
          44          45  0.996787056781761     
          45          46  0.981926108689569     
          45          47  0.981132252421189     
          45          48  0.982786203201332     
          44          49  0.991296457022637     
          49          50  0.982839009303135     
          49          51  0.982457857998351     
          49          52  0.978951898295424     
          44          53  0.938282509982053     
          42          54   1.11467800631847     
          53          54  0.930366954755926     
          53          55  0.996509738085807     
          55          56  0.982108119309691     
          55          57  0.982590497577543     
          55          58  0.982602203582324     
          53          59  0.992459676168006     
          59          60  0.982370829950667     
          59          61  0.982327885065533     
          59          62  0.982803615044827     
          19          63  0.855478482843744     
          63          64   1.12304272543265     
          64          65  0.933731098678445     
          65          66  0.991481697056231     
          66          67  0.979303817324981     
          66          68  0.982109042158586     
          66          69  0.982546255656055     
          65          70  0.996714330238045     
          70          71  0.981664661584309     
          70          72  0.982937734951485     
          70          73  0.982006932415552     
          65          74  0.938424736516421     
          63          75   1.12716577563258     
          74          75  0.930074225321872     
          74          76  0.996742475290058     
          76          77  0.982219430923342     
          76          78  0.981855655298090     
          76          79  0.981924087210327     
          74          80  0.991940868631038     
          80          81  0.982891456228291     
          80          82  0.982703055329148     
          80          83  0.982686289386501     
           4          84  0.967875317897448     
          14          85  0.967997461285125     
          19          86  0.616331687962556     
          20          86  0.357347893159630     
          86          87   1.32728445244043     
          86          88   1.33884987931524     
          87          89  0.994800197339607     
          87          90   1.32200867760718     
          88          91   1.49115194405521     
          88          92  0.955827367301534     
          89          93   1.68335541623454     
          89          94   1.13410058141249     
          93          94  0.166804091214958     
          90          95  0.939301809465230     
          90          96   1.44818243638585     
          91          96   1.34565447739695     
          91          97  0.959084925256943     
          94          98  0.944832948398814     
          98          99  0.973412348962359     
          98         100  0.975589819657283     
          98         101  0.977206261894581     
