   -0.12169769
    0.07678133
   -0.04241454
   -0.02062921
   -0.04179515
    0.04832297
    0.05678708
    0.06014446
    0.05136133
    0.07276885
   -0.12872763
    0.04199585
   -0.04311386
   -0.02325477
   -0.04509318
    0.05126276
    0.05585829
    0.07725016
   -0.14411313
    0.10403339
    0.40404293
   -0.40356027
    0.12938353
   -0.12288261
    0.05469102
    0.04619440
    0.05320704
   -0.11109897
    0.04947071
    0.04393152
    0.02763943
    0.13076799
   -0.40446421
   -0.12299927
    0.05363453
    0.04699284
    0.05014312
   -0.12106614
    0.04680578
    0.05409129
    0.04692271
    0.40767086
   -0.37691209
    0.12890460
   -0.12497025
    0.05522444
    0.05491631
    0.05024611
   -0.12208782
    0.04976078
    0.04917252
    0.05177727
    0.12807442
   -0.38783804
   -0.12478653
    0.05334476
    0.05449095
    0.04924112
   -0.12039448
    0.04551531
    0.05100911
    0.04860256
    0.40330856
   -0.37880950
    0.12522459
   -0.13043980
    0.05917164
    0.05358923
    0.05088651
   -0.12926604
    0.05986967
    0.05148887
    0.05292962
    0.12666767
   -0.37539522
   -0.12524731
    0.05140107
    0.05436966
    0.05697484
   -0.12318931
    0.04199437
    0.05046782
    0.05563498
    0.05743617
    0.05464196
   -0.05038261
   -0.03164399
    0.16261960
   -0.04865493
    0.05044345
   -0.24740074
   -0.05873634
    0.04654612
    0.05755451
    0.06777969
   -0.15037138
