           1           2   1.31663927319627     
           2           3   1.35276030468081     
           3           4   1.47887411308542     
           4           5   1.38888202184162     
           1           6   1.39173533091652     
           3           6  0.105679454119039     
           5           6   1.45567654742426     
           6           7  0.956753068000897     
           5           8  0.967937554718264     
           3           9  0.961323419258873     
           2          10   1.08685111108487     
          10          11   1.30829944325955     
          11          12   1.38799282164046     
          12          13   1.45420144851250     
          13          14   1.39065785872750     
          10          15   1.35739153621046     
          12          15  0.104765573653186     
          14          15   1.47411831554055     
          15          16  0.961196257200565     
          13          17  0.968399369260372     
          12          18  0.947170727408413     
           1          19  0.432464196980951     
          11          19  0.422275602016203     
          19          20  0.542905829073184     
          19          21  0.737573271428739     
          21          22   1.10029331068098     
          22          23  0.940064562676418     
          23          24  0.996645195309923     
          24          25  0.982583114218420     
          24          26  0.983323581938438     
          24          27  0.982978795650806     
          23          28  0.990428781195059     
          28          29  0.983877540457128     
          28          30  0.983854372143235     
          28          31  0.984934456855059     
          23          32  0.941200550192503     
          21          33   1.11149449455360     
          32          33  0.936568701182662     
          32          34  0.991177799077993     
          34          35  0.980852702253979     
          34          36  0.983340311097822     
          34          37  0.981585233944394     
          32          38  0.997342078282319     
          38          39  0.983055264417243     
          38          40  0.982594677006555     
          38          41  0.983516774993977     
          19          42  0.847500464993639     
          42          43   1.13611254086830     
          43          44  0.935291340228064     
          44          45  0.996366774564033     
          45          46  0.981776856907669     
          45          47  0.981956189512573     
          45          48  0.982924001303941     
          44          49  0.991011818408974     
          49          50  0.983138582254068     
          49          51  0.982382187683691     
          49          52  0.980219042804225     
          44          53  0.938068467898071     
          42          54   1.10021809903465     
          53          54  0.933551485335379     
          53          55  0.995996589530325     
          55          56  0.982553063340121     
          55          57  0.982711987957033     
          55          58  0.982941305934742     
          53          59  0.992144993288984     
          59          60  0.982599810029069     
          59          61  0.982996653695440     
          59          62  0.983225917185043     
          19          63  0.849409641213610     
          63          64   1.11272182233508     
          64          65  0.935709484871686     
          65          66  0.991537937726067     
          66          67  0.978678593257185     
          66          68  0.982453245919022     
          66          69  0.983000227248759     
          65          70  0.996702781496962     
          70          71  0.982101324475388     
          70          72  0.983260971316880     
          70          73  0.982260804079551     
          65          74  0.937759679958976     
          63          75   1.12595583870172     
          74          75  0.934429900575801     
          74          76  0.995833833407849     
          76          77  0.982849600675861     
          76          78  0.982169745255083     
          76          79  0.981681321824927     
          74          80  0.991488604449430     
          80          81  0.984143853283058     
          80          82  0.982994738499150     
          80          83  0.983107995010504     
           4          84  0.968263097650100     
          14          85  0.968442781727741     
          19          86  0.582929302440510     
          20          86  0.343529611196098     
          86          87   1.37562657846253     
          86          88   1.34420199476060     
          87          89   1.43582412165522     
          87          90  0.960020872857308     
          88          91  0.930967428496334     
          87          92  0.100565756925618     
          88          92   1.40414163215161     
          89          93   1.41769071235895     
          92          93   1.41325951592089     
          89          94  0.967139758474229     
          92          95  0.964053678170911     
          93          96  0.952761454719838     
