           1           2   1.44224389381921     
           2           3   1.42739273450374     
           1           4  0.103937868648377     
           3           4   1.43869774235454     
           2           5  0.116536008443129     
           4           5   1.43867596705478     
           1           6   1.44225148411831     
           3           6  0.116527588653783     
           5           6   1.42739885447522     
           1           7  0.969346821707066     
           2           8  0.969550093908798     
           3           9  0.963820512380886     
           5          10  0.963826113570760     
           6          11  0.969550841440880     
