   -0.13790311
    0.08234231
   -0.04308814
   -0.01707884
   -0.03810522
    0.05416158
    0.05477352
    0.05532568
    0.04635219
    0.08322544
   -0.14290291
    0.02274968
   -0.07081491
   -0.03320826
   -0.06702573
    0.03817907
    0.02751533
    0.06742523
   -0.14837699
    0.08713566
    0.37918064
   -0.41207194
    0.12990536
   -0.11877687
    0.05069571
    0.04163829
    0.04755994
   -0.11163108
    0.04319909
    0.03924075
    0.03415741
    0.13054822
   -0.41111336
   -0.12008275
    0.05201840
    0.04211978
    0.04513863
   -0.11693475
    0.04495307
    0.04823436
    0.04144794
    0.40299813
   -0.38315688
    0.12848183
   -0.12450196
    0.05275642
    0.05563643
    0.04876213
   -0.12122455
    0.04696601
    0.04567022
    0.05316817
    0.12782762
   -0.38521524
   -0.12260156
    0.05228940
    0.05248015
    0.04682617
   -0.12451269
    0.04882448
    0.05069658
    0.04967364
    0.40800987
   -0.37185306
    0.12473621
   -0.13001753
    0.05731020
    0.05505847
    0.05151973
   -0.13129698
    0.06187445
    0.05180608
    0.05480956
    0.12701646
   -0.37691532
   -0.12517127
    0.05218883
    0.05437941
    0.05574176
   -0.12409479
    0.04185501
    0.05139854
    0.05614764
    0.05005966
    0.03717218
   -0.04619531
   -0.00596043
   -0.04978057
   -0.01071670
   -0.04518700
    0.01122831
    0.04233303
    0.00081741
   -0.05217651
   -0.05337965
    0.02105974
   -0.11601923
   -0.06256795
    0.19725084
   -0.02705290
    0.04203201
    0.02663361
    0.04064405
    0.05194116
    0.04902267
    0.05238536
