           1           2   1.36394003378049     
           2           3   1.41967290216333     
           3           4   1.42614869396893     
           2           5  0.104368684198547     
           4           5   1.43055424543328     
           1           6   1.38684874456559     
           3           6  0.104876372288280     
           5           6   1.43795930002586     
           6           7  0.956655964152189     
           5           8  0.968264114090924     
           3           9  0.962355537513870     
           2          10  0.927928276247145     
          10          11  0.966759881490408     
          11          12   1.13152752664907     
          12          13   1.71711989956206     
          13          14   1.14019495859394     
          10          15  0.984556587102586     
          12          15  0.110565282636773     
          14          15   1.80841781185527     
          15          16  0.961239054684840     
          13          17  0.969249376450950     
          12          18  0.947764922018583     
           1          19  0.356222281676609     
          11          19  0.196963061981491     
          19          20  0.525194554653974     
          19          21  0.769230392604872     
          21          22   1.09004831688814     
          22          23  0.946557972280898     
          23          24  0.995432339804572     
          24          25  0.982978490831329     
          24          26  0.984093306414902     
          24          27  0.983483787610496     
          23          28  0.989984252813410     
          28          29  0.984321065954959     
          28          30  0.983446878863036     
          28          31  0.980852200463234     
          23          32  0.939998493346583     
          21          33   1.09373231124413     
          32          33  0.946084077274012     
          32          34  0.990234959435581     
          34          35  0.980978003276718     
          34          36  0.983834956169655     
          34          37  0.981575226891198     
          32          38  0.996153690895827     
          38          39  0.983368666739076     
          38          40  0.983125360356717     
          38          41  0.984273038355617     
          19          42  0.865141448946666     
          42          43   1.11772690213550     
          43          44  0.937055056414388     
          44          45  0.996274337374348     
          45          46  0.981863894931289     
          45          47  0.981860263802464     
          45          48  0.983259835911702     
          44          49  0.991468719817359     
          49          50  0.983412762190005     
          49          51  0.982951443470244     
          49          52  0.978388264760143     
          44          53  0.937124397284655     
          42          54   1.09847920380124     
          53          54  0.935916598849063     
          53          55  0.995806732435008     
          55          56  0.982196000745659     
          55          57  0.982798294606644     
          55          58  0.983180325095234     
          53          59  0.992194312339360     
          59          60  0.980435910390237     
          59          61  0.983057280732422     
          59          62  0.983031661386841     
          19          63  0.901207418455392     
          63          64   1.11120277240083     
          64          65  0.936009358201285     
          65          66  0.991407453547000     
          66          67  0.979616126497859     
          66          68  0.982391147405913     
          66          69  0.982810853524681     
          65          70  0.996440999937312     
          70          71  0.981772800798361     
          70          72  0.983170047284267     
          70          73  0.981954216744110     
          65          74  0.937382707306984     
          63          75   1.11805571930899     
          74          75  0.934008232054884     
          74          76  0.996411286308966     
          76          77  0.982564669870993     
          76          78  0.982007447756047     
          76          79  0.982035205356282     
          74          80  0.991341642483810     
          80          81  0.983588751358879     
          80          82  0.982967912459912     
          80          83  0.982994902538098     
           4          84  0.968920045779733     
          14          85  0.964921153299409     
          19          86  0.579400616124833     
          20          86  0.373379637344505     
          86          87   1.35111195354342     
          86          88   1.37267305869771     
          87          89   1.01544066506062     
          87          90   1.36487557723370     
          88          90  0.101448167196693     
          88          91   1.43190235331370     
          88          92  0.957940689630920     
          10          93  0.980171226765731     
          89          93   1.57063199035986     
          89          94   1.20990564440440     
          90          95   1.46625682962681     
          91          95   1.37750276871351     
          90          96  0.967963830754446     
          91          97   1.02259541059139     
          93          98   1.13626858812961     
          11          99  0.892305233332510     
          93         100  0.107742413629577     
          94         100   1.65421130385992     
          98         100   1.17493243275760     
          94         101  0.963385370311833     
          95         102  0.968982056859615     
          97         103  0.984833154707660     
          97         104  0.971026594546454     
          97         105  0.973632285862881     
         100         106  0.968079715667169     
