           1           2   1.40997512788634     
           2           3  0.987086396044223     
           2           4   1.33599532510244     
           4           5  0.983725103870121     
           4           6   1.43607690995077     
           2           7  0.103050651253787     
           6           7   1.41027844756142     
           1           8   1.43093656837652     
           7           8   1.42953529169730     
           1           9  0.959487191671108     
           7          10  0.956942636293705     
           8          11  0.961980502772567     
