   -0.11653986
    0.08007599
   -0.04080005
   -0.01954531
   -0.04036527
    0.04902176
    0.05628624
    0.06202179
    0.05366096
    0.07672858
   -0.11955497
    0.04314239
   -0.04192925
   -0.02066674
   -0.04379926
    0.05458773
    0.05757342
    0.07992157
   -0.15073776
    0.09894541
    0.40286750
   -0.40362047
    0.12940370
   -0.12312174
    0.05458719
    0.04661613
    0.05290797
   -0.11196340
    0.04961600
    0.04405990
    0.02928924
    0.13014507
   -0.39883440
   -0.12238642
    0.05186471
    0.04781358
    0.05021210
   -0.12148499
    0.04854100
    0.05392831
    0.04682192
    0.40246096
   -0.38356447
    0.12893447
   -0.12489953
    0.05226702
    0.05688715
    0.05052705
   -0.12284492
    0.05048578
    0.04724587
    0.05428668
    0.12793468
   -0.38080713
   -0.12560674
    0.05687853
    0.05564236
    0.04945149
   -0.11867434
    0.03693061
    0.05268665
    0.04976761
    0.40100906
   -0.37941830
    0.12508051
   -0.13014793
    0.05851177
    0.05228826
    0.05145340
   -0.12964594
    0.05984760
    0.05202370
    0.05332241
    0.12660406
   -0.37595859
   -0.12515247
    0.05193465
    0.05570479
    0.05495248
   -0.12374229
    0.04152840
    0.05166582
    0.05609208
    0.05971018
    0.05762427
   -0.02863737
   -0.02495794
   -0.05166684
   -0.02972069
   -0.00444417
    0.03145795
    0.04874031
    0.11263573
   -0.28997497
