           1           2   1.32279587864307     
           2           3   1.35756650551783     
           3           4   1.47412570840113     
           4           5   1.39466032064096     
           1           6   1.39354845750924     
           3           6  0.105526409899150     
           5           6   1.45252459593289     
           6           7  0.956668494270216     
           5           8  0.967687800277870     
           3           9  0.961433134481632     
           2          10   1.07958684345804     
          10          11   1.31756181069020     
          11          12   1.39493478722864     
          12          13   1.44765386844265     
          13          14   1.39873294781346     
          10          15   1.36160074301124     
          12          15  0.105010083584221     
          14          15   1.47006652295994     
          15          16  0.961221997655472     
          13          17  0.968200102641513     
          12          18  0.946288592377846     
           1          19  0.426714806261474     
          11          19  0.425058627051925     
          19          20  0.561893911264288     
          19          21  0.749782290760634     
          21          22   1.09813376820001     
          22          23  0.940451846130834     
          23          24  0.996803254610228     
          24          25  0.982532722158149     
          24          26  0.983341277600854     
          24          27  0.982987542158952     
          23          28  0.990378086272978     
          28          29  0.983793335941864     
          28          30  0.983845747976335     
          28          31  0.985386397067561     
          23          32  0.941089293565902     
          21          33   1.11748257864814     
          32          33  0.936957836172290     
          32          34  0.991033797884307     
          34          35  0.981448458664649     
          34          36  0.983392029213368     
          34          37  0.982061467808626     
          32          38  0.997142135724534     
          38          39  0.982985992785193     
          38          40  0.982681779039569     
          38          41  0.983498170171392     
          19          42  0.855501703702178     
          42          43   1.12230881496141     
          43          44  0.933719964781178     
          44          45  0.997291845095438     
          45          46  0.982483663542531     
          45          47  0.981605042139815     
          45          48  0.982852638091282     
          44          49  0.990961051114481     
          49          50  0.983181733092956     
          49          51  0.982277824646845     
          49          52  0.979622714195064     
          44          53  0.939520597247225     
          42          54   1.11104765291175     
          53          54  0.932903596000100     
          53          55  0.996470263964463     
          55          56  0.982120732165281     
          55          57  0.982608824759237     
          55          58  0.982909668258466     
          53          59  0.991883793915754     
          59          60  0.983311940652056     
          59          61  0.982854953553799     
          59          62  0.982975141112480     
          19          63  0.848423702594723     
          63          64   1.11250987188504     
          64          65  0.935848944476652     
          65          66  0.991503101776172     
          66          67  0.978521215601959     
          66          68  0.982661749865124     
          66          69  0.982832136964544     
          65          70  0.996578085847018     
          70          71  0.982027440466838     
          70          72  0.983201147184126     
          70          73  0.982099970713143     
          65          74  0.938010149344730     
          63          75   1.12477393848761     
          74          75  0.933939910412359     
          74          76  0.996169940990925     
          76          77  0.982728181133764     
          76          78  0.981949321286288     
          76          79  0.981463647490854     
          74          80  0.991411782174328     
          80          81  0.983821329475262     
          80          82  0.982934638355943     
          80          83  0.983050334423068     
           4          84  0.967983164181184     
          14          85  0.968043818644654     
          19          86  0.583682184204068     
          20          86  0.329479713297650     
          86          87   1.14006921628563     
          86          88   1.58042810919236     
          87          89   1.21596319266920     
          88          90   1.19964085157121     
          89          90   1.49126903712608     
          88          91  0.960678662976416     
          89          92  0.970538731028443     
          90          93   1.11854376099024     
          93          94   2.76040340652674     
