   -0.12671506
    0.07445613
   -0.04469290
   -0.02265947
   -0.04508983
    0.04835780
    0.05308571
    0.05461066
    0.04625891
    0.06966229
   -0.13426109
    0.04064380
   -0.04569352
   -0.02678010
   -0.04557825
    0.04466451
    0.04987321
    0.07470148
   -0.15373224
    0.08357764
    0.40437250
   -0.40431185
    0.12940916
   -0.12169036
    0.05374129
    0.04495334
    0.05187316
   -0.10983878
    0.04776532
    0.04256309
    0.02751703
    0.13059088
   -0.40487905
   -0.12239825
    0.05345994
    0.04599969
    0.04999598
   -0.12036420
    0.04607882
    0.05397300
    0.04574380
    0.40646457
   -0.37594934
    0.12796090
   -0.12707971
    0.05885557
    0.05552485
    0.04949567
   -0.12204535
    0.04891260
    0.04796026
    0.05102152
    0.12759346
   -0.38279564
   -0.12469613
    0.05380845
    0.05390229
    0.04873303
   -0.12487660
    0.05177025
    0.05208733
    0.04731898
    0.40530258
   -0.37601116
    0.12473675
   -0.13285908
    0.06143885
    0.05571025
    0.05079615
   -0.12892102
    0.06054678
    0.05082021
    0.05134831
    0.12692905
   -0.37713343
   -0.12475649
    0.05102227
    0.05333939
    0.05691269
   -0.12190665
    0.04087513
    0.04876599
    0.05471461
    0.05174113
    0.04760088
    0.06201446
   -0.03845248
   -0.23057046
   -0.02166906
    0.02729008
    0.05409087
   -0.05459029
    0.03315293
    0.03662910
    0.03788055
