           1           2   1.30913885171679     
           2           3   1.34371023325716     
           3           4   1.48756130334237     
           4           5   1.37842911590293     
           1           6   1.39004327811384     
           3           6  0.106346632943270     
           5           6   1.46133143958884     
           6           7  0.957285765073675     
           5           8  0.968642307370550     
           3           9  0.962389176596720     
           2          10   1.09646436449934     
          10          11   1.29447358867766     
          11          12   1.37648458376305     
          12          13   1.46535642519316     
          13          14   1.37703246062082     
          10          15   1.35153353354872     
          12          15  0.104854603071987     
          14          15   1.48050079660290     
          15          16  0.962322349137006     
          13          17  0.969052585951993     
          12          18  0.947736380039091     
           1          19  0.437237130075976     
          11          19  0.435777480346303     
          19          20  0.521415257654714     
          19          21  0.719230050887317     
          21          22   1.09640015248027     
          22          23  0.941751372248409     
          23          24  0.996268855133568     
          24          25  0.982595953413767     
          24          26  0.983610136871745     
          24          27  0.983103249878041     
          23          28  0.990177438268253     
          28          29  0.984010416328892     
          28          30  0.984013239685973     
          28          31  0.984822054314593     
          23          32  0.940614431209933     
          21          33   1.10970669243511     
          32          33  0.938225896632064     
          32          34  0.990988586645150     
          34          35  0.980757721330493     
          34          36  0.983518589299098     
          34          37  0.981944508060070     
          32          38  0.997057492246312     
          38          39  0.983114064547832     
          38          40  0.982723795658803     
          38          41  0.983721932798015     
          19          42  0.853555954592723     
          42          43   1.12851824111359     
          43          44  0.935193792893844     
          44          45  0.996685313258974     
          45          46  0.981834051493059     
          45          47  0.982040514677571     
          45          48  0.983124008866089     
          44          49  0.990598152665981     
          49          50  0.983521841787562     
          49          51  0.982421861465469     
          49          52  0.980364513503527     
          44          53  0.939662475346709     
          42          54   1.10554672415250     
          53          54  0.933223743467650     
          53          55  0.996551210432503     
          55          56  0.982561270612345     
          55          57  0.982915162535549     
          55          58  0.983194519908994     
          53          59  0.991552718824570     
          59          60  0.981685154128224     
          59          61  0.983086125249476     
          59          62  0.983360872377769     
          19          63  0.862440455387867     
          63          64   1.11567802373711     
          64          65  0.936744485204515     
          65          66  0.991242220417173     
          66          67  0.978414346219227     
          66          68  0.982302371173483     
          66          69  0.982968778401982     
          65          70  0.996455492426453     
          70          71  0.981983427359147     
          70          72  0.983422165392516     
          70          73  0.982427074753692     
          65          74  0.937424014368400     
          63          75   1.12067287313808     
          74          75  0.935421726612901     
          74          76  0.995723198338897     
          76          77  0.982907973408686     
          76          78  0.982194668099074     
          76          79  0.981424222662880     
          74          80  0.991331171658995     
          80          81  0.984218127585714     
          80          82  0.983148023785700     
          80          83  0.983222428975281     
           4          84  0.968865491778545     
          14          85  0.969202940677493     
          19          86  0.591470857553692     
          20          86  0.347401125824051     
          86          87   1.34678572155981     
          86          88   1.40538972507780     
          87          89   1.46301726408212     
          87          90  0.964197860643580     
          87          91  0.113292151433264     
          88          91   1.42588142820284     
          89          92   1.41674614160181     
          91          92   1.42975876136343     
          89          93  0.968185786327468     
          91          94  0.961567008256818     
          92          95  0.969487782562821     
