           1           2  0.950004736928001     
           1           3   1.43965701307013     
           3           4   1.38082631920650     
           4           5   1.45236939489942     
           5           6   1.35430794548238     
           6           7   1.21039077586955     
           7           8   1.17953086362882     
           8           9   1.03641323557159     
           8          10   1.56609273720038     
           1          11   1.32928868500362     
           6          11   1.18551653012691     
          10          11   1.23868532182548     
           3          12  0.967360119797042     
           4          13  0.962661817893959     
           7          14  0.920555747131404     
           9          15  0.965046834574392     
           9          16  0.981389241481662     
           9          17  0.965826849332995     
          10          18  0.972155820830732     
