   -0.12698446
    0.07974044
   -0.04171862
   -0.02262835
   -0.04439204
    0.04842714
    0.04874068
    0.05262908
    0.04367063
    0.07314385
   -0.12106887
    0.04398775
   -0.04583956
   -0.02589485
   -0.04597129
    0.04406564
    0.04906529
    0.06995843
   -0.15570500
    0.08420446
    0.40175925
   -0.41013163
    0.13065013
   -0.12036442
    0.05283082
    0.04457024
    0.04984018
   -0.10957026
    0.04707731
    0.04160851
    0.02927914
    0.13135301
   -0.40537929
   -0.11952285
    0.05085793
    0.04540611
    0.04761556
   -0.11870196
    0.04675220
    0.05166612
    0.04468024
    0.40634043
   -0.38241740
    0.12831806
   -0.12562969
    0.05363021
    0.05652394
    0.04885787
   -0.12098237
    0.04737599
    0.04410556
    0.05320573
    0.12754588
   -0.38367258
   -0.12312350
    0.05258088
    0.05319182
    0.04773009
   -0.12332625
    0.04532673
    0.05174195
    0.05050265
    0.40002590
   -0.37730645
    0.12535860
   -0.12787134
    0.05591298
    0.05407048
    0.04807796
   -0.12908755
    0.06038874
    0.04927294
    0.05225653
    0.12736224
   -0.38759124
   -0.12311904
    0.04979342
    0.05224388
    0.05347308
   -0.12179175
    0.03946886
    0.04977863
    0.05361502
    0.04963303
    0.04740629
   -0.02711674
    0.01444725
   -0.04006067
   -0.10769867
   -0.04841364
   -0.04019529
    0.04414916
    0.04874618
    0.03217728
    0.04233961
   -0.04431314
    0.02572337
    0.02486923
    0.02644222
