           1           2   1.30419932969605     
           2           3   1.35060001564447     
           3           4   1.48197253959060     
           4           5   1.38186044735110     
           1           6   1.38866340139295     
           3           6  0.105179731878858     
           5           6   1.45962648129985     
           6           7  0.957381005544350     
           5           8  0.968865361303245     
           3           9  0.962107083028520     
           2          10   1.09268650102972     
          10          11   1.29822617515424     
          11          12   1.38513354555909     
          12          13   1.45810533249958     
          13          14   1.38315298173651     
          10          15   1.35468074787659     
          12          15  0.104466512002493     
          14          15   1.47762034192115     
          15          16  0.961954531743966     
          13          17  0.969176915244389     
          12          18  0.951263590621130     
           1          19  0.426611265993577     
          11          19  0.451215636159722     
          19          20  0.519943249449378     
          19          21  0.717484247323374     
          21          22   1.08902632178349     
          22          23  0.943094219712553     
          23          24  0.996365360653191     
          24          25  0.982727646680214     
          24          26  0.983681639081074     
          24          27  0.983362691325718     
          23          28  0.989868389084380     
          28          29  0.984084753265179     
          28          30  0.983959134929013     
          28          31  0.985454984272389     
          23          32  0.941096053880173     
          21          33   1.10854538363872     
          32          33  0.939902948638005     
          32          34  0.990699888136552     
          34          35  0.981490526622067     
          34          36  0.983721025108370     
          34          37  0.982310002987492     
          32          38  0.996612783176612     
          38          39  0.983191480801893     
          38          40  0.982570357599690     
          38          41  0.983747398462269     
          19          42  0.852714722601422     
          42          43   1.11502365766885     
          43          44  0.937839562883710     
          44          45  0.996003713044268     
          45          46  0.982180003822631     
          45          47  0.981634440021110     
          45          48  0.983324628298153     
          44          49  0.991033642103325     
          49          50  0.983353493019160     
          49          51  0.982815864719556     
          49          52  0.978491926208994     
          44          53  0.937024176026164     
          42          54   1.10872191163113     
          53          54  0.936766327894610     
          53          55  0.995725435189372     
          55          56  0.982260542479649     
          55          57  0.982825118524830     
          55          58  0.983195339263891     
          53          59  0.991767199192819     
          59          60  0.982040030816832     
          59          61  0.983100267481106     
          59          62  0.982984546809100     
          19          63  0.868710819963046     
          63          64   1.11034882881042     
          64          65  0.940810596530021     
          65          66  0.990840654643216     
          66          67  0.978982846673149     
          66          68  0.982546487654791     
          66          69  0.983330622279704     
          65          70  0.995892047068554     
          70          71  0.982009423218953     
          70          72  0.983670257324040     
          70          73  0.982270918136921     
          65          74  0.937848267108888     
          63          75   1.10842232030287     
          74          75  0.936941503999875     
          74          76  0.996181504216672     
          76          77  0.982916098939825     
          76          78  0.982303107882444     
          76          79  0.982360811098164     
          74          80  0.991193023409329     
          80          81  0.983500260711030     
          80          82  0.983292376301186     
          80          83  0.983326616892613     
           4          84  0.969149969821687     
          14          85  0.969243063651915     
          19          86  0.583795891715406     
          20          86  0.357279741894451     
          86          87   1.37599926581853     
          86          88   1.37568390750003     
          87          89   1.01951489045270     
          87          90   1.39707848848186     
          88          90  0.106222991562296     
          87          91  0.102306684396486     
          88          91   1.45038928696760     
          88          92  0.956719523566486     
          89          93  0.971929141854570     
          89          94  0.970607945277298     
          89          95  0.978212795283658     
          90          96   1.45117114633080     
          91          96   1.41731052118156     
          90          97  0.968046954869050     
          91          98  0.969422437743313     
          96          99  0.970632209915365     
