   -0.12310129
    0.07333898
   -0.04418065
   -0.02460214
   -0.04577568
    0.04777453
    0.04918283
    0.05062600
    0.04239434
    0.06852246
   -0.12464334
    0.04088689
   -0.04718728
   -0.02737544
   -0.04650311
    0.04068988
    0.04768471
    0.07660637
   -0.17215934
    0.09751393
    0.40239369
   -0.41169475
    0.13042513
   -0.11928120
    0.05135431
    0.04298404
    0.04953763
   -0.10753766
    0.04545289
    0.04034728
    0.02734935
    0.13117011
   -0.40730880
   -0.11867434
    0.05007215
    0.04358982
    0.04749583
   -0.11871417
    0.04631127
    0.05183576
    0.04340321
    0.40430143
   -0.38610612
    0.12869923
   -0.12475034
    0.05474128
    0.05411511
    0.04806338
   -0.11994554
    0.04682742
    0.04387665
    0.05078654
    0.12738533
   -0.38123135
   -0.12362735
    0.05265226
    0.05398432
    0.04646857
   -0.12393046
    0.04642009
    0.05039893
    0.05109259
    0.40266639
   -0.38036167
    0.12533148
   -0.12936496
    0.05766740
    0.05377233
    0.04845673
   -0.12809324
    0.06024105
    0.04889472
    0.05116319
    0.12771595
   -0.38511005
   -0.12252079
    0.04915400
    0.05189867
    0.05375342
   -0.11965110
    0.03913445
    0.04638658
    0.05290679
    0.04768844
    0.04435748
   -0.05166366
   -0.02924974
   -0.07510300
   -0.00518365
    0.01472199
   -0.03304567
    0.01992541
   -0.06649329
    0.02976297
    0.06344694
    0.06537646
    0.07099183
