           1           2   1.30007062026586     
           2           3   1.34270581968141     
           3           4   1.48969880526856     
           4           5   1.37205918438310     
           1           6   1.38316842396298     
           3           6  0.106045637376664     
           5           6   1.46701609273522     
           6           7  0.957281629011139     
           5           8  0.969056454295030     
           3           9  0.962111818374110     
           2          10   1.10115418643063     
          10          11   1.29338076183627     
          11          12   1.37901826842135     
          12          13   1.46450306699123     
          13          14   1.37492039209299     
          10          15   1.34770917095236     
          12          15  0.105055637163551     
          14          15   1.48410031469788     
          15          16  0.962128416182059     
          13          17  0.969317061816260     
          12          18  0.947894701135715     
           1          19  0.460975462579067     
          11          19  0.457031859180934     
          19          20  0.540632955258668     
          19          21  0.717802182411888     
          21          22   1.08636801952373     
          22          23  0.944918692967460     
          23          24  0.996149386313417     
          24          25  0.982928635093444     
          24          26  0.983876833145631     
          24          27  0.983425161354659     
          23          28  0.989730660328901     
          28          29  0.984332144478803     
          28          30  0.984207172169825     
          28          31  0.985336713262598     
          23          32  0.940952065104659     
          21          33   1.10436575346633     
          32          33  0.941737882388736     
          32          34  0.990542412660700     
          34          35  0.981444710232475     
          34          36  0.983910611295452     
          34          37  0.982322369292666     
          32          38  0.996568347254804     
          38          39  0.983239054873071     
          38          40  0.983071087209826     
          38          41  0.984004162840189     
          19          42  0.871366512266611     
          42          43   1.10747280388828     
          43          44  0.938902790531776     
          44          45  0.996529927715686     
          45          46  0.982381861977845     
          45          47  0.982258962165312     
          45          48  0.983435889085450     
          44          49  0.990411639789637     
          49          50  0.983689667085257     
          49          51  0.982450112689770     
          49          52  0.980046849246888     
          44          53  0.938960384914923     
          42          54   1.10503777822976     
          53          54  0.937732780971324     
          53          55  0.995925887632827     
          55          56  0.982651781092242     
          55          57  0.982885608758508     
          55          58  0.983490860839514     
          53          59  0.991031703735163     
          59          60  0.982361287818314     
          59          61  0.983439488832013     
          59          62  0.983056783510064     
          19          63  0.875863445411839     
          63          64   1.10512388562328     
          64          65  0.940212874252791     
          65          66  0.990786533669932     
          66          67  0.979161064922930     
          66          68  0.982627865498314     
          66          69  0.983380854669841     
          65          70  0.996344136601638     
          70          71  0.982099944034981     
          70          72  0.983668340323042     
          70          73  0.982490308886350     
          65          74  0.938041912312462     
          63          75   1.11005945088836     
          74          75  0.938443515733422     
          74          76  0.995765576109726     
          76          77  0.983235103348679     
          76          78  0.982433301667421     
          76          79  0.981437648994372     
          74          80  0.990660073759030     
          80          81  0.984238528750932     
          80          82  0.983486560046029     
          80          83  0.983546302849007     
           4          84  0.969355052375863     
          14          85  0.969513357650009     
          19          86  0.591617041955137     
          20          86  0.344866496666666     
          86          87   1.49577677037492     
          86          88   1.28991517753126     
          87          89   1.20903821078171     
          87          90  0.967753329688110     
          87          91  0.130270749337751     
          88          91   1.54557318983217     
          89          91   1.22063839651219     
          88          92  0.969371567403979     
          89          93   1.00532062903388     
          91          94  0.968854571612236     
          93          95  0.971854531902872     
          93          96  0.978576655654146     
          93          97  0.978748858904661     
