   -0.12135938
    0.07751063
   -0.04234705
   -0.02128105
   -0.04276850
    0.04755437
    0.05499894
    0.05862349
    0.04734567
    0.07410932
   -0.13103606
    0.04180388
   -0.04433130
   -0.02295946
   -0.04480799
    0.04641632
    0.05166047
    0.07629494
   -0.15238693
    0.09786907
    0.40530970
   -0.40848440
    0.13042687
   -0.12172366
    0.05443379
    0.04546619
    0.05108647
   -0.10864867
    0.04789170
    0.04109748
    0.02705166
    0.13085065
   -0.40222239
   -0.12133308
    0.05175489
    0.04671477
    0.05033351
   -0.11969683
    0.04639273
    0.05362961
    0.04556432
    0.40109340
   -0.38256671
    0.12831351
   -0.12860224
    0.05727434
    0.05828143
    0.05030000
   -0.12214154
    0.04864488
    0.04642473
    0.05286786
    0.12789143
   -0.38216249
   -0.12362373
    0.05316478
    0.05324073
    0.04885189
   -0.12370349
    0.04602837
    0.05316011
    0.05018880
    0.40009740
   -0.37218247
    0.12423433
   -0.13264157
    0.05889366
    0.05710189
    0.05167224
   -0.13071516
    0.06181566
    0.05168883
    0.05336670
    0.12676255
   -0.37904069
   -0.12515629
    0.05203981
    0.05356399
    0.05585992
   -0.12343934
    0.04072395
    0.05060656
    0.05566504
    0.05475494
    0.05091478
   -0.05032555
   -0.02742015
    0.03003230
    0.00284195
    0.03144778
   -0.03721404
   -0.13447420
    0.10775237
    0.08865972
    0.07736092
    0.06121246
   -0.29619103
