           1           2   1.31514589895090     
           2           3   1.34979338584379     
           3           4   1.48211668993795     
           4           5   1.38433651714345     
           1           6   1.38801769774196     
           3           6  0.105928013407682     
           5           6   1.45991438900991     
           6           7  0.956297591196027     
           5           8  0.968101327877703     
           3           9  0.961486729352074     
           2          10   1.08959788769133     
          10          11   1.30804165797343     
          11          12   1.38929549797133     
          12          13   1.45512773771663     
          13          14   1.38841176248270     
          10          15   1.35528378592147     
          12          15  0.104971283476753     
          14          15   1.47644497912041     
          15          16  0.961414738237750     
          13          17  0.968887161891134     
          12          18  0.947398272487155     
           1          19  0.437790467757655     
          11          19  0.414575868532602     
          19          20  0.561096075763183     
          19          21  0.721239470763011     
          21          22   1.09480192526185     
          22          23  0.941404618524492     
          23          24  0.996738518589318     
          24          25  0.982560572994164     
          24          26  0.983482235321046     
          24          27  0.983197588383164     
          23          28  0.990279077396243     
          28          29  0.983908123249360     
          28          30  0.983979130796557     
          28          31  0.985208095900212     
          23          32  0.941174874312853     
          21          33   1.11353342403573     
          32          33  0.937925998346439     
          32          34  0.991031056546164     
          34          35  0.981576124196075     
          34          36  0.983558192847275     
          34          37  0.982183247556827     
          32          38  0.997031183363783     
          38          39  0.983166652798973     
          38          40  0.982521956702118     
          38          41  0.983600194026942     
          19          42  0.858964484087915     
          42          43   1.11388362517059     
          43          44  0.934903699561734     
          44          45  0.996777407184075     
          45          46  0.981453001445150     
          45          47  0.981317716811918     
          45          48  0.983000189663952     
          44          49  0.991289944988870     
          49          50  0.983210812475946     
          49          51  0.982816175698040     
          49          52  0.979320023531702     
          44          53  0.938768934837478     
          42          54   1.11195515883593     
          53          54  0.933035043701385     
          53          55  0.996485098869853     
          55          56  0.982447829347755     
          55          57  0.982783044075794     
          55          58  0.982958629612697     
          53          59  0.991886920526426     
          59          60  0.982574025413864     
          59          61  0.982892702334523     
          59          62  0.982956163070513     
          19          63  0.865883010638911     
          63          64   1.11614061495077     
          64          65  0.936486539463132     
          65          66  0.991376895422780     
          66          67  0.978459434785187     
          66          68  0.981954765775019     
          66          69  0.982729821170586     
          65          70  0.996657928628459     
          70          71  0.981768229914031     
          70          72  0.983135997093105     
          70          73  0.982095172640093     
          65          74  0.938170326880950     
          63          75   1.12155593670561     
          74          75  0.933541003478231     
          74          76  0.996347432248078     
          76          77  0.982578908473223     
          76          78  0.982107350714405     
          76          79  0.981978360952879     
          74          80  0.991543282584671     
          80          81  0.983603750349762     
          80          82  0.983087517443628     
          80          83  0.983025450665875     
           4          84  0.968576674049883     
          14          85  0.968815175137011     
          19          86  0.571177008672953     
          20          86  0.323350690676322     
          86          87   1.27900855486694     
          86          88   1.51304083244666     
          87          89   1.46796806730121     
          87          90  0.958929945639351     
          87          91  0.111115303957830     
          88          91   1.14715188171068     
          89          91   1.09863627482560     
          88          92   1.04203407943736     
          89          93   1.16935644590366     
          92          94  0.956625099592475     
          92          95  0.953643677267491     
          92          96  0.977511104508684     
          93          97   2.72138364353380     
