   -0.12287403
    0.07546057
   -0.04370593
   -0.02325649
   -0.04493939
    0.04787829
    0.05090963
    0.05319042
    0.04437471
    0.07151826
   -0.12752211
    0.04154411
   -0.04586018
   -0.02566911
   -0.04552915
    0.04281378
    0.04890709
    0.07523884
   -0.15759739
    0.08591990
    0.40246343
   -0.41045176
    0.13038879
   -0.12068910
    0.05287118
    0.04408146
    0.05036265
   -0.10822734
    0.04652760
    0.04065442
    0.02756779
    0.13095081
   -0.40485528
   -0.11973821
    0.04991139
    0.04504836
    0.04920367
   -0.11947039
    0.04676323
    0.05281274
    0.04438906
    0.40312877
   -0.38491425
    0.12874272
   -0.12509605
    0.05490750
    0.05496359
    0.04892978
   -0.12117127
    0.04756033
    0.04455865
    0.05230534
    0.12764765
   -0.38279858
   -0.12393815
    0.05308089
    0.05394505
    0.04747976
   -0.12395627
    0.04826177
    0.05143462
    0.04925882
    0.40173007
   -0.37839908
    0.12504962
   -0.12991624
    0.05870433
    0.05392497
    0.04930447
   -0.12871697
    0.06039934
    0.04991155
    0.05120192
    0.12706575
   -0.38166586
   -0.12352634
    0.05012526
    0.05283073
    0.05432995
   -0.12156567
    0.04003506
    0.04876856
    0.05383461
    0.05016755
    0.04680096
   -0.01825069
   -0.03511719
   -0.04770341
   -0.04020841
    0.01775143
    0.01431110
    0.03838610
   -0.05293103
    0.02173393
   -0.11828673
    0.02837874
    0.05083710
    0.05182829
    0.04317930
