           1           2   1.30619835831691     
           2           3   1.34486335854626     
           3           4   1.48721872348305     
           4           5   1.37692855645411     
           1           6   1.38624053636037     
           3           6  0.106102492640373     
           5           6   1.46366604715186     
           6           7  0.957213692739496     
           5           8  0.968777206380041     
           3           9  0.961922294732014     
           2          10   1.09669935081193     
          10          11   1.29838561694811     
          11          12   1.38238516276824     
          12          13   1.46162411303764     
          13          14   1.37942961920517     
          10          15   1.35007844689493     
          12          15  0.105222236837225     
          14          15   1.48171624214614     
          15          16  0.961908505938551     
          13          17  0.969181332690060     
          12          18  0.948058216692685     
           1          19  0.448734599822842     
          11          19  0.436902835459993     
          19          20  0.528797242259091     
          19          21  0.717789108470500     
          21          22   1.08882558154474     
          22          23  0.943336755083494     
          23          24  0.996480416354328     
          24          25  0.982775845641380     
          24          26  0.983728561640543     
          24          27  0.983343436129307     
          23          28  0.989868605174644     
          28          29  0.984160061846758     
          28          30  0.984107704341227     
          28          31  0.985248241003904     
          23          32  0.941293444571650     
          21          33   1.10774367323947     
          32          33  0.940093317098986     
          32          34  0.990647767750055     
          34          35  0.981911518682833     
          34          36  0.983857937799668     
          34          37  0.982300558810420     
          32          38  0.996777904549040     
          38          39  0.983194352512360     
          38          40  0.982852978069643     
          38          41  0.983831174370982     
          19          42  0.862130369088172     
          42          43   1.11165101336627     
          43          44  0.936954346021552     
          44          45  0.996679619890630     
          45          46  0.982266675046594     
          45          47  0.981946666683677     
          45          48  0.983236590466485     
          44          49  0.990783236794887     
          49          50  0.983557029763634     
          49          51  0.982543019323854     
          49          52  0.979514800368551     
          44          53  0.939283594190084     
          42          54   1.10752293529702     
          53          54  0.935256669657964     
          53          55  0.996304329109530     
          55          56  0.982591108640504     
          55          57  0.982850833949863     
          55          58  0.983305891153528     
          53          59  0.991267036811541     
          59          60  0.981281642884599     
          59          61  0.983255321116185     
          59          62  0.983193021037282     
          19          63  0.872466903509276     
          63          64   1.10956003135768     
          64          65  0.939235470824022     
          65          66  0.991122218182649     
          66          67  0.978798868913263     
          66          68  0.982586289541427     
          66          69  0.983170173845635     
          65          70  0.996242140702407     
          70          71  0.981993784056149     
          70          72  0.983527537681704     
          70          73  0.982352234600905     
          65          74  0.937342718672318     
          63          75   1.11552334475747     
          74          75  0.937185066205410     
          74          76  0.995664142459529     
          76          77  0.983044612360227     
          76          78  0.982343897555661     
          76          79  0.981529354289293     
          74          80  0.991154660756999     
          80          81  0.983993351223819     
          80          82  0.983267026237631     
          80          83  0.983346560014949     
           4          84  0.969078475138255     
          14          85  0.969262930747278     
          19          86  0.586484512535311     
          20          86  0.350975111616828     
          86          87   1.39151977133307     
          86          88   1.38209410705969     
          87          89   1.42716496669149     
          88          89  0.104636526512984     
          87          90  0.963825786203369     
          87          91  0.102454622717002     
          88          91   1.42388659344912     
          88          92  0.958792183706216     
          89          93   1.44749892551014     
          91          93   1.39432172394845     
          89          94  0.969730147889417     
          91          95   1.02231935849188     
          93          96  0.969772446762633     
          95          97  0.976046459507484     
          95          98  0.970231786406088     
          95          99  0.984930985828069     
