   -0.12142662
    0.08521837
   -0.03726420
   -0.01752176
   -0.04040940
    0.04891800
    0.05719080
    0.06501430
    0.05769313
    0.08190672
   -0.13065737
    0.04240940
   -0.04246823
   -0.02009099
   -0.04018352
    0.05707690
    0.06035237
    0.07951658
   -0.14772883
    0.09975512
    0.40854018
   -0.40200721
    0.12941211
   -0.12384839
    0.05541880
    0.04844439
    0.05418182
   -0.11220555
    0.05186837
    0.04451907
    0.02799115
    0.13005182
   -0.39725597
   -0.12402160
    0.05378792
    0.04959324
    0.05186860
   -0.12230054
    0.04838369
    0.05572481
    0.04877872
    0.40338866
   -0.38197463
    0.12877790
   -0.12677541
    0.05485922
    0.05827173
    0.05249700
   -0.12380188
    0.05195587
    0.04916384
    0.05329866
    0.12792723
   -0.38172775
   -0.12602038
    0.05646794
    0.05576485
    0.05126696
   -0.12021608
    0.03934247
    0.05605194
    0.05051599
    0.40411136
   -0.37877576
    0.12504678
   -0.13159274
    0.05944190
    0.05441395
    0.05324818
   -0.13021114
    0.06112121
    0.05331742
    0.05303343
    0.12692384
   -0.37360433
   -0.12616469
    0.05360804
    0.05650643
    0.05654540
   -0.12366807
    0.04148307
    0.05130395
    0.05742645
    0.06372560
    0.06053692
   -0.03682595
    0.00419061
   -0.05020486
   -0.04671141
    0.11701446
    0.08495657
    0.06884220
   -0.31153456
   -0.14076455
