           1           2   1.32960200780799     
           2           3   1.35736303787916     
           3           4   1.47409108934918     
           4           5   1.39756125625878     
           1           6   1.39557815902162     
           3           6  0.105946852978350     
           5           6   1.45094232057656     
           6           7  0.956567835194387     
           5           8  0.967250497049825     
           3           9  0.960467788408886     
           2          10   1.07710324951126     
          10          11   1.31933387296088     
          11          12   1.39256033370866     
          12          13   1.44825670782728     
          13          14   1.39994613733018     
          10          15   1.36331546438279     
          12          15  0.104645879830422     
          14          15   1.46862831206377     
          15          16  0.960372685055418     
          13          17  0.967800090820673     
          12          18  0.946194950062504     
           1          19  0.418731158660438     
          11          19  0.414696985945929     
          19          20  0.559498514032196     
          19          21  0.740438927933699     
          21          22   1.10553318850731     
          22          23  0.937237890327298     
          23          24  0.996868080499906     
          24          25  0.982388827247966     
          24          26  0.983066001603871     
          24          27  0.982790490572846     
          23          28  0.990885101379573     
          28          29  0.983488336657259     
          28          30  0.983697665860610     
          28          31  0.984973436206645     
          23          32  0.940843025076586     
          21          33   1.12346323575888     
          32          33  0.933622140348728     
          32          34  0.991508724771012     
          34          35  0.980735781630154     
          34          36  0.983014052735585     
          34          37  0.981587573239640     
          32          38  0.997530381957624     
          38          39  0.982835164418356     
          38          40  0.982467791041651     
          38          41  0.983212821987398     
          19          42  0.850674786467346     
          42          43   1.12467590968754     
          43          44  0.931257397879302     
          44          45  0.997516296023250     
          45          46  0.982021516126425     
          45          47  0.981447245406903     
          45          48  0.982556595833897     
          44          49  0.991425210502848     
          49          50  0.982894441482245     
          49          51  0.981641554477894     
          49          52  0.979701368801028     
          44          53  0.939472645710379     
          42          54   1.11579447541860     
          53          54  0.929326147974933     
          53          55  0.996644617350467     
          55          56  0.982068156183360     
          55          57  0.982535995420347     
          55          58  0.982591139253295     
          53          59  0.992315575322999     
          59          60  0.982666377776516     
          59          61  0.982430889022272     
          59          62  0.982882176385702     
          19          63  0.844175035633348     
          63          64   1.11402355873068     
          64          65  0.933107409834961     
          65          66  0.991650071027163     
          66          67  0.978622142469357     
          66          68  0.982435281472136     
          66          69  0.982603085953126     
          65          70  0.997036766793567     
          70          71  0.981817091918449     
          70          72  0.982923694111004     
          70          73  0.982107648975921     
          65          74  0.938461656261578     
          63          75   1.13308765437770     
          74          75  0.930978192891281     
          74          76  0.996355516539030     
          76          77  0.982433344643397     
          76          78  0.981726936135696     
          76          79  0.980852174572697     
          74          80  0.991759531157409     
          80          81  0.983963757331601     
          80          82  0.982785995156749     
          80          83  0.982788234210291     
           4          84  0.967443771399972     
          14          85  0.967668194947322     
          19          86  0.584417480692554     
          20          86  0.326024798275792     
          86          87   1.44637018062572     
          86          88   1.23751319542901     
          87          89   1.02863574520077     
          88          89  0.102055245150499     
          87          90   1.17756787385131     
          88          91   1.57857441190973     
          89          91   1.16175865264284     
          88          92  0.952548664430082     
          90          93   2.70598684872770     
          91          94   1.00021506092067     
