   -0.12675902
    0.08357575
   -0.03917276
   -0.02141198
   -0.04358705
    0.04746866
    0.05402090
    0.05893360
    0.04569664
    0.08372338
   -0.13082915
    0.04724930
   -0.04397977
   -0.02100868
   -0.03906758
    0.04657765
    0.05105745
    0.06956942
   -0.15372140
    0.08826443
    0.40312432
   -0.41041485
    0.13045186
   -0.12210647
    0.05467639
    0.04634531
    0.05091080
   -0.10974637
    0.04890707
    0.04113178
    0.02790879
    0.13054190
   -0.39940331
   -0.12128932
    0.05051849
    0.04747190
    0.05091566
   -0.12003434
    0.04739021
    0.05350949
    0.04603867
    0.40493512
   -0.38050563
    0.12784403
   -0.12758325
    0.05525811
    0.05784292
    0.05090159
   -0.12298219
    0.04936089
    0.04685478
    0.05431811
    0.12728338
   -0.38170954
   -0.12431785
    0.05426127
    0.05363047
    0.04933189
   -0.12517441
    0.04561085
    0.05431294
    0.05003081
    0.39792216
   -0.37746756
    0.12439006
   -0.13236880
    0.05995146
    0.05532915
    0.05059329
   -0.13032064
    0.06130417
    0.05116766
    0.05250539
    0.12651375
   -0.37872874
   -0.12513960
    0.05144726
    0.05410815
    0.05548870
   -0.12374313
    0.04123128
    0.05065197
    0.05542253
    0.05431312
    0.05108127
   -0.02789261
   -0.03860227
   -0.04087414
    0.26158685
    0.13245632
   -0.03594621
    0.05990404
   -0.42380265
   -0.14648076
   -0.34355862
   -0.06245602
    0.05079661
    0.09032614
    0.07967856
    0.06367508
    0.04447541
    0.05118791
    0.06494580
    0.03545594
    0.03651970
