           1           2   1.31710814109963     
           2           3   1.35409791206840     
           3           4   1.47908712638603     
           4           5   1.38643794254398     
           1           6   1.38483510833820     
           3           6  0.105835469353509     
           5           6   1.45969728485153     
           6           7  0.956688564095118     
           5           8  0.968045684083123     
           3           9  0.961993497746947     
           2          10   1.08391892296372     
          10          11   1.31392708834406     
          11          12   1.39303110311842     
          12          13   1.45179857415601     
          13          14   1.39288122609440     
          10          15   1.35744290247336     
          12          15  0.105092550083875     
          14          15   1.47392896057106     
          15          16  0.961820484423363     
          13          17  0.968945600509285     
          12          18  0.950999143422876     
           1          19  0.425929044234285     
          11          19  0.415801445262638     
          19          20  0.526599361048577     
          19          21  0.733948447948347     
          21          22   1.09098683703748     
          22          23  0.941248269988743     
          23          24  0.996611729568758     
          24          25  0.982558812774035     
          24          26  0.983481967082364     
          24          27  0.983234650046703     
          23          28  0.990118827066098     
          28          29  0.983851111776254     
          28          30  0.983924059671074     
          28          31  0.985369703289216     
          23          32  0.941069780536952     
          21          33   1.11604351426238     
          32          33  0.938247429735252     
          32          34  0.990796083724523     
          34          35  0.982141275943933     
          34          36  0.983534425063047     
          34          37  0.981843696146356     
          32          38  0.996803005897811     
          38          39  0.983135189596209     
          38          40  0.982464396228198     
          38          41  0.983616291782730     
          19          42  0.850638383876326     
          42          43   1.12012050936389     
          43          44  0.934495997840393     
          44          45  0.996645194125239     
          45          46  0.982009619771841     
          45          47  0.981488664248303     
          45          48  0.982959991361938     
          44          49  0.991479302068835     
          49          50  0.983080751584730     
          49          51  0.981998316944088     
          49          52  0.978669059844034     
          44          53  0.937796991197789     
          42          54   1.11417581118134     
          53          54  0.934115814927432     
          53          55  0.996014885278104     
          55          56  0.982114041854419     
          55          57  0.982754598169487     
          55          58  0.982982371056152     
          53          59  0.991792199783069     
          59          60  0.981716986385170     
          59          61  0.982843012529779     
          59          62  0.983016897974443     
          19          63  0.872191716016302     
          63          64   1.11078762140449     
          64          65  0.937482598093259     
          65          66  0.991256362811830     
          66          67  0.978123810882798     
          66          68  0.982384560685574     
          66          69  0.982975776846107     
          65          70  0.996475582192773     
          70          71  0.981842649340494     
          70          72  0.983339767258440     
          70          73  0.982186407669952     
          65          74  0.937544374648360     
          63          75   1.12265313562128     
          74          75  0.934875060908217     
          74          76  0.995821845520598     
          76          77  0.982813211908554     
          76          78  0.982226605304476     
          76          79  0.981136427503303     
          74          80  0.991560385460925     
          80          81  0.983890158131523     
          80          82  0.983063300792838     
          80          83  0.983108341917976     
           4          84  0.968631529561943     
          14          85  0.968798931507888     
          19          86  0.583944368259406     
          20          86  0.354212873007058     
          86          87   1.35454932779131     
          86          88   1.37101560744498     
          87          89  0.988024593051701     
          87          90   1.34291227023074     
          88          90  0.100093424671714     
          88          91   1.45220179824623     
          88          92  0.956539882000709     
          89          93   1.80495053138165     
          89          94   1.00699213594836     
          90          95  0.986234053739824     
          90          96   1.40597714408818     
          91          96   1.41711022294338     
          91          97  0.966992615110708     
          94          98  0.944205753752226     
          94          99  0.961260141085148     
          94         100  0.980107850725426     
          95         101  0.966215565750168     
          96         102  0.966030624040516     
         101         103  0.979528984838019     
         101         104  0.978780143651644     
         101         105  0.979855880447422     
