   -0.12597668
    0.07333425
   -0.04473015
   -0.02332335
   -0.04559404
    0.04717816
    0.05338554
    0.05373095
    0.04497444
    0.06883520
   -0.13438035
    0.04023557
   -0.04634565
   -0.02734173
   -0.04550045
    0.04288046
    0.04810232
    0.07381701
   -0.15483428
    0.08764163
    0.40533677
   -0.40655601
    0.12973408
   -0.12148044
    0.05343899
    0.04485227
    0.05173312
   -0.10930460
    0.04742004
    0.04209717
    0.02745933
    0.13067439
   -0.40470085
   -0.12191895
    0.05313058
    0.04568993
    0.04998095
   -0.11995527
    0.04601708
    0.05369203
    0.04544079
    0.40727318
   -0.37506104
    0.12836869
   -0.12383846
    0.05537540
    0.05601591
    0.04901252
   -0.12213670
    0.04878531
    0.04818167
    0.05099029
    0.12817589
   -0.38414209
   -0.12455562
    0.05400821
    0.05371605
    0.04877460
   -0.12204408
    0.04734555
    0.05165172
    0.04739601
    0.40684119
   -0.37415552
    0.12473743
   -0.12909277
    0.06148018
    0.05235381
    0.05044835
   -0.12903862
    0.06125690
    0.05055232
    0.05126860
    0.12713991
   -0.37753220
   -0.12461123
    0.05114391
    0.05354603
    0.05661620
   -0.12168550
    0.04073747
    0.04797090
    0.05476342
    0.05055106
    0.04588160
    0.06080794
   -0.04309022
   -0.24364296
   -0.02357165
    0.02524459
    0.09403462
   -0.06338920
    0.03120184
   -0.06311177
    0.03420693
   -0.06567073
    0.04085700
    0.05211817
    0.01429835
    0.06174841
    0.03785195
   -0.04197510
   -0.04035128
   -0.03578170
    0.02951537
   -0.03547771
    0.03702352
   -0.03875222
    0.02910479
    0.03422319
    0.02924118
