           1           2   1.30432229746933     
           2           3   1.34118305444871     
           3           4   1.49049354167988     
           4           5   1.37399523027060     
           1           6   1.38570439260756     
           3           6  0.106415185532045     
           5           6   1.46512940443009     
           6           7  0.957129723590547     
           5           8  0.968735390037912     
           3           9  0.962488089993170     
           2          10   1.10091331296218     
          10          11   1.29055690228411     
          11          12   1.37276053185681     
          12          13   1.46921370776104     
          13          14   1.37247343616346     
          10          15   1.34861308087442     
          12          15  0.105020184428903     
          14          15   1.48351736262661     
          15          16  0.962472609097942     
          13          17  0.969222637259768     
          12          18  0.947903513924036     
           1          19  0.450749484480197     
          11          19  0.438368435602473     
          19          20  0.534200337906793     
          19          21  0.707318939126710     
          21          22   1.09600149972418     
          22          23  0.941486696811596     
          23          24  0.996429232740834     
          24          25  0.982582547601115     
          24          26  0.983644887523989     
          24          27  0.983113347205835     
          23          28  0.990260139222169     
          28          29  0.983984681808121     
          28          30  0.984030463420506     
          28          31  0.984733969208107     
          23          32  0.940711779429469     
          21          33   1.10973943894789     
          32          33  0.938430576215460     
          32          34  0.990956831173315     
          34          35  0.980610418735818     
          34          36  0.983617058165563     
          34          37  0.981851163099127     
          32          38  0.996938894697860     
          38          39  0.983150745003153     
          38          40  0.982759586738055     
          38          41  0.983733675841416     
          19          42  0.851053474049090     
          42          43   1.12671611334125     
          43          44  0.935724137962586     
          44          45  0.996580700319804     
          45          46  0.981785633628096     
          45          47  0.981918680611228     
          45          48  0.983173201684825     
          44          49  0.990635629245498     
          49          50  0.983519659621320     
          49          51  0.981986286977226     
          49          52  0.980182643833519     
          44          53  0.939398213900646     
          42          54   1.10515965969919     
          53          54  0.933478875105096     
          53          55  0.996610971065418     
          55          56  0.982470450442973     
          55          57  0.982892525644468     
          55          58  0.983151067297786     
          53          59  0.991540015353227     
          59          60  0.978340548041279     
          59          61  0.983096475904169     
          59          62  0.983355220429724     
          19          63  0.859119469629415     
          63          64   1.11511036925386     
          64          65  0.936883779347940     
          65          66  0.991024646945366     
          66          67  0.978348313671206     
          66          68  0.982110980932691     
          66          69  0.983129115787938     
          65          70  0.996558208222587     
          70          71  0.981886331217265     
          70          72  0.983388442795779     
          70          73  0.982458778446639     
          65          74  0.937681129128019     
          63          75   1.12149702413296     
          74          75  0.934932591614207     
          74          76  0.995948575728492     
          76          77  0.982931528493606     
          76          78  0.982262835135671     
          76          79  0.980951393267658     
          74          80  0.991276838820067     
          80          81  0.984294550933575     
          80          82  0.983174043641841     
          80          83  0.983177551597561     
           4          84  0.968994666289169     
          14          85  0.969373449344656     
          19          86  0.596709740914670     
          20          86  0.333345457798503     
          86          87   1.34323463201183     
          86          88   1.41234276196023     
          87          89   1.45647587142920     
          87          90  0.963435069167526     
          87          91  0.108173026344080     
          88          91   1.39510258418522     
          89          92   1.42443522950934     
          91          92   1.39708568230254     
          89          93  0.967879772728356     
          91          94   1.00599630607630     
          92          95  0.967966960100739     
          94          96  0.970590838819503     
          94          97  0.977137948869031     
          94          98  0.957783854590448     
          96          99   1.01407211441820     
          96         100  0.967560409941559     
          96         101  0.974295370223553     
          99         102   1.41281010739090     
          99         103   1.40822004906374     
         102         104   1.44434329321304     
         103         104  0.111089964220328     
         102         105  0.969464955551779     
         102         106  0.110161043440208     
         103         106   1.44894938283792     
         103         107  0.968045939574687     
          99         108  0.109600231986584     
         104         108   1.43947324368085     
         106         108   1.43577933081593     
         104         109  0.971215752598845     
         106         110  0.970818477292098     
         108         111  0.971560148466863     
