   -0.12060332
    0.07646774
   -0.04288344
   -0.02187669
   -0.04322307
    0.04742106
    0.05527224
    0.05732493
    0.04607607
    0.07256604
   -0.12854333
    0.04194712
   -0.04443851
   -0.02405074
   -0.04540314
    0.04482296
    0.05036516
    0.07824600
   -0.15396769
    0.10488830
    0.40535313
   -0.40644636
    0.12994321
   -0.12175967
    0.05428545
    0.04517217
    0.05135553
   -0.10893425
    0.04764425
    0.04159294
    0.02691280
    0.13061767
   -0.40261273
   -0.12198858
    0.05283582
    0.04629513
    0.05017698
   -0.11988986
    0.04621566
    0.05360326
    0.04541707
    0.40081403
   -0.38251788
    0.12823648
   -0.12822752
    0.05812978
    0.05725154
    0.04997011
   -0.12178933
    0.04869890
    0.04662650
    0.05173017
    0.12760232
   -0.37984432
   -0.12397519
    0.05340056
    0.05363105
    0.04845050
   -0.12453005
    0.04766274
    0.05261612
    0.05034550
    0.39999939
   -0.37311298
    0.12418747
   -0.13313003
    0.05925818
    0.05702748
    0.05189200
   -0.13067830
    0.06209020
    0.05140545
    0.05299294
    0.12669885
   -0.37739640
   -0.12514800
    0.05187284
    0.05347512
    0.05603838
   -0.12318872
    0.04128601
    0.04966326
    0.05544014
    0.05307529
    0.04838066
   -0.05293095
   -0.05232174
    0.01998749
    0.08378775
    0.04026028
   -0.13201856
   -0.06606765
   -0.19986074
    0.08508950
    0.07170308
    0.05976300
