           1           2   1.31367826164069     
           2           3   1.34885434121984     
           3           4   1.48302025086858     
           4           5   1.38292783112962     
           1           6   1.38808584934798     
           3           6  0.106011390090852     
           5           6   1.46044054374659     
           6           7  0.956580277128215     
           5           8  0.968268873073667     
           3           9  0.961677988446100     
           2          10   1.09091098395033     
          10          11   1.30584341765923     
          11          12   1.38810785212318     
          12          13   1.45587951841132     
          13          14   1.38705140961795     
          10          15   1.35448617239184     
          12          15  0.105010548271096     
          14          15   1.47686585773213     
          15          16  0.961644842345028     
          13          17  0.969028279989256     
          12          18  0.946836878861718     
           1          19  0.439494046205625     
          11          19  0.417205524558308     
          19          20  0.556318432013087     
          19          21  0.726833613437387     
          21          22   1.09533569672711     
          22          23  0.941871752649726     
          23          24  0.996525179181285     
          24          25  0.982553835715750     
          24          26  0.983555533044046     
          24          27  0.983170458880345     
          23          28  0.990233104319990     
          28          29  0.983989066798814     
          28          30  0.984008423192773     
          28          31  0.985066344571103     
          23          32  0.940914201448624     
          21          33   1.11169711650053     
          32          33  0.938492135279213     
          32          34  0.990976601841769     
          34          35  0.981086280718263     
          34          36  0.983577368058105     
          34          37  0.982001989254872     
          32          38  0.997013082087135     
          38          39  0.983150483652590     
          38          40  0.982711271911933     
          38          41  0.983685887464263     
          19          42  0.861405507350129     
          42          43   1.11439874212052     
          43          44  0.934933164027208     
          44          45  0.996938270007717     
          45          46  0.981605828476563     
          45          47  0.981545487270116     
          45          48  0.982990907111057     
          44          49  0.991125125414532     
          49          50  0.983338233700969     
          49          51  0.982645919915472     
          49          52  0.979918147726505     
          44          53  0.939277248932554     
          42          54   1.11304496624897     
          53          54  0.933114395070561     
          53          55  0.996513412786267     
          55          56  0.982495547125053     
          55          57  0.982807403699943     
          55          58  0.983074656427074     
          53          59  0.991714566024517     
          59          60  0.981820187060793     
          59          61  0.982946321296400     
          59          62  0.982947400986041     
          19          63  0.865921346400470     
          63          64   1.11455108664848     
          64          65  0.936693031502418     
          65          66  0.991339015317177     
          66          67  0.978476516445101     
          66          68  0.981913284319658     
          66          69  0.982709841846032     
          65          70  0.996543815910045     
          70          71  0.981753646983450     
          70          72  0.983188262081588     
          70          73  0.982211856283753     
          65          74  0.937953104361391     
          63          75   1.12155553685530     
          74          75  0.934234168001944     
          74          76  0.996160133347671     
          76          77  0.982674586820162     
          76          78  0.982066785380582     
          76          79  0.981686037802383     
          74          80  0.991392176255456     
          80          81  0.983875558972519     
          80          82  0.983150891068961     
          80          83  0.983062557553577     
           4          84  0.968765585985536     
          14          85  0.969068826837711     
          19          86  0.561856597575690     
          20          86  0.326856605011324     
          86          87   1.20765774097129     
          86          88   1.57959680178425     
          87          89   1.59494835933326     
          88          89  0.104561501534769     
          87          90  0.956452339407888     
          88          91   1.03758929862827     
          87          92  0.104008230295557     
          88          92   1.09253566442289     
          89          92   1.13944625901662     
          89          93  0.961366304111259     
          91          94  0.960709846307892     
          91          95  0.959614885577214     
          91          96  0.976045225583245     
