   -0.12820763
    0.07330015
   -0.04591415
   -0.02369872
   -0.04499128
    0.04472872
    0.06896274
    0.05001135
    0.04178375
    0.06843333
   -0.12615370
    0.04271992
   -0.04651364
   -0.02747155
   -0.04742942
    0.03979994
    0.04853189
    0.08179666
   -0.16819697
    0.11403159
    0.40123891
   -0.42055756
    0.13114813
   -0.11941883
    0.05003601
    0.04354183
    0.04932407
   -0.10720539
    0.04516518
    0.04017087
    0.02643193
    0.13061423
   -0.40216146
   -0.11624203
    0.04145488
    0.04615823
    0.04907097
   -0.11720151
    0.04303708
    0.05333635
    0.04378274
    0.39920213
   -0.38501963
    0.12850908
   -0.12393808
    0.05362063
    0.05580978
    0.04868196
   -0.12467803
    0.04524313
    0.05237216
    0.05094694
    0.12684203
   -0.37488996
   -0.12288518
    0.05350319
    0.05310064
    0.04599194
   -0.12098809
    0.04477116
    0.04967192
    0.05140733
    0.40509857
   -0.38181633
    0.12747109
   -0.12228493
    0.04424632
    0.05934603
    0.05034659
   -0.12579961
    0.05976648
    0.04875624
    0.04985469
    0.12792134
   -0.37977974
   -0.12497898
    0.05095079
    0.05458695
    0.05633703
   -0.11544539
    0.03838207
    0.04181458
    0.05240945
    0.04671774
    0.04363203
   -0.06603814
   -0.06635349
   -0.02406344
   -0.03581003
    0.01578298
   -0.00637016
    0.26024150
    0.03443452
   -0.06180698
   -0.49893880
   -0.09595456
    0.06663622
    0.07112963
    0.06467076
   -0.00186532
   -0.00928594
   -0.06220392
    0.04476465
    0.06784941
   -0.07075049
    0.05244142
    0.06518218
   -0.06269434
    0.03278432
    0.05169771
   -0.06206524
    0.05076726
    0.04296420
   -0.06256280
    0.03279800
    0.04161467
   -0.06324576
    0.03507332
    0.03907335
   -0.05424786
    0.03064356
    0.03343235
   -0.05631460
    0.03290832
    0.03250303
   -0.10777160
    0.03304504
    0.02862223
   -0.10881565
    0.03192214
    0.03027850
    0.03836073
    0.03335799
    0.03363497
    0.03506363
    0.03537564
    0.03604922
