           1           2   1.31165367801278     
           2           3   1.34352102431338     
           3           4   1.48651623400433     
           4           5   1.38098181374075     
           1           6   1.39302454814943     
           3           6  0.106896671100055     
           5           6   1.45838028309840     
           6           7  0.951684783935662     
           5           8  0.969144094809367     
           3           9  0.962016515453396     
           2          10   1.09684534855315     
          10          11   1.29846784054391     
          11          12   1.37735680994491     
          12          13   1.46378259385890     
          13          14   1.37760564208958     
          10          15   1.34939225499632     
          12          15  0.105095178680675     
          14          15   1.48090955919328     
          15          16  0.962006016331943     
          13          17  0.969192154106849     
          12          18  0.945620742546120     
           1          19  0.427829387838917     
          11          19  0.441603705996732     
          19          20  0.562588414041897     
          19          21  0.706777405474956     
          21          22   1.07751034385691     
          22          23  0.946240623884882     
          23          24  0.995693518821987     
          24          25  0.981800504458353     
          24          26  0.983779007509903     
          24          27  0.983266657696693     
          23          28  0.990050304013827     
          28          29  0.984090292107162     
          28          30  0.984176644988191     
          28          31  0.982837565380078     
          23          32  0.938734125541298     
          21          33   1.11029036609371     
          32          33  0.944145798470295     
          32          34  0.990881312392999     
          34          35  0.981414722169414     
          34          36  0.983351029798449     
          34          37  0.981766021227216     
          32          38  0.995384974395667     
          38          39  0.983200536777980     
          38          40  0.982498101805518     
          38          41  0.984030724897772     
          19          42  0.900370937128452     
          42          43   1.10581142593203     
          43          44  0.938636639747413     
          44          45  0.997218594948029     
          45          46  0.974844075595921     
          45          47  0.982749413618542     
          45          48  0.983365193078557     
          44          49  0.990156875498264     
          49          50  0.983973432640838     
          49          51  0.982211552950686     
          49          52  0.979361474263805     
          44          53  0.938693933928420     
          42          54   1.11157006765602     
          53          54  0.936471146288115     
          53          55  0.995401867032520     
          55          56  0.981920555403198     
          55          57  0.983076851938161     
          55          58  0.983502119984606     
          53          59  0.991081959729102     
          59          60  0.980164906605065     
          59          61  0.983321633768188     
          59          62  0.982821223415501     
          19          63  0.871580158504843     
          63          64   1.10014112730338     
          64          65  0.937708920411354     
          65          66  0.990737205754934     
          66          67  0.981399341878405     
          66          68  0.980722779576371     
          66          69  0.983786916620747     
          65          70  0.996546558682424     
          70          71  0.982279580206825     
          70          72  0.983371391564856     
          70          73  0.983012162009215     
          65          74  0.939009299318327     
          63          75   1.11308406156859     
          74          75  0.940818356275356     
          74          76  0.995793187734586     
          76          77  0.983476052620963     
          76          78  0.982659766341452     
          76          79  0.981717542327943     
          74          80  0.989531961905945     
          80          81  0.984404629822309     
          80          82  0.980633524889702     
          80          83  0.983151382850351     
           4          84  0.969238494863163     
          14          85  0.969489884661278     
          19          86  0.605570248330463     
          20          86  0.317099250118603     
          86          87   1.27440179734919     
          86          88   1.46251016996584     
          87          89   1.54687193121759     
          88          89  0.123721218607487     
          87          90  0.965615496186096     
          88          91   1.19104283850418     
          89          91   1.21662855649297     
          88          92  0.965629074185267     
          89          93  0.967789488685295     
          91          94   1.00060570791901     
          92          95   1.61270939403621     
          92          96   1.27709632872268     
          95          96  0.197922967154403     
          94          97  0.972982610653649     
          94          98  0.973821224701871     
          94          99  0.977331922569991     
          96         100  0.979706736111730     
          96         101  0.985699672491095     
         100         102  0.995984882294141     
         100         103  0.964392446639083     
         100         104  0.962062236590922     
         101         105  0.988818074612554     
         101         106  0.965073830808536     
         101         107  0.962224613284139     
         102         108   1.00552223052511     
         102         109  0.976211147729967     
         102         110  0.970812979838862     
         105         111   1.00712701998729     
         105         112  0.971501060837905     
         105         113  0.976721207967717     
         108         114   1.00748549777329     
         108         115  0.976805701138854     
         108         116  0.974656603996065     
         111         117   1.00845512140950     
         111         118  0.973795780098146     
         111         119  0.976036080644447     
         114         120   1.00783234773755     
         114         121  0.976145475493372     
         114         122  0.976708797133422     
         117         123   1.00752970539225     
         117         124  0.976752658545038     
         117         125  0.970314258402820     
         120         126   1.02005069052790     
         120         127  0.975250040982954     
         120         128  0.978375695936501     
         123         129   1.01917985659113     
         123         130  0.978520275531020     
         123         131  0.978304306879538     
         126         132  0.985959701025710     
         126         133  0.987421797586463     
         126         134  0.987711933653796     
         129         135  0.987743793574722     
         129         136  0.987343092561362     
         129         137  0.987817129131374     
