           1           2   1.18825366526477     
           2           3   1.63370171085056     
           3           4   1.26696933591270     
           1           5   1.15155016433600     
           2           5  0.114735915930808     
           4           5   1.59153884443414     
           5           6   1.02941537045704     
           6           7  0.969001734119568     
           7           8  0.988509975741547     
           8           9   1.01479873593332     
           9          10   1.01453160663023     
           6          11  0.971814589300664     
          10          11  0.989495191428076     
           2          12  0.968915454350576     
           3          13  0.963772552522075     
           4          14  0.962656043692821     
           6          15  0.942147208746043     
           8          16  0.970845946015220     
           8          17  0.967886298456994     
           9          18  0.959793822429822     
           9          19  0.972538806176967     
          10          20  0.970496629148112     
          10          21  0.967670066849333     
