           1           2   1.43243508188218     
           2           3   1.42975605368727     
           3           4   1.43892659091673     
           2           5  0.110724816781011     
           4           5   1.40834786879579     
           5           6   1.01073508643417     
           6           7  0.964942755724569     
           7           8   1.01155673591089     
           8           9   1.41353892996833     
           9          10   1.44402686680095     
           8          11  0.109630379807592     
          10          11   1.43962005127687     
           9          12  0.110461021478032     
          11          12   1.43644289583630     
           8          13   1.40960718557970     
          10          13  0.111310085637455     
          12          13   1.44807016022089     
           1          14   1.45477853119739     
           3          14  0.114761663758084     
           5          14   1.38984841125249     
           1          15  0.969445525427102     
           2          16  0.970088443068311     
           3          17  0.963510662029353     
           6          18  0.972499305807775     
           6          19  0.970778077892368     
           7          20  0.972348231923858     
           7          21  0.974403031355936     
           9          22  0.969225589267480     
          10          23  0.971061102642642     
          11          24  0.971434592796931     
          12          25  0.970967777146686     
          13          26  0.969029882978900     
          14          27  0.968479743867964     
