   -0.12143615
    0.07585887
   -0.04347605
   -0.02258967
   -0.04422273
    0.04805808
    0.05243073
    0.05522584
    0.04623637
    0.07168209
   -0.12820378
    0.04125463
   -0.04522908
   -0.02541281
   -0.04538859
    0.04463358
    0.04990830
    0.07651620
   -0.15275308
    0.09220815
    0.40383212
   -0.40677913
    0.12995679
   -0.12134635
    0.05362770
    0.04453954
    0.05124528
   -0.10914232
    0.04726308
    0.04187732
    0.02740632
    0.13085737
   -0.40563530
   -0.12133376
    0.05192803
    0.04586181
    0.04937371
   -0.11967932
    0.04620705
    0.05293580
    0.04518659
    0.40201713
   -0.38188502
    0.12793860
   -0.12663996
    0.05399582
    0.05655290
    0.04992072
   -0.12167970
    0.04841479
    0.04640509
    0.05269214
    0.12726409
   -0.38195604
   -0.12414313
    0.05366356
    0.05380854
    0.04826068
   -0.12140228
    0.04017787
    0.05126916
    0.04984777
    0.40263975
   -0.37682909
    0.12522235
   -0.12954938
    0.05810254
    0.05288496
    0.05064354
   -0.12972666
    0.06082722
    0.05088617
    0.05240196
    0.12697679
   -0.37972004
   -0.12437059
    0.05103242
    0.05306034
    0.05523655
   -0.12265556
    0.04086334
    0.05025573
    0.05464443
    0.05198982
    0.04806395
   -0.02748565
   -0.04132966
   -0.01893995
   -0.04420703
    0.02782388
    0.11753866
   -0.07339668
   -0.06778526
    0.03495928
   -0.23217204
    0.06788617
    0.06784386
    0.04270840
    0.05566950
