           1           2   1.30948517661676     
           2           3   1.34626827069790     
           3           4   1.48573302264269     
           4           5   1.37955528936340     
           1           6   1.38723816870983     
           3           6  0.106142217739395     
           5           6   1.46219545216539     
           6           7  0.956835775237882     
           5           8  0.968538615745460     
           3           9  0.961780707476883     
           2          10   1.09457296078719     
          10          11   1.30072372759388     
          11          12   1.38286429852135     
          12          13   1.46032501729679     
          13          14   1.38199189845641     
          10          15   1.35183712062365     
          12          15  0.105147332253184     
          14          15   1.47966429182221     
          15          16  0.961771446150454     
          13          17  0.969065299919909     
          12          18  0.947483101565501     
           1          19  0.446134748561102     
          11          19  0.428141001782815     
          19          20  0.532807363109043     
          19          21  0.718145559524203     
          21          22   1.09486278575743     
          22          23  0.942496431832791     
          23          24  0.996364867469966     
          24          25  0.982665979100657     
          24          26  0.983621424636629     
          24          27  0.983207231787727     
          23          28  0.990126039851961     
          28          29  0.984037816154103     
          28          30  0.984003896600041     
          28          31  0.984990581102852     
          23          32  0.940944593622677     
          21          33   1.10752920021058     
          32          33  0.939151803763127     
          32          34  0.990899640135201     
          34          35  0.981358771349557     
          34          36  0.983616828212055     
          34          37  0.981902855252649     
          32          38  0.996902987881677     
          38          39  0.983179336401914     
          38          40  0.982769563690940     
          38          41  0.983723163847025     
          19          42  0.859011511606742     
          42          43   1.11643139189296     
          43          44  0.937425227106418     
          44          45  0.996344227305973     
          45          46  0.981842447466487     
          45          47  0.981544739824396     
          45          48  0.983083443484608     
          44          49  0.990962086304616     
          49          50  0.983391822845876     
          49          51  0.982833020705057     
          49          52  0.979384944229270     
          44          53  0.938262940803041     
          42          54   1.10805347607050     
          53          54  0.935518706696140     
          53          55  0.995809338997506     
          55          56  0.982484208426732     
          55          57  0.982823051423706     
          55          58  0.983183689742569     
          53          59  0.991641756900840     
          59          60  0.980343015503809     
          59          61  0.983108328312450     
          59          62  0.983043652089503     
          19          63  0.868753407837597     
          63          64   1.11073071964225     
          64          65  0.938305948756614     
          65          66  0.991210917976495     
          66          67  0.978627376961507     
          66          68  0.981942247873901     
          66          69  0.982702987866532     
          65          70  0.996312182083968     
          70          71  0.981887290524280     
          70          72  0.983358178760873     
          70          73  0.982189858922418     
          65          74  0.937520601022761     
          63          75   1.11784622221548     
          74          75  0.935806891017038     
          74          76  0.995849799082670     
          76          77  0.982754801075220     
          76          78  0.982094464939994     
          76          79  0.981986823413870     
          74          80  0.991359329669841     
          80          81  0.983779752430774     
          80          82  0.983120766745910     
          80          83  0.983194921114656     
           4          84  0.968877550355359     
          14          85  0.969123969156548     
          19          86  0.590258547448916     
          20          86  0.347225485513980     
          86          87   1.43134265386510     
          86          88   1.29179552247089     
          87          89   1.38692636787145     
          87          90  0.962935839009432     
          88          91   1.28233843485355     
          88          92   1.19046514950640     
          86          93  0.102176651242835     
          89          93   1.46917320522794     
          91          93   1.34773397568123     
          89          94  0.969758833242153     
          91          95   1.07584615598302     
          92          96   1.68089158103166     
          95          96   1.08092154640167     
          92          97  0.962169044836237     
          93          98  0.967233010853998     
          96          99  0.965244846391807     
