   -0.13086647
    0.07747587
   -0.04601024
   -0.02131373
   -0.04555242
    0.04889216
    0.06156084
    0.05194695
    0.04383584
    0.06987870
   -0.14588785
    0.04769502
   -0.04392135
   -0.02683432
   -0.04700453
    0.04066468
    0.05094895
    0.06992822
   -0.14690084
    0.11925507
    0.40322625
   -0.41512628
    0.13030796
   -0.11805221
    0.04806019
    0.04567587
    0.04914991
   -0.11092368
    0.04786719
    0.04154393
    0.03055971
    0.13042039
   -0.39910967
   -0.12469445
    0.05554977
    0.04740474
    0.04981613
   -0.12041673
    0.04496413
    0.05549468
    0.04650817
    0.39058446
   -0.39631043
    0.12786676
   -0.12660931
    0.05574675
    0.04991590
    0.05234572
   -0.12718716
    0.04554496
    0.05144695
    0.06028965
    0.12749570
   -0.36789362
   -0.12590330
    0.06163169
    0.05154678
    0.04514944
   -0.12844907
    0.05633800
    0.04928543
    0.05078263
    0.41189192
   -0.38062701
    0.12529831
   -0.13258627
    0.06145593
    0.06050516
    0.05166580
   -0.12285146
    0.05323031
    0.05308117
    0.03983752
    0.12918289
   -0.37570781
   -0.12574104
    0.05672240
    0.05056823
    0.05723999
   -0.12262177
    0.04504103
    0.05720726
    0.05397124
    0.04887497
    0.04489311
   -0.04381589
   -0.04828766
   -0.02647461
   -0.04899622
    0.02827654
    0.04114298
   -0.03554923
   -0.06631045
    0.01223482
   -0.11641333
   -0.00861245
   -0.08079239
    0.02166226
    0.19563941
    0.03543740
    0.02241583
    0.07466213
    0.06484087
   -0.21913737
    0.35422615
    0.09161863
    0.41086842
    0.23267065
   -0.43245465
   -0.25150559
   -0.52097133
   -0.32828798
    0.00707559
    0.15939021
    0.07812814
    0.07811727
    0.09566325
   -0.12907067
   -0.12150572
   -0.12627619
    0.05694879
    0.05926818
    0.05934506
    0.04524236
    0.05247635
    0.05489158
    0.04811438
    0.05871999
    0.05521813
