           1           2   1.32104253646133     
           2           3   1.34778368011149     
           3           4   1.48148798446656     
           4           5   1.38919138584253     
           1           6   1.40371856686335     
           3           6  0.106275513673818     
           5           6   1.45011472093995     
           6           7  0.955195112684666     
           5           8  0.968975134757545     
           3           9  0.963570984249865     
           2          10   1.08698217165223     
          10          11   1.30517231676964     
          11          12   1.38105169196318     
          12          13   1.45972524076769     
          13          14   1.38550342788261     
          10          15   1.35809197920783     
          12          15  0.104231750244677     
          14          15   1.47169582605250     
          15          16  0.963417599653924     
          13          17  0.968975850463147     
          12          18  0.951938091056094     
           1          19  0.386949801691106     
          11          19  0.384509687991509     
          19          20  0.532216083530965     
          19          21  0.701226778861661     
          21          22   1.08276190661303     
          22          23  0.943143600656109     
          23          24  0.995375070601074     
          24          25  0.979497948536146     
          24          26  0.983383360154075     
          24          27  0.983228294906239     
          23          28  0.990638308936548     
          28          29  0.983810487748136     
          28          30  0.983982964425330     
          28          31  0.982190798575612     
          23          32  0.939011443269289     
          21          33   1.12127209879546     
          32          33  0.937370904051647     
          32          34  0.991473455780866     
          34          35  0.977776631788644     
          34          36  0.982405238084268     
          34          37  0.981096378068092     
          32          38  0.996537034338963     
          38          39  0.982929525684799     
          38          40  0.981480384841361     
          38          41  0.983441067502927     
          19          42  0.919176644269190     
          42          43   1.05626820656331     
          43          44  0.932798455802788     
          44          45  0.997670902296093     
          45          46  0.978654681953534     
          45          47  0.981422697791793     
          45          48  0.982383235614802     
          44          49  0.991676365775001     
          49          50  0.982794568911644     
          49          51  0.977980458305470     
          49          52  0.976729826322882     
          44          53  0.938472670763744     
          42          54   1.13906845137866     
          53          54  0.933516408266015     
          53          55  0.994152364276994     
          55          56  0.977905535923321     
          55          57  0.983059406283533     
          55          58  0.982978742457356     
          53          59  0.992579156563509     
          59          60  0.976587940691754     
          59          61  0.983137048608652     
          59          62  0.981974334920757     
          19          63  0.861740264270986     
          63          64   1.08555855246060     
          64          65  0.936805283205635     
          65          66  0.995782812734578     
          66          67  0.978984445091523     
          66          68  0.981702502215961     
          66          69  0.982911049087466     
          65          70  0.990281095414402     
          70          71  0.982421101607826     
          70          72  0.982930116735899     
          70          73  0.984031103136011     
          65          74  0.938527853828921     
          63          75   1.13612378645953     
          74          75  0.929586975489672     
          74          76  0.992659191979545     
          76          77  0.981392994792986     
          76          78  0.978368406604079     
          76          79  0.978956965734226     
          74          80  0.996155882610321     
          80          81  0.978859032764804     
          80          82  0.981077285601051     
          80          83  0.981927602662950     
           4          84  0.968968363823661     
          14          85  0.969354084976282     
          19          86  0.570302584136350     
          20          86  0.353965853943550     
          86          87   1.43023315004587     
          86          88   1.29167624656291     
          87          89   1.37823170412671     
          87          90  0.948675539196584     
          88          91   1.23312493438941     
          88          92   1.21596066233843     
          86          93  0.102876586339659     
          89          93   1.47651835160159     
          91          93   1.33430366364324     
          89          94  0.970968075879072     
          91          95   1.18189349674503     
          92          96   1.57138307096959     
          95          96   1.20646382680483     
          92          97   1.01323373858664     
          93          98  0.967082698267889     
          95          99  0.933070453993633     
          96         100  0.968039184924570     
          97         101  0.968013186685432     
          97         102  0.959653042351641     
          97         103  0.960767874553117     
         101         104  0.988666512491378     
         101         105  0.944341960741474     
         101         106  0.927118457218281     
         104         107   1.22795393435724     
         104         108  0.868866616789667     
         105         109   1.72590726953977     
         105         110   1.16649134107579     
         109         110  0.176922882120598     
         104         111  0.158569057557107     
         107         111   1.58452869815607     
         107         112   1.07474294746184     
         111         112  0.126823253175466     
         110         113  0.940274406950983     
         112         114  0.892661039524555     
         113         115  0.975508318337145     
         113         116  0.974351423918501     
         113         117  0.977531000746450     
         114         118  0.994524353817989     
         114         119  0.996110996879110     
         114         120  0.995814193629597     
         118         121  0.982796413573460     
         118         122  0.982062732722190     
         118         123  0.982758479009907     
         119         124  0.983344140585719     
         119         125  0.983175305571741     
         119         126  0.981123842560656     
         120         127  0.984756737394673     
         120         128  0.981525506171926     
         120         129  0.983069096893094     
