   -0.11336851
    0.08321649
   -0.04053697
   -0.01945871
   -0.04088367
    0.04934074
    0.05637606
    0.06144081
    0.05047898
    0.07959787
   -0.11932967
    0.04239584
   -0.04204980
   -0.02125963
   -0.04309027
    0.05133632
    0.05705231
    0.07723259
   -0.14429150
    0.10506424
    0.40591678
   -0.40342787
    0.12962267
   -0.12322541
    0.05552514
    0.04740785
    0.05258736
   -0.11168373
    0.05048200
    0.04340184
    0.02856098
    0.13022162
   -0.39811801
   -0.12363981
    0.05351337
    0.04858309
    0.05147947
   -0.12166608
    0.04821711
    0.05479519
    0.04758137
    0.40070964
   -0.38010177
    0.12789076
   -0.12795648
    0.05525532
    0.05837401
    0.05195403
   -0.12370925
    0.05072304
    0.04783541
    0.05475799
    0.12707616
   -0.38060984
   -0.12575056
    0.05600785
    0.05528613
    0.05069662
   -0.12534047
    0.04251920
    0.05625179
    0.05128716
    0.40030065
   -0.37744530
    0.12461873
   -0.13227699
    0.06014946
    0.05488104
    0.05204085
   -0.13021823
    0.06090544
    0.05223542
    0.05252841
    0.12660308
   -0.37523298
   -0.12572083
    0.05252761
    0.05527441
    0.05613614
   -0.12378277
    0.04131957
    0.05161434
    0.05616576
    0.05822468
    0.05600046
   -0.03150869
    0.06820841
   -0.05044182
   -0.17329172
    0.16108442
    0.04571587
    0.07245123
   -0.17318216
   -0.25276035
    0.06832069
