           1           2   1.32360830712325     
           2           3   1.35743604574859     
           3           4   1.47425532429005     
           4           5   1.39605587205074     
           1           6   1.39735702514953     
           3           6  0.105569599396225     
           5           6   1.45026665965578     
           6           7  0.956732316403656     
           5           8  0.967779469536061     
           3           9  0.961284969056846     
           2          10   1.07981287521988     
          10          11   1.31380063355797     
          11          12   1.39341540603904     
          12          13   1.44812637872447     
          13          14   1.39810122060869     
          10          15   1.36306377264250     
          12          15  0.104343568325013     
          14          15   1.46897354151686     
          15          16  0.961051225215589     
          13          17  0.968230634738275     
          12          18  0.947496747041195     
           1          19  0.418833684137211     
          11          19  0.428891250465850     
          19          20  0.537458227328888     
          19          21  0.740123540435108     
          21          22   1.09964009749982     
          22          23  0.939215864215486     
          23          24  0.996784937534872     
          24          25  0.982383192301753     
          24          26  0.983263337525951     
          24          27  0.982986336717528     
          23          28  0.990481007524697     
          28          29  0.983648680191663     
          28          30  0.983780210452633     
          28          31  0.985172433439231     
          23          32  0.941119800493760     
          21          33   1.12026198058876     
          32          33  0.935348926241047     
          32          34  0.991276170995802     
          34          35  0.980957305951164     
          34          36  0.983220139546089     
          34          37  0.981508719011990     
          32          38  0.997307770534869     
          38          39  0.982998738550925     
          38          40  0.982492048146463     
          38          41  0.983352223679095     
          19          42  0.845872153998421     
          42          43   1.12566570282213     
          43          44  0.932586046303547     
          44          45  0.997112497604522     
          45          46  0.982051907315950     
          45          47  0.981282130013675     
          45          48  0.982705319368940     
          44          49  0.991447310541065     
          49          50  0.982994663325196     
          49          51  0.982154717077363     
          49          52  0.978705637870445     
          44          53  0.938767884452387     
          42          54   1.11710120277909     
          53          54  0.931042038526659     
          53          55  0.996474341772856     
          55          56  0.982101840711686     
          55          57  0.982580797975844     
          55          58  0.982711851392284     
          53          59  0.992168623948401     
          59          60  0.982392541721612     
          59          61  0.982494931280538     
          59          62  0.982796720499665     
          19          63  0.846623270473221     
          63          64   1.11466067504759     
          64          65  0.935447582168489     
          65          66  0.991511414705948     
          66          67  0.978276116471171     
          66          68  0.982388489296616     
          66          69  0.982738792629834     
          65          70  0.996582240717603     
          70          71  0.981850774748942     
          70          72  0.983137944960259     
          70          73  0.982136545163073     
          65          74  0.937900435021886     
          63          75   1.12901486296525     
          74          75  0.932668416627150     
          74          76  0.996203037466933     
          76          77  0.982531220421581     
          76          78  0.981870758807820     
          76          79  0.981344297068727     
          74          80  0.991804433625209     
          80          81  0.983753695299365     
          80          82  0.982898557962837     
          80          83  0.982948172460147     
           4          84  0.968140923263156     
          14          85  0.968243772204161     
          19          86  0.595793274117917     
          20          86  0.343272095790791     
          86          87   1.35004634920298     
          86          88   1.33855576623871     
          87          89  0.960700575981887     
          87          90   1.35498786368087     
          88          91   1.47111275544588     
          88          92  0.955101636449579     
          90          93  0.957595465302612     
          90          94   1.42906033532365     
          91          94   1.37025705908566     
          91          95  0.958337937197344     
