           1           2   1.24510364302861     
           1           3  0.102776764301691     
           2           3   1.18790988930984     
           3           4   1.65669084703382     
           1           5   1.51129531407065     
           4           5   1.20296632334347     
           5           6   1.10897440557464     
           6           7   2.78088456454602     
           1           8  0.968717931387075     
           3           9  0.966420774753246     
           4          10  0.962975570746834     
