   -0.12200919
    0.07672882
   -0.04422604
   -0.02130199
   -0.04233565
    0.04339515
    0.07817311
    0.05729084
    0.04683104
    0.07312150
   -0.12930324
    0.04601749
   -0.04322175
   -0.02293969
   -0.04689950
    0.04761158
    0.05288088
    0.07783524
   -0.16377041
    0.12671072
    0.39851285
   -0.41100997
    0.13035347
   -0.12283602
    0.05429193
    0.04496130
    0.05230683
   -0.10905727
    0.04706829
    0.04159416
    0.02641429
    0.13039139
   -0.40168519
   -0.11922640
    0.04545516
    0.04793299
    0.04855233
   -0.11995620
    0.04640149
    0.05298858
    0.04537650
    0.39844225
   -0.38891740
    0.12925540
   -0.12547404
    0.05625153
    0.05868781
    0.04649879
   -0.12439990
    0.04818798
    0.05419305
    0.04928657
    0.12768597
   -0.38086734
   -0.12363863
    0.05471762
    0.05346890
    0.04691494
   -0.12026359
    0.04362191
    0.04983915
    0.04753927
    0.40034384
   -0.37580159
    0.12421553
   -0.13150291
    0.05376651
    0.05714206
    0.05328604
   -0.12898994
    0.06035033
    0.05038786
    0.05166416
    0.12725642
   -0.37314736
   -0.12951832
    0.05188754
    0.05616275
    0.06025115
   -0.12001022
    0.04325455
    0.04339271
    0.05412626
    0.05277855
    0.05109347
   -0.01743137
   -0.06079025
   -0.04404694
   -0.06308640
    0.02072837
   -0.01767319
    0.41239393
    0.03527539
    0.04602125
   -0.47704800
   -0.37080089
   -0.02297380
   -0.07739748
   -0.11300898
   -0.07150895
    0.37091766
    0.02872738
    0.03882302
    0.04294550
    0.04406569
    0.04156795
    0.02974624
    0.03420025
    0.03751458
