           1           2   1.32690149324338     
           2           3   1.35498961023370     
           3           4   1.47537511474414     
           4           5   1.39578900893407     
           1           6   1.40047736832468     
           3           6  0.106264460433969     
           5           6   1.44848494146293     
           6           7  0.948579822731870     
           5           8  0.968304012689962     
           3           9  0.961507496501182     
           2          10   1.08102329159689     
          10          11   1.32083354786831     
          11          12   1.40133056589763     
          12          13   1.44558856684681     
          13          14   1.39810802413082     
          10          15   1.35888625799950     
          12          15  0.105340775396977     
          14          15   1.47110003990749     
          15          16  0.961375555651681     
          13          17  0.968807645275919     
          12          18  0.946738670134385     
           1          19  0.405551712316401     
          11          19  0.395001007589136     
          19          20  0.530262588744647     
          19          21  0.766088443708451     
          21          22   1.08086592420623     
          22          23  0.944405688916795     
          23          24  0.996493355931493     
          24          25  0.981588828566378     
          24          26  0.983601627631801     
          24          27  0.983036801087693     
          23          28  0.989679915879455     
          28          29  0.984153467698243     
          28          30  0.983895239605591     
          28          31  0.984404563540352     
          23          32  0.940675979751150     
          21          33   1.11428221105483     
          32          33  0.940985594281057     
          32          34  0.990750429210716     
          34          35  0.980826937315042     
          34          36  0.983382591668115     
          34          37  0.981918932699522     
          32          38  0.996526145938940     
          38          39  0.983101112929606     
          38          40  0.982906865502949     
          38          41  0.983786321368502     
          19          42  0.885562365855829     
          42          43   1.11402248164221     
          43          44  0.935757256954825     
          44          45  0.997296908428820     
          45          46  0.979655110637787     
          45          47  0.980243045419962     
          45          48  0.983092754864366     
          44          49  0.990844119771934     
          49          50  0.983695203500527     
          49          51  0.982550518631609     
          49          52  0.980910223600289     
          44          53  0.940077816604750     
          42          54   1.11005133124263     
          53          54  0.934660102984402     
          53          55  0.995658715933911     
          55          56  0.982331674752402     
          55          57  0.983106449358109     
          55          58  0.983331359520926     
          53          59  0.991422880061442     
          59          60  0.981907334035984     
          59          61  0.983293129470011     
          59          62  0.983298988376361     
          19          63  0.884450885714750     
          63          64   1.09640730705090     
          64          65  0.937698228321028     
          65          66  0.991226217617278     
          66          67  0.979172536370260     
          66          68  0.982259620342949     
          66          69  0.983240144232735     
          65          70  0.995888621674799     
          70          71  0.982021288407336     
          70          72  0.983086818204616     
          70          73  0.982251346482464     
          65          74  0.938683337802061     
          63          75   1.12650458968835     
          74          75  0.937085260005611     
          74          76  0.997119879219242     
          76          77  0.983078568187321     
          76          78  0.982391764167323     
          76          79  0.978052390984224     
          74          80  0.989584395942345     
          80          81  0.983482653155718     
          80          82  0.979829531869005     
          80          83  0.982622594552564     
           4          84  0.968651238608476     
          14          85  0.968707369127250     
          19          86  0.567917715237882     
          20          86  0.357818543106021     
          86          87   1.56090240261593     
          86          88   1.11179009890117     
          87          89   1.25352845687557     
          87          90  0.971603481779077     
          86          91  0.122184117452682     
          88          91   1.12151174178262     
          89          91   1.62378225927428     
          88          92   1.09340082219044     
          89          93  0.972524219758831     
          91          94  0.968051094822016     
          92          95   1.63605539467844     
          92          96   1.14828757486765     
          95          96  0.154590240915963     
          97          98  0.970633624124802     
          97          99   1.01881096919739     
          97         100  0.975260761157876     
          98         100  0.980073468051433     
          96         101  0.821773915732526     
          98         102  0.981868971902957     
          98         103  0.978800616680341     
          99         104  0.976596438219375     
          99         105  0.983314057456943     
          99         106  0.980829248756052     
         100         107  0.982353692458488     
          97         108  0.969198065052923     
         100         109  0.980354789286257     
