   -0.12085351
    0.07773076
   -0.04210841
   -0.02202405
   -0.04296363
    0.04915714
    0.05325649
    0.05674351
    0.04729493
    0.07360249
   -0.12290258
    0.04181425
   -0.04468683
   -0.02409558
   -0.04540910
    0.04795378
    0.05187679
    0.07632296
   -0.15362379
    0.08513764
    0.40151647
   -0.40774752
    0.13017079
   -0.12206273
    0.05439010
    0.04507367
    0.05138819
   -0.10911892
    0.04761190
    0.04174740
    0.02749907
    0.13089827
   -0.40554353
   -0.11950201
    0.04774659
    0.04726711
    0.04880898
   -0.11967339
    0.04700548
    0.05240265
    0.04555289
    0.40541063
   -0.37617002
    0.12876181
   -0.12449965
    0.06047385
    0.05443761
    0.04604533
   -0.12085280
    0.04879870
    0.04658951
    0.05093280
    0.12782225
   -0.38323310
   -0.12332086
    0.05268428
    0.05350863
    0.04759553
   -0.11868272
    0.04621987
    0.04682382
    0.04554814
    0.40027373
   -0.37748416
    0.12595574
   -0.12749319
    0.05801338
    0.05224117
    0.04860776
   -0.12846099
    0.05869027
    0.05036962
    0.05275855
    0.12612529
   -0.38232971
   -0.12429399
    0.05051419
    0.05309489
    0.05426643
   -0.12361568
    0.03996262
    0.05267558
    0.05427933
    0.05359018
    0.05139967
   -0.02110641
   -0.03650240
   -0.05034336
   -0.04153812
    0.03102700
    0.05298703
    0.05905644
   -0.02028478
    0.03839331
   -0.08393473
   -0.00916217
    0.40711868
    0.05256182
   -0.03812139
   -0.48935242
   -0.29500648
   -0.04948102
   -0.04107468
    0.04151312
    0.12271138
   -0.03860681
    0.05387347
    0.04158617
   -0.13012657
   -0.12609940
    0.04741726
    0.04427874
    0.06518916
    0.05917413
    0.06673120
    0.06052959
    0.06430404
    0.05059918
