           1           2   1.31108807642715     
           2           3   1.35079683277722     
           3           4   1.48106855697862     
           4           5   1.38450022604437     
           1           6   1.38910205348366     
           3           6  0.105710498991846     
           5           6   1.45854734471471     
           6           7  0.956471103061358     
           5           8  0.968376539070050     
           3           9  0.961896772437634     
           2          10   1.08923518849774     
          10          11   1.30482715723535     
          11          12   1.38651056394984     
          12          13   1.45679882809012     
          13          14   1.38567052818080     
          10          15   1.35381511824720     
          12          15  0.105310879014606     
          14          15   1.47805403529009     
          15          16  0.961729122327832     
          13          17  0.968848597969738     
          12          18  0.947119236926061     
           1          19  0.439643904658050     
          11          19  0.438817574056680     
          19          20  0.529171366642486     
          19          21  0.728972278289482     
          21          22   1.09058744562325     
          22          23  0.942877415151216     
          23          24  0.996594175323692     
          24          25  0.982605849059336     
          24          26  0.983627018396832     
          24          27  0.983235423597853     
          23          28  0.989684386432398     
          28          29  0.984071279233234     
          28          30  0.983949680175031     
          28          31  0.985275384670983     
          23          32  0.941348622481446     
          21          33   1.10875005884894     
          32          33  0.939550516350049     
          32          34  0.990735286805496     
          34          35  0.983306874650788     
          34          36  0.983724254238499     
          34          37  0.982563127227260     
          32          38  0.996747935693151     
          38          39  0.983180582080491     
          38          40  0.982783034017656     
          38          41  0.983700274128247     
          19          42  0.847647243140222     
          42          43   1.13185504113066     
          43          44  0.936549091192820     
          44          45  0.995849748887556     
          45          46  0.979936640488991     
          45          47  0.981608006887463     
          45          48  0.983400727971388     
          44          49  0.991031337700590     
          49          50  0.983341596085455     
          49          51  0.983213871884744     
          49          52  0.980633704040868     
          44          53  0.937474774124126     
          42          54   1.10233939084568     
          53          54  0.936204239703862     
          53          55  0.995388108058653     
          55          56  0.982656471851888     
          55          57  0.982917680217150     
          55          58  0.983251341830741     
          53          59  0.991874789469428     
          59          60  0.979145614261653     
          59          61  0.983476350055970     
          59          62  0.983485442609296     
          19          63  0.863138463251403     
          63          64   1.11624262917540     
          64          65  0.938473472275637     
          65          66  0.991285865240329     
          66          67  0.977890661712844     
          66          68  0.982563659390918     
          66          69  0.983311313047039     
          65          70  0.996206617366898     
          70          71  0.982303529574831     
          70          72  0.983512419778614     
          70          73  0.982276035790344     
          65          74  0.937810663122826     
          63          75   1.11187114559308     
          74          75  0.936720500116917     
          74          76  0.995933524349401     
          76          77  0.983074759039372     
          76          78  0.982667031805496     
          76          79  0.982319952615091     
          74          80  0.991079184538581     
          80          81  0.983604205111521     
          80          82  0.983041046964830     
          80          83  0.983326039850886     
           4          84  0.968701399313845     
          14          85  0.968785988334694     
          19          86  0.597299664312064     
          20          86  0.347584542135232     
          86          87   1.36372294763876     
          86          88   1.37609964007585     
          87          89   1.46095618016211     
          87          90  0.963570451313288     
          88          91   1.41115905232327     
          88          92  0.953690446474281     
          89          93   1.36745387594678     
          91          93   1.27682863439008     
          89          94  0.966892929668789     
          91          95   1.04656506492508     
          93          96   1.12361086865679     
          95          97   1.13169638608380     
          95          98   1.06079321448544     
          96          98   1.28119922728535     
          96          99   1.37635856049206     
          95         100  0.114460423115740     
          97         100   1.61502100402794     
          97         101   1.10773248244372     
         100         101  0.143211412658533     
          98         102   1.39478204707023     
          99         102  0.103880301221923     
          99         103   1.45708635500711     
          99         104  0.968356099164875     
         101         105  0.902430725733271     
         102         106   1.44076167533097     
         103         106   1.41833640556494     
         102         107  0.962730158615451     
         103         108  0.970397532650115     
         105         109   1.00744816696845     
         105         110   1.00374244420247     
         105         111  0.961681465653607     
         106         112  0.970556620031139     
         109         113  0.983389456890036     
         109         114  0.984288268349624     
         109         115  0.981356619059801     
         110         116  0.984323757165212     
         110         117  0.981616979387649     
         110         118  0.984897591454149     
