   -0.12017827
    0.07821305
   -0.04172944
   -0.02169191
   -0.04269117
    0.04820932
    0.05392002
    0.05695983
    0.04734806
    0.07449195
   -0.12534824
    0.04254113
   -0.04404099
   -0.02293195
   -0.04501462
    0.04820884
    0.05102431
    0.07443726
   -0.15630181
    0.09268472
    0.40076968
   -0.40848213
    0.13004980
   -0.12194031
    0.05424610
    0.04511057
    0.05088549
   -0.10946811
    0.04761265
    0.04142598
    0.02795244
    0.13039698
   -0.40165121
   -0.12067842
    0.04915342
    0.04677208
    0.05027560
   -0.12020453
    0.04721747
    0.05321010
    0.04528683
    0.40203881
   -0.38214402
    0.12825543
   -0.12639013
    0.05464602
    0.05666580
    0.04970861
   -0.12270006
    0.04871109
    0.04623559
    0.05415086
    0.12744790
   -0.38329846
   -0.12437835
    0.05462155
    0.05370278
    0.04850636
   -0.12333900
    0.04353304
    0.05296564
    0.04834855
    0.39779140
   -0.37739258
    0.12447513
   -0.13133642
    0.06014068
    0.05348870
    0.05008778
   -0.12929025
    0.05980818
    0.05086400
    0.05163646
    0.12603868
   -0.37790924
   -0.12456239
    0.05075429
    0.05351346
    0.05478473
   -0.12356864
    0.04131118
    0.05144214
    0.05444923
    0.05388784
    0.05156236
   -0.02892119
   -0.04639857
   -0.04101587
    0.05050526
    0.03875366
   -0.06039586
    0.05581700
    0.10280252
   -0.32312711
    0.04999344
   -0.25620569
    0.22800948
   -0.14558841
    0.08577185
    0.08692903
    0.08775518
