           1           2   1.31383153495334     
           2           3   1.35148913282572     
           3           4   1.48037868808697     
           4           5   1.38533397255852     
           1           6   1.38828862406848     
           3           6  0.105791657821551     
           5           6   1.45868740153715     
           6           7  0.956768384421324     
           5           8  0.968324910345116     
           3           9  0.961989358408913     
           2          10   1.08724453044838     
          10          11   1.30912963553720     
          11          12   1.39098367559379     
          12          13   1.45421659380487     
          13          14   1.38877855176864     
          10          15   1.35520974354056     
          12          15  0.105375402019028     
          14          15   1.47666839528020     
          15          16  0.961812653480894     
          13          17  0.968956459920592     
          12          18  0.948094543069646     
           1          19  0.437107814727408     
          11          19  0.425738017080298     
          19          20  0.527379878531690     
          19          21  0.739038709704238     
          21          22   1.08938825111007     
          22          23  0.943195941950560     
          23          24  0.996497520479370     
          24          25  0.982660902727647     
          24          26  0.983620092008102     
          24          27  0.983278626623745     
          23          28  0.989782775989361     
          28          29  0.984059248030173     
          28          30  0.984039841930949     
          28          31  0.985408372236813     
          23          32  0.941211512913310     
          21          33   1.11126278827009     
          32          33  0.939541205019925     
          32          34  0.990698680640849     
          34          35  0.982758646034574     
          34          36  0.983689034415946     
          34          37  0.982321148171090     
          32          38  0.996786639970417     
          38          39  0.983173862706771     
          38          40  0.982732943465233     
          38          41  0.983723554907586     
          19          42  0.861173044528802     
          42          43   1.11798950632536     
          43          44  0.935957300150587     
          44          45  0.996744688622638     
          45          46  0.982290275637126     
          45          47  0.981659104883768     
          45          48  0.983071201194900     
          44          49  0.990945964989382     
          49          50  0.983376529387873     
          49          51  0.982530665435950     
          49          52  0.979162985100661     
          44          53  0.939027738302981     
          42          54   1.10628464397612     
          53          54  0.935177629166757     
          53          55  0.996278083208233     
          55          56  0.982401346778298     
          55          57  0.982837632100653     
          55          58  0.983163247665256     
          53          59  0.991287215390409     
          59          60  0.982184246809889     
          59          61  0.983047189543673     
          59          62  0.983265225878315     
          19          63  0.872312551636741     
          63          64   1.11192251992548     
          64          65  0.938896330050812     
          65          66  0.991275378574159     
          66          67  0.978129350854563     
          66          68  0.982603780764009     
          66          69  0.982996819347704     
          65          70  0.996119028770369     
          70          71  0.982015334579219     
          70          72  0.983429336630848     
          70          73  0.982218538332908     
          65          74  0.936655258812472     
          63          75   1.11993022133249     
          74          75  0.936722318631473     
          74          76  0.995333917069649     
          76          77  0.982956019247146     
          76          78  0.982336895760594     
          76          79  0.981601417256645     
          74          80  0.991583101445528     
          80          81  0.983742566605066     
          80          82  0.983022026077214     
          80          83  0.983230256587683     
           4          84  0.968670054912108     
          14          85  0.968757305278216     
          19          86  0.580046684946113     
          20          86  0.354251761000075     
          86          87   1.42840682061694     
          86          88   1.34196528449364     
          87          89   1.33899644320605     
          87          90  0.962133428290994     
          87          91  0.106871681482818     
          88          91   1.47460211982256     
          88          92  0.959846180042386     
          89          93   1.28409976680530     
          91          93   1.35831411601101     
          89          94   1.16119793473902     
          91          95  0.965444081673078     
          93          96   1.04681258014838     
          94          96  0.107602108276179     
          94          97   1.62809538837709     
          96          97   1.08650404666391     
          97          98   1.03355279972295     
          98          99  0.961880698031216     
          98         100  0.958881913459345     
          98         101  0.978553466140366     
