   -0.12119195
    0.07651260
   -0.04301241
   -0.02233493
   -0.04367505
    0.04810995
    0.05267239
    0.05576827
    0.04680589
    0.07283158
   -0.12577369
    0.04179084
   -0.04493843
   -0.02451564
   -0.04515167
    0.04586361
    0.05109457
    0.07596057
   -0.15556341
    0.08844499
    0.40260020
   -0.40904570
    0.13021927
   -0.12152617
    0.05365224
    0.04479116
    0.05106581
   -0.10887844
    0.04735332
    0.04126913
    0.02763240
    0.13080106
   -0.40349623
   -0.12017203
    0.04949549
    0.04609460
    0.04986971
   -0.11996097
    0.04704993
    0.05330351
    0.04510666
    0.40358779
   -0.38418974
    0.12888316
   -0.12534175
    0.05502504
    0.05554094
    0.04955653
   -0.12159900
    0.04839964
    0.04562359
    0.05279271
    0.12781674
   -0.38328084
   -0.12412753
    0.05382438
    0.05417577
    0.04822992
   -0.12067087
    0.04325835
    0.05239537
    0.04888150
    0.40084304
   -0.37868764
    0.12508525
   -0.12999371
    0.05877349
    0.05369033
    0.04991261
   -0.12879579
    0.06016337
    0.05052960
    0.05150397
    0.12672344
   -0.37967445
   -0.12397777
    0.05059477
    0.05331866
    0.05466902
   -0.12241406
    0.04052060
    0.05009412
    0.05433079
    0.05283140
    0.04973149
   -0.02288985
   -0.03421699
   -0.04614509
   -0.04508778
    0.02631963
    0.03025758
    0.04416681
   -0.00823246
    0.03121661
   -0.08616944
   -0.05487381
   -0.01890158
    0.03964613
    0.04943299
