           1           2   1.30979287181529     
           2           3   1.34787110633095     
           3           4   1.48409965598459     
           4           5   1.38117902829584     
           1           6   1.38763435037671     
           3           6  0.105943397753924     
           5           6   1.46107077896876     
           6           7  0.956918322585138     
           5           8  0.968472043905217     
           3           9  0.961676805332930     
           2          10   1.09256767484670     
          10          11   1.30235731071958     
          11          12   1.38551227244367     
          12          13   1.45820463030020     
          13          14   1.38386874912221     
          10          15   1.35257377682704     
          12          15  0.105166330690938     
          14          15   1.47916982323130     
          15          16  0.961616389768857     
          13          17  0.968947667597210     
          12          18  0.947592805712182     
           1          19  0.444952461813211     
          11          19  0.434693866562032     
          19          20  0.529949108218303     
          19          21  0.724879799569005     
          21          22   1.09042052096347     
          22          23  0.942565163848871     
          23          24  0.996629117820627     
          24          25  0.982706029043420     
          24          26  0.983604995571901     
          24          27  0.983262873383004     
          23          28  0.989923928703652     
          28          29  0.984076184384156     
          28          30  0.984053985493434     
          28          31  0.985256594119942     
          23          32  0.941396886927078     
          21          33   1.11029626676501     
          32          33  0.939177381518992     
          32          34  0.990756216934465     
          34          35  0.982323870817440     
          34          36  0.983744120133503     
          34          37  0.982279622101714     
          32          38  0.996882691634520     
          38          39  0.983159545670383     
          38          40  0.982757139581168     
          38          41  0.983723292799194     
          19          42  0.856640391385933     
          42          43   1.11679787474490     
          43          44  0.935653469972206     
          44          45  0.996898437179184     
          45          46  0.982126699042367     
          45          47  0.981821006651784     
          45          48  0.983063913734098     
          44          49  0.990875995440762     
          49          50  0.983444468858776     
          49          51  0.982649869992371     
          49          52  0.979529976037209     
          44          53  0.939324057323828     
          42          54   1.10741085463940     
          53          54  0.934381758885279     
          53          55  0.996167916692728     
          55          56  0.982529816101428     
          55          57  0.982826510560926     
          55          58  0.983185923443845     
          53          59  0.991584319730471     
          59          60  0.981476456200418     
          59          61  0.983014220079532     
          59          62  0.983118431778060     
          19          63  0.867439522223188     
          63          64   1.11156890831868     
          64          65  0.938217926385460     
          65          66  0.991355073239242     
          66          67  0.978594491885720     
          66          68  0.982545061177580     
          66          69  0.983043863308071     
          65          70  0.996309018140455     
          70          71  0.982003005923388     
          70          72  0.983415744139404     
          70          73  0.982283759885063     
          65          74  0.937214174793665     
          63          75   1.11891564447560     
          74          75  0.936485320659967     
          74          76  0.995640666069081     
          76          77  0.982981471421195     
          76          78  0.982325784659017     
          76          79  0.981646150875609     
          74          80  0.991338301755856     
          80          81  0.983910045719385     
          80          82  0.983150955127865     
          80          83  0.983262492128184     
           4          84  0.968799758046273     
          14          85  0.968963151140675     
          19          86  0.589057010966018     
          20          86  0.350956428361062     
          86          87   1.33593146719484     
          86          88   1.40485156867041     
          87          89   1.49430885990802     
          88          89  0.103743261009202     
          87          90  0.963527859171742     
          88          91   1.39281045529432     
          88          92  0.958664617526508     
          89          93   1.32589651191797     
          91          93   1.28280596242581     
          89          94  0.966738337269137     
          91          95   1.08887087400988     
          93          96   1.18780950927337     
          95          96  0.101247840743397     
          95          97   1.13917411099041     
          96          97   1.68898510115654     
          96          98  0.962739367205576     
          97          99  0.969423971667732     
