   -0.12108207
    0.07693626
   -0.04013469
   -0.02131955
   -0.04391540
    0.04810478
    0.05272868
    0.05629498
    0.04541319
    0.07223547
   -0.12522687
    0.03789812
   -0.04667297
   -0.02677870
   -0.04168697
    0.04321941
    0.05267267
    0.08054685
   -0.13993926
    0.08812575
    0.40632157
   -0.40620709
    0.12986212
   -0.12212795
    0.05335706
    0.04586767
    0.05251335
   -0.11156526
    0.04916062
    0.04320602
    0.02925854
    0.13039696
   -0.40256391
   -0.12277851
    0.05316121
    0.04692076
    0.04978085
   -0.12096583
    0.04767436
    0.05363547
    0.04669731
    0.39950471
   -0.38401181
    0.12864384
   -0.12599501
    0.05401983
    0.05565425
    0.04960279
   -0.12232397
    0.04961148
    0.04632511
    0.05409267
    0.12693848
   -0.38005418
   -0.12633618
    0.05612179
    0.05679346
    0.04908326
   -0.12160816
    0.03584916
    0.05267704
    0.05263960
    0.40257623
   -0.37946274
    0.12532080
   -0.12941564
    0.05779303
    0.05196127
    0.05061773
   -0.12981287
    0.05996758
    0.05121645
    0.05340204
    0.12712022
   -0.37846419
   -0.12452514
    0.05126880
    0.05423736
    0.05493158
   -0.12287003
    0.04137536
    0.05024406
    0.05532090
    0.05279199
    0.04903564
   -0.02473828
   -0.05610075
   -0.03715850
    0.23326807
   -0.03977753
   -0.04118339
    0.05383992
   -0.11342468
   -0.09336918
   -0.04189747
    0.04689876
    0.48387445
   -0.03430311
    0.02065792
   -0.06421286
    0.05663826
    0.04166479
   -0.22141681
   -0.22646555
   -0.23172823
   -0.01196881
    0.02319530
    0.06869486
    0.06060027
    0.05311718
   -0.05950416
   -0.03933317
   -0.03709550
    0.04235952
   -0.04515231
    0.03366267
    0.03616953
    0.03330520
