           1           2   1.30934794754958     
           2           3   1.34581409006728     
           3           4   1.48511602170487     
           4           5   1.37993119096766     
           1           6   1.38566729054954     
           3           6  0.105683668708419     
           5           6   1.46200655343194     
           6           7  0.957302459790598     
           5           8  0.968447200082449     
           3           9  0.961498629366854     
           2          10   1.09648169318629     
          10          11   1.29295096915617     
          11          12   1.37253928454114     
          12          13   1.46246038996875     
          13          14   1.37782882384703     
          10          15   1.35443558951654     
          12          15  0.104770393612142     
          14          15   1.47687783700278     
          15          16  0.961588645981127     
          13          17  0.968611979759956     
          12          18  0.946499866746231     
           1          19  0.442930765102400     
          11          19  0.445214157351679     
          19          20  0.542947501873368     
          19          21  0.700295111390956     
          21          22   1.09913722667006     
          22          23  0.940584029068587     
          23          24  0.996521013013081     
          24          25  0.982617373371499     
          24          26  0.983440519452318     
          24          27  0.983011743797201     
          23          28  0.990462097966097     
          28          29  0.983791462336062     
          28          30  0.983778133629231     
          28          31  0.984132801802996     
          23          32  0.940572669434446     
          21          33   1.11339283968952     
          32          33  0.936877216623918     
          32          34  0.991354830325733     
          34          35  0.980550387347239     
          34          36  0.983335860625790     
          34          37  0.981404738292599     
          32          38  0.996991964459610     
          38          39  0.982880371157755     
          38          40  0.982651230231802     
          38          41  0.983543264788263     
          19          42  0.848054031799972     
          42          43   1.11772365401111     
          43          44  0.935594920388221     
          44          45  0.996773072834058     
          45          46  0.981981175293070     
          45          47  0.981466199761279     
          45          48  0.982936200020396     
          44          49  0.990947697208535     
          49          50  0.983292914563422     
          49          51  0.982527642775157     
          49          52  0.979012043220169     
          44          53  0.938643305364995     
          42          54   1.11147064332826     
          53          54  0.934212889448502     
          53          55  0.996109307057447     
          55          56  0.982190642745071     
          55          57  0.982485325032390     
          55          58  0.983008239481454     
          53          59  0.992131069302508     
          59          60  0.982718503033849     
          59          61  0.982766524503660     
          59          62  0.982730253042908     
          19          63  0.847216477189822     
          63          64   1.11222915111107     
          64          65  0.936986781168012     
          65          66  0.991505296663858     
          66          67  0.978810154519287     
          66          68  0.982654112529106     
          66          69  0.982908546177381     
          65          70  0.996496164120711     
          70          71  0.982044482201527     
          70          72  0.983287446804767     
          70          73  0.982110230390440     
          65          74  0.938016044160859     
          63          75   1.12162830836815     
          74          75  0.934540717539318     
          74          76  0.996228546939389     
          76          77  0.982695608170056     
          76          78  0.981818914266280     
          76          79  0.981698610238778     
          74          80  0.991282822229595     
          80          81  0.983816964419764     
          80          82  0.983049176903720     
          80          83  0.983136283885652     
           4          84  0.968803787651108     
          14          85  0.969107840820829     
          19          86  0.598544002668892     
          20          86  0.335060841828944     
          86          87   1.35649151798972     
          86          88   1.37115115635398     
          87          89  0.967903771537541     
          87          90   1.38647156246359     
          88          91   1.42495528807515     
          88          92  0.957351437356386     
          89          93   1.10125361942934     
          89          94   1.22849549781722     
          90          95   1.45566759862292     
          91          95   1.37057252448760     
          90          96  0.966543173513473     
          91          97  0.953106497504784     
          93          98   1.70595236165136     
          93          99  0.972286635853387     
          94         100   1.00432798990462     
          94         101   1.17912964311800     
          95         102  0.968003632381325     
          97         103  0.942066398867447     
          97         104  0.931997081805205     
          97         105  0.923644108555548     
          98         106   1.18918944502022     
         101         106   1.27110575211833     
          98         107  0.964339189834287     
         100         108  0.973750060356188     
         100         109  0.973289327381207     
         100         110  0.969554198242664     
         101         111   1.32502356919582     
         106         112   1.33421930143765     
         111         112  0.108256412366931     
         111         113   1.49543954728087     
         111         114  0.963698784024797     
         112         115   1.49890773672946     
         113         115   1.37463438379400     
         112         116  0.968095025201947     
         113         117  0.970940720972180     
         115         118  0.970736373983916     
