   -0.12066525
    0.07394640
   -0.04419330
   -0.02453329
   -0.04579660
    0.04747586
    0.04984296
    0.05052620
    0.04204574
    0.06931034
   -0.12129432
    0.04129228
   -0.04671144
   -0.02700211
   -0.04632318
    0.04032174
    0.04750775
    0.07693418
   -0.17173497
    0.09767726
    0.40188510
   -0.41169966
    0.13039397
   -0.11925855
    0.05138446
    0.04278322
    0.04951115
   -0.10753771
    0.04529164
    0.04027315
    0.02726528
    0.13107817
   -0.40741523
   -0.11905834
    0.05069198
    0.04333918
    0.04757755
   -0.11870225
    0.04607086
    0.05186514
    0.04323969
    0.40036744
   -0.38735137
    0.12853817
   -0.12528996
    0.05466015
    0.05441194
    0.04844737
   -0.12036736
    0.04662530
    0.04398946
    0.05150044
    0.12711303
   -0.38105857
   -0.12393505
    0.05304457
    0.05425229
    0.04658056
   -0.12429870
    0.04441712
    0.05125678
    0.05212834
    0.40174140
   -0.38086262
    0.12501411
   -0.13033785
    0.05841553
    0.05386018
    0.04886233
   -0.12838699
    0.06039181
    0.04903332
    0.05119979
    0.12771836
   -0.38384563
   -0.12262657
    0.04927786
    0.05203309
    0.05383108
   -0.11976153
    0.03941519
    0.04623676
    0.05295787
    0.04732393
    0.04400771
   -0.04942677
   -0.06439923
   -0.02308802
   -0.02487012
    0.00560789
   -0.09609975
    0.03036603
    0.02764884
    0.19612504
