           1           2   1.30127983263718     
           2           3   1.34325651479102     
           3           4   1.48917679093072     
           4           5   1.37267581918771     
           1           6   1.38317594866589     
           3           6  0.106104854611959     
           5           6   1.46686252331168     
           6           7  0.957346981915715     
           5           8  0.969064149090346     
           3           9  0.962193497680401     
           2          10   1.10011584001458     
          10          11   1.29490104229068     
          11          12   1.38008462946817     
          12          13   1.46346495803092     
          13          14   1.37656331572898     
          10          15   1.34845211984826     
          12          15  0.105138238267235     
          14          15   1.48317675738018     
          15          16  0.962217918388337     
          13          17  0.969337267887702     
          12          18  0.947916103200503     
           1          19  0.461500737045495     
          11          19  0.453566058274650     
          19          20  0.543325964429358     
          19          21  0.717344119317824     
          21          22   1.08637829103983     
          22          23  0.945175526056664     
          23          24  0.996060474001442     
          24          25  0.982969438010590     
          24          26  0.983862499451731     
          24          27  0.983435553562251     
          23          28  0.989758411563502     
          28          29  0.984349530563369     
          28          30  0.984206836275576     
          28          31  0.985261781904812     
          23          32  0.940886461939179     
          21          33   1.10368391297625     
          32          33  0.941861671592921     
          32          34  0.990544515138824     
          34          35  0.981219690778726     
          34          36  0.983875293880643     
          34          37  0.982236453479284     
          32          38  0.996583930413312     
          38          39  0.983249320459578     
          38          40  0.983067828018024     
          38          41  0.984013832702423     
          19          42  0.874275719812933     
          42          43   1.10440473076130     
          43          44  0.938827976546408     
          44          45  0.996539687709795     
          45          46  0.982369089430724     
          45          47  0.982226122565730     
          45          48  0.983419401763829     
          44          49  0.990440773044056     
          49          50  0.983701979566598     
          49          51  0.982151436202042     
          49          52  0.979652615366380     
          44          53  0.939222461267730     
          42          54   1.10576868166482     
          53          54  0.937681161853623     
          53          55  0.996107126915347     
          55          56  0.982627232767229     
          55          57  0.982881649488785     
          55          58  0.983427846540235     
          53          59  0.990854616642201     
          59          60  0.982948844475272     
          59          61  0.983502158616367     
          59          62  0.983074301261801     
          19          63  0.875093492005983     
          63          64   1.10350537321472     
          64          65  0.940114233163428     
          65          66  0.990739812198014     
          66          67  0.979044825120288     
          66          68  0.982661742797626     
          66          69  0.983347349752375     
          65          70  0.996363306691478     
          70          71  0.982066601002908     
          70          72  0.983666848800958     
          70          73  0.982464229519758     
          65          74  0.938072574975862     
          63          75   1.11199856694354     
          74          75  0.938328804307846     
          74          76  0.995779532258912     
          76          77  0.983208495187563     
          76          78  0.982424384050343     
          76          79  0.981180937160252     
          74          80  0.990671292594102     
          80          81  0.984253556461074     
          80          82  0.983440255647056     
          80          83  0.983543292514597     
           4          84  0.969383726466244     
          14          85  0.969528790937809     
          19          86  0.591922412142453     
          20          86  0.343448811096204     
          86          87   1.28627783401124     
          86          88   1.50307821887839     
          87          89   1.54788109765473     
          88          89  0.139278218868663     
          87          90  0.971601155929233     
          88          91   1.22792906090163     
          89          91   1.22943373936149     
          88          92  0.966862897241831     
          89          93  0.970163273751042     
          91          94  0.934135240927870     
