   -0.11732067
    0.08099027
   -0.04089661
   -0.02024563
   -0.04123895
    0.04964111
    0.05384792
    0.05952083
    0.05055840
    0.07751289
   -0.11572494
    0.04467197
   -0.04208328
   -0.02100572
   -0.04358549
    0.05157825
    0.05536192
    0.07861051
   -0.15681836
    0.09421978
    0.40284509
   -0.40787112
    0.13013549
   -0.12215329
    0.05416582
    0.04571087
    0.05159326
   -0.10971218
    0.04836021
    0.04184024
    0.02811766
    0.13056905
   -0.40110128
   -0.12032594
    0.04813673
    0.04748411
    0.05055376
   -0.12066395
    0.04795982
    0.05383670
    0.04588883
    0.40443844
   -0.38294971
    0.12874079
   -0.12523243
    0.05379432
    0.05624282
    0.05012034
   -0.12265746
    0.04953038
    0.04612934
    0.05404946
    0.12794747
   -0.38163626
   -0.12485974
    0.05508266
    0.05512196
    0.04881621
   -0.12052402
    0.04153850
    0.05207208
    0.05009239
    0.40013513
   -0.37810960
    0.12505279
   -0.13016730
    0.05912239
    0.05293553
    0.05069907
   -0.12909891
    0.05976207
    0.05142312
    0.05218323
    0.12622738
   -0.37858581
   -0.12450968
    0.05116746
    0.05417333
    0.05467689
   -0.12344486
    0.04060365
    0.05184437
    0.05504330
    0.05710858
    0.05518236
   -0.01138918
   -0.11721657
   -0.06527039
    0.02558974
   -0.00122168
    0.02627554
   -0.04554610
   -0.04363754
   -0.04334974
    0.03296846
   -0.04187366
    0.02981317
    0.03169510
    0.03091672
