           1           2   1.32069395712485     
           2           3   1.35595287189430     
           3           4   1.47579638884522     
           4           5   1.39208815661445     
           1           6   1.39267356823157     
           3           6  0.105707112520144     
           5           6   1.45412295315413     
           6           7  0.956931282636004     
           5           8  0.968015988217238     
           3           9  0.961845928726812     
           2          10   1.08120666307700     
          10          11   1.31548247440435     
          11          12   1.39216941501095     
          12          13   1.44993084609070     
          13          14   1.39572863948821     
          10          15   1.35949154647470     
          12          15  0.105276716485572     
          14          15   1.47213377597673     
          15          16  0.961630892642753     
          13          17  0.968454910165221     
          12          18  0.946477914063743     
           1          19  0.427962429504691     
          11          19  0.432476286050510     
          19          20  0.552971079943217     
          19          21  0.744553091204432     
          21          22   1.09172470369617     
          22          23  0.941914977066929     
          23          24  0.996748414568867     
          24          25  0.982635874332209     
          24          26  0.983531848890519     
          24          27  0.983179391963126     
          23          28  0.989921496307490     
          28          29  0.983952075267015     
          28          30  0.983999518593012     
          28          31  0.985377167695031     
          23          32  0.941487836936319     
          21          33   1.11364002696583     
          32          33  0.938195067145254     
          32          34  0.990936261915279     
          34          35  0.982997034395829     
          34          36  0.983618957042355     
          34          37  0.982406312371102     
          32          38  0.996955038509565     
          38          39  0.983103200452551     
          38          40  0.982697745542357     
          38          41  0.983601562140198     
          19          42  0.858494916527557     
          42          43   1.12104965976187     
          43          44  0.934444583219458     
          44          45  0.996952090562007     
          45          46  0.982427764361594     
          45          47  0.981665714270055     
          45          48  0.982976519215634     
          44          49  0.990907430977358     
          49          50  0.983321919793768     
          49          51  0.982749484716656     
          49          52  0.979412106238438     
          44          53  0.939548396092973     
          42          54   1.10865980251583     
          53          54  0.933475786151349     
          53          55  0.996531225167084     
          55          56  0.982368234699116     
          55          57  0.982692498003789     
          55          58  0.983073989332581     
          53          59  0.991531445684625     
          59          60  0.982518968325187     
          59          61  0.983046794674370     
          59          62  0.983051301550628     
          19          63  0.858683003924540     
          63          64   1.11444111438527     
          64          65  0.937273780392263     
          65          66  0.991437109840830     
          66          67  0.978418148903639     
          66          68  0.982654186421803     
          66          69  0.982947995448806     
          65          70  0.996298292644575     
          70          71  0.982051206677638     
          70          72  0.983315043109879     
          70          73  0.982185223420113     
          65          74  0.937348486073284     
          63          75   1.11858218919785     
          74          75  0.936018207437129     
          74          76  0.995653191103939     
          76          77  0.982956646997996     
          76          78  0.982335805699984     
          76          79  0.981869851320528     
          74          80  0.991333571829790     
          80          81  0.983702406993212     
          80          82  0.983015720896654     
          80          83  0.983192104023127     
           4          84  0.968282806490154     
          14          85  0.968317952364079     
          19          86  0.594401393676441     
          20          86  0.334605345299472     
          86          87   1.10009741028581     
          86          88   1.60809279105908     
          87          89   1.09286575408723     
          88          90   1.19556714848835     
          89          90   1.27524065888223     
          88          91  0.957061513116249     
          89          92   1.38974492270128     
          90          93   1.32672377854990     
          92          93  0.105738557641356     
          92          94   1.46197943751586     
          92          95  0.969160360363265     
          93          96   1.49165354130807     
          94          96   1.38588999394587     
          93          97  0.968667302131262     
          94          98  0.970726550160171     
          96          99  0.971016327494309     
