   -0.11929208
    0.07797843
   -0.04209890
   -0.02151811
   -0.04274995
    0.04805287
    0.05415365
    0.05754737
    0.04846749
    0.07466696
   -0.12263907
    0.04142926
   -0.04403704
   -0.02314140
   -0.04445480
    0.04773554
    0.05299265
    0.07835481
   -0.14994931
    0.09189193
    0.40191106
   -0.40828150
    0.13005400
   -0.12214328
    0.05415358
    0.04534053
    0.05117048
   -0.10974252
    0.04791623
    0.04144264
    0.02857152
    0.13026934
   -0.39950566
   -0.12077441
    0.04905881
    0.04695274
    0.05073345
   -0.12057403
    0.04795843
    0.05367105
    0.04545325
    0.40248757
   -0.37999959
    0.12798410
   -0.12730150
    0.05580298
    0.05697165
    0.05040676
   -0.12300794
    0.04947579
    0.04642759
    0.05389164
    0.12707108
   -0.38042580
   -0.12522061
    0.05487560
    0.05470223
    0.04906401
   -0.12553071
    0.04541892
    0.05403164
    0.05007208
    0.39913648
   -0.37663785
    0.12467400
   -0.13152472
    0.06020429
    0.05430834
    0.05050954
   -0.12940725
    0.06021333
    0.05097507
    0.05180839
    0.12621543
   -0.37764723
   -0.12490763
    0.05098241
    0.05396774
    0.05546796
   -0.12322185
    0.04048863
    0.05108311
    0.05460075
    0.05462911
    0.05170995
   -0.01830207
   -0.05621357
   -0.04643736
    0.14598006
    0.04134457
   -0.03913083
    0.05301866
   -0.06129622
   -0.28362453
    0.05103389
    0.23439941
    0.03207307
   -0.44413454
   -0.14892286
    0.06714621
    0.03845705
    0.06667109
    0.06521334
    0.07965544
    0.07121770
