           1           2   1.31436749152233     
           2           3   1.35060101778798     
           3           4   1.48138431226933     
           4           5   1.38519985773391     
           1           6   1.38934512284785     
           3           6  0.105938259496397     
           5           6   1.45873697726024     
           6           7  0.956644014444848     
           5           8  0.968256853512403     
           3           9  0.961562840848018     
           2          10   1.08854218248887     
          10          11   1.30837034463360     
          11          12   1.38817268475972     
          12          13   1.45577201071572     
          13          14   1.38762985092257     
          10          15   1.35418595427727     
          12          15  0.105436093504244     
          14          15   1.47765425264872     
          15          16  0.961510296005913     
          13          17  0.968724426673854     
          12          18  0.946912599675697     
           1          19  0.438654602867309     
          11          19  0.430754516921047     
          19          20  0.527229523279409     
          19          21  0.730226803011347     
          21          22   1.09159855696192     
          22          23  0.942249748523934     
          23          24  0.996698127490661     
          24          25  0.982676178530365     
          24          26  0.983482415825223     
          24          27  0.983247305298927     
          23          28  0.989997606903081     
          28          29  0.983980485650438     
          28          30  0.984029894167398     
          28          31  0.985282938325714     
          23          32  0.941252325918107     
          21          33   1.11451996435989     
          32          33  0.938942886617440     
          32          34  0.990797516773650     
          34          35  0.982783860868136     
          34          36  0.983634638225065     
          34          37  0.982210901345259     
          32          38  0.996830240080957     
          38          39  0.983084179339076     
          38          40  0.982679421923508     
          38          41  0.983659257594185     
          19          42  0.853602793494155     
          42          43   1.12145616606341     
          43          44  0.934798719200747     
          44          45  0.996857919986492     
          45          46  0.982154669690210     
          45          47  0.981620878799251     
          45          48  0.982980062385634     
          44          49  0.991098443230103     
          49          50  0.983292230092758     
          49          51  0.982510780873000     
          49          52  0.979433657097346     
          44          53  0.939094560945110     
          42          54   1.11045219434152     
          53          54  0.933870931615643     
          53          55  0.996457235296319     
          55          56  0.982291111512942     
          55          57  0.982683983363985     
          55          58  0.983073961429651     
          53          59  0.991453740579159     
          59          60  0.982051025474668     
          59          61  0.982907206313340     
          59          62  0.983097344150943     
          19          63  0.865765630753355     
          63          64   1.11510252287826     
          64          65  0.937625903789369     
          65          66  0.991331883668927     
          66          67  0.978338766909760     
          66          68  0.982505515518161     
          66          69  0.982992774884133     
          65          70  0.996495334585854     
          70          71  0.981978698813537     
          70          72  0.983327680827881     
          70          73  0.982221956530402     
          65          74  0.937341176428172     
          63          75   1.12061525738063     
          74          75  0.936018901539693     
          74          76  0.995692476487621     
          76          77  0.982941075611577     
          76          78  0.982318667124227     
          76          79  0.981573545231911     
          74          80  0.991382430113397     
          80          81  0.983788524188859     
          80          82  0.983050434579640     
          80          83  0.983226982135026     
           4          84  0.968593405404594     
          14          85  0.968748581523324     
          19          86  0.596533617581277     
          20          86  0.350098548716969     
          86          87   1.42037739168811     
          86          88   1.31980466527297     
          87          89   1.34995386054053     
          87          90  0.959305936740555     
          88          91   1.51185760462722     
          88          92  0.958909552553016     
          89          93   1.31205200138271     
          91          93   1.31717707446334     
          89          94   1.06818144482104     
          91          95  0.963690397463223     
          93          96   1.06974031807663     
          94          97  0.974489655173486     
          96          98   1.73896681507917     
          96          99   1.00170460163599     
          97         100  0.977442283917408     
          97         101  0.977128567451814     
          97         102  0.964263213067614     
          99         103  0.978450365292884     
          99         104  0.950378834235062     
          99         105  0.976313484696606     
