   -0.12240429
    0.07531876
   -0.04314301
   -0.02263601
   -0.04389322
    0.04822206
    0.05203102
    0.05558043
    0.04646705
    0.07121288
   -0.12659267
    0.04261457
   -0.04467695
   -0.02472431
   -0.04529927
    0.04519944
    0.05198578
    0.07700340
   -0.16437500
    0.09391581
    0.40498547
   -0.40910262
    0.13028402
   -0.12087336
    0.05290356
    0.04477843
    0.05107130
   -0.10863814
    0.04745024
    0.04142670
    0.02728172
    0.13093092
   -0.40432324
   -0.12028611
    0.05080910
    0.04568129
    0.04916094
   -0.11973370
    0.04690231
    0.05312233
    0.04514515
    0.40494178
   -0.38562117
    0.12895378
   -0.12510415
    0.05451132
    0.05532956
    0.04940020
   -0.12098031
    0.04823195
    0.04508109
    0.05166525
    0.12799629
   -0.38232343
   -0.12417788
    0.05354642
    0.05463518
    0.04791746
   -0.12242997
    0.04432070
    0.05206822
    0.05075380
    0.40380478
   -0.37915480
    0.12525300
   -0.12976014
    0.05836055
    0.05365852
    0.04981707
   -0.12878671
    0.06059497
    0.05033816
    0.05167117
    0.12743248
   -0.38186506
   -0.12354911
    0.05066034
    0.05327158
    0.05441231
   -0.12123670
    0.03986419
    0.04841213
    0.05446198
    0.05272508
    0.04961729
   -0.03276155
   -0.02554745
   -0.06221409
   -0.10899272
    0.01891383
    0.02712773
    0.03597340
   -0.11828628
    0.06166991
    0.06063102
    0.05398424
