           1           2   1.30803130426913     
           2           3   1.34693017741755     
           3           4   1.48527554410960     
           4           5   1.37917022545571     
           1           6   1.38555896383420     
           3           6  0.106039474252031     
           5           6   1.46298786402455     
           6           7  0.956994429082697     
           5           8  0.968481833036958     
           3           9  0.961704568110314     
           2          10   1.09458759656190     
          10          11   1.30089181597103     
          11          12   1.38310943366644     
          12          13   1.45961977179044     
          13          14   1.38260358383938     
          10          15   1.35199772563155     
          12          15  0.105061178527789     
          14          15   1.47971397433773     
          15          16  0.961688744389867     
          13          17  0.968847496669596     
          12          18  0.947317214490518     
           1          19  0.452239222939302     
          11          19  0.442091656795531     
          19          20  0.552621278137119     
          19          21  0.723692215366058     
          21          22   1.09245221980480     
          22          23  0.942326458205721     
          23          24  0.996501938668392     
          24          25  0.982747112313282     
          24          26  0.983603065699348     
          24          27  0.983235482476653     
          23          28  0.990111858816273     
          28          29  0.984076345572407     
          28          30  0.984071632058312     
          28          31  0.985217861263676     
          23          32  0.941124128306543     
          21          33   1.11002085614510     
          32          33  0.939000555618220     
          32          34  0.990845957280815     
          34          35  0.981483041443336     
          34          36  0.983644477249159     
          34          37  0.982074353134760     
          32          38  0.996902468424557     
          38          39  0.983118589626175     
          38          40  0.982850093534564     
          38          41  0.983742951979451     
          19          42  0.863577570399061     
          42          43   1.11176443761093     
          43          44  0.936322568023053     
          44          45  0.996852389382926     
          45          46  0.982396597048161     
          45          47  0.981951449065772     
          45          48  0.983132067296793     
          44          49  0.990760835021238     
          49          50  0.983507616640471     
          49          51  0.982343457317098     
          49          52  0.979689095354655     
          44          53  0.939490330443525     
          42          54   1.10859554861899     
          53          54  0.934585645568496     
          53          55  0.996363288145012     
          55          56  0.982494905171476     
          55          57  0.982756590759929     
          55          58  0.983211756965161     
          53          59  0.991378136290515     
          59          60  0.982500830640735     
          59          61  0.983117302774666     
          59          62  0.983040557419604     
          19          63  0.865247330471697     
          63          64   1.10846319055216     
          64          65  0.938117998022703     
          65          66  0.991068433632340     
          66          67  0.978818257523207     
          66          68  0.982615975904657     
          66          69  0.983153240797777     
          65          70  0.996487543961069     
          70          71  0.981982096946275     
          70          72  0.983457950410828     
          70          73  0.982327819652076     
          65          74  0.938072764297058     
          63          75   1.11689058965020     
          74          75  0.936031476028799     
          74          76  0.995981819178730     
          76          77  0.982971144662811     
          76          78  0.982259681330699     
          76          79  0.981410760306251     
          74          80  0.991079524559490     
          80          81  0.984069844268654     
          80          82  0.983273095378722     
          80          83  0.983298709407430     
           4          84  0.968816499306184     
          14          85  0.968974453935962     
          19          86  0.577158587027091     
          20          86  0.330177956883804     
          86          87   1.61114196223445     
          86          88   1.20851452945582     
          87          89   1.11808129841894     
          87          90  0.968411493298590     
          87          91  0.108097902025754     
          88          91   1.63212970964481     
          89          91   1.13304642026812     
          88          92  0.956769717243624     
          91          93   1.03603251103767     
          93          94  0.971678449572561     
          93          95  0.968829583992219     
          93          96  0.979836499519153     
