           1           2   1.43558383977806     
           2           3   1.38057586789223     
           3           4  0.963861982637185     
           3           5   1.39909038116183     
           2           6  0.101546104157727     
           5           6   1.39803849635920     
           1           7   1.43991451167964     
           6           7   1.39002657823598     
           6           8  0.992382314884163     
           1           9  0.961214372616575     
           2          10  0.960597265735222     
           7          11  0.960701206717575     
