   -0.11862625
    0.07966357
   -0.04191833
   -0.02144185
   -0.04271613
    0.04843957
    0.05408900
    0.05769864
    0.04628211
    0.07659595
   -0.12079707
    0.04292080
   -0.04346400
   -0.02312807
   -0.04405251
    0.04519425
    0.05397153
    0.07936094
   -0.15781747
    0.10430255
    0.40685659
   -0.40804128
    0.13018531
   -0.12149366
    0.05361742
    0.04582541
    0.05154962
   -0.10917870
    0.04857958
    0.04168350
    0.02698356
    0.13065207
   -0.40176077
   -0.12133722
    0.05189878
    0.04668011
    0.05004821
   -0.12024189
    0.04695136
    0.05395076
    0.04599503
    0.40422834
   -0.38358675
    0.12855861
   -0.12641029
    0.05530054
    0.05652199
    0.05066636
   -0.12142871
    0.04950618
    0.04645816
    0.05098496
    0.12758658
   -0.38039038
   -0.12469844
    0.05382109
    0.05501185
    0.04891823
   -0.12484815
    0.04596865
    0.05377852
    0.05118353
    0.40263259
   -0.37794610
    0.12490438
   -0.13119361
    0.05924708
    0.05483861
    0.05090806
   -0.12942532
    0.06126124
    0.05109081
    0.05179491
    0.12721356
   -0.37949788
   -0.12433427
    0.05150158
    0.05370118
    0.05541156
   -0.12177402
    0.04029835
    0.04863789
    0.05518905
    0.05409219
    0.05093055
   -0.05411045
    0.08520355
   -0.06462674
   -0.09230757
   -0.20673859
    0.02856283
    0.05575126
   -0.12445352
    0.06299210
    0.07002020
    0.06913259
