           1           2   1.31508782910389     
           2           3   1.35087663387235     
           3           4   1.48129337968935     
           4           5   1.38510895518182     
           1           6   1.38822756017694     
           3           6  0.106086731107928     
           5           6   1.45932640610533     
           6           7  0.956916668133772     
           5           8  0.968213164678348     
           3           9  0.961626100647238     
           2          10   1.08856889776215     
          10          11   1.30653805058498     
          11          12   1.38759331598768     
          12          13   1.45397118841765     
          13          14   1.38985758519213     
          10          15   1.35677298946271     
          12          15  0.104684245037195     
          14          15   1.47469714639760     
          15          16  0.961584826729809     
          13          17  0.968607338494759     
          12          18  0.946158161675481     
           1          19  0.442416578046226     
          11          19  0.438651302806651     
          19          20  0.564526402038547     
          19          21  0.729266642931058     
          21          22   1.09481154693475     
          22          23  0.941269108477087     
          23          24  0.996553490823535     
          24          25  0.982617395002318     
          24          26  0.983498390461896     
          24          27  0.983132533722409     
          23          28  0.990294111136118     
          28          29  0.983903233387007     
          28          30  0.984013961537889     
          28          31  0.985086977522861     
          23          32  0.940749910961600     
          21          33   1.11409638370041     
          32          33  0.938011292431819     
          32          34  0.991004639257649     
          34          35  0.981156225424813     
          34          36  0.983510293553295     
          34          37  0.981907494786940     
          32          38  0.996974246372217     
          38          39  0.983080481835492     
          38          40  0.982731896540681     
          38          41  0.983644673038739     
          19          42  0.858399304120853     
          42          43   1.11665660123748     
          43          44  0.934792307419656     
          44          45  0.996989909885360     
          45          46  0.982220000510770     
          45          47  0.981836780251242     
          45          48  0.982952353391603     
          44          49  0.991085916783407     
          49          50  0.983329903907727     
          49          51  0.982123275662933     
          49          52  0.980205515668772     
          44          53  0.939457577803972     
          42          54   1.11251032713531     
          53          54  0.932868958720377     
          53          55  0.996522798962293     
          55          56  0.982416287424090     
          55          57  0.982675406017938     
          55          58  0.983061406401354     
          53          59  0.991501365433119     
          59          60  0.981768896909631     
          59          61  0.982937883175650     
          59          62  0.982930941842345     
          19          63  0.854191872169458     
          63          64   1.11110262944822     
          64          65  0.936773784468774     
          65          66  0.991181456875629     
          66          67  0.978711667798240     
          66          68  0.982481801833472     
          66          69  0.983000491851766     
          65          70  0.996639489987684     
          70          71  0.981871914590866     
          70          72  0.983323258561016     
          70          73  0.982303070854307     
          65          74  0.938172558123298     
          63          75   1.12142446643869     
          74          75  0.934741028481044     
          74          76  0.996015162733165     
          76          77  0.982825331096961     
          76          78  0.982099274723419     
          76          79  0.981214707568754     
          74          80  0.991282796276550     
          80          81  0.984108824554375     
          80          82  0.983174129031559     
          80          83  0.983165548535105     
           4          84  0.968649276973162     
          14          85  0.968791564122872     
          19          86  0.573725235993769     
          20          86  0.319225471810601     
          86          87   1.57538318609357     
          86          88   1.19266957692998     
          87          89   1.08277569983205     
          87          90  0.954464591070124     
          88          91   1.63807915865416     
          89          91   1.11875113677684     
          88          92  0.951861869117231     
          91          93   1.03696834977248     
          93          94  0.977713454551887     
          93          95  0.969944635750476     
          93          96  0.966472170018281     
