           1           2   1.19457529026728     
           1           3  0.112101669401149     
           2           3   1.18145303602427     
           3           4   1.65328222727954     
           1           5   1.56658793948871     
           4           5   1.22077535834964     
           5           6   1.05533661683306     
           6           7   1.38447103440857     
           7           8   1.45450924918719     
           6           9  0.100445631244314     
           8           9   1.40804132861754     
           9          10   1.02715877103719     
           7          11  0.106004383716639     
           9          11   1.39836849030539     
           6          12   1.37682857332866     
           8          12  0.103441266398050     
          11          12   1.46449210885213     
           1          13  0.969602363689284     
           3          14  0.969982457853350     
           4          15  0.962607223428806     
           7          16  0.969013013014909     
           8          17  0.968398221962892     
          10          18  0.985509029453835     
          10          19  0.970486306529983     
          10          20  0.972013534357497     
          11          21  0.969379096748559     
          12          22  0.968373118654294     
