   -0.11915497
    0.07982695
   -0.04165283
   -0.02215520
   -0.04312991
    0.04877167
    0.05323370
    0.05713691
    0.04710703
    0.07749219
   -0.12528618
    0.04264580
   -0.04479845
   -0.02385846
   -0.04396458
    0.04760365
    0.05129214
    0.07387069
   -0.15471435
    0.10055377
    0.40332765
   -0.40661143
    0.12972535
   -0.12191749
    0.05395908
    0.04585054
    0.05173492
   -0.11010925
    0.04860511
    0.04257172
    0.02749203
    0.13045400
   -0.40236115
   -0.12212566
    0.05290776
    0.04671131
    0.04966937
   -0.12061341
    0.04704409
    0.05362375
    0.04610037
    0.40216851
   -0.38304909
    0.12848723
   -0.12669594
    0.05588148
    0.05680762
    0.05047280
   -0.12200270
    0.04974043
    0.04719036
    0.05186234
    0.12767341
   -0.38350574
   -0.12489230
    0.05493166
    0.05445763
    0.04946860
   -0.12389907
    0.04393313
    0.05432839
    0.04951310
    0.40141219
   -0.37958376
    0.12491167
   -0.13101776
    0.05928658
    0.05385715
    0.05081718
   -0.12947092
    0.06042213
    0.05118989
    0.05184640
    0.12706835
   -0.37860955
   -0.12461669
    0.05145815
    0.05439309
    0.05503765
   -0.12236764
    0.04055199
    0.04937971
    0.05525155
    0.05470847
    0.05094268
   -0.05359329
    0.11562688
   -0.04614487
    0.05514664
   -0.25382072
   -0.04272544
    0.05066195
   -0.32579714
   -0.06017932
    0.21618087
    0.04585963
    0.04988867
   -0.01448165
   -0.03271199
   -0.03016515
   -0.04099637
    0.05766524
   -0.04188174
    0.03172849
    0.02494887
    0.05191830
    0.04312181
   -0.12655961
    0.06578852
    0.05430294
    0.05961989
