           1           2   1.31343191346516     
           2           3   1.35049300253675     
           3           4   1.48053805023592     
           4           5   1.38455313481758     
           1           6   1.38838646396140     
           3           6  0.105664608959011     
           5           6   1.45890724707793     
           6           7  0.957013770454695     
           5           8  0.968320451484741     
           3           9  0.961601075653713     
           2          10   1.08761697818393     
          10          11   1.30791591698577     
          11          12   1.39128608460048     
          12          13   1.45300772234766     
          13          14   1.38993785421640     
          10          15   1.35571197495845     
          12          15  0.104794781637714     
          14          15   1.47486042848819     
          15          16  0.961345935036222     
          13          17  0.968902827588459     
          12          18  0.947566284537631     
           1          19  0.441617883205914     
          11          19  0.430205500903699     
          19          20  0.536818149384019     
          19          21  0.740412629547408     
          21          22   1.09403704464020     
          22          23  0.941636063555142     
          23          24  0.996435401635674     
          24          25  0.982604099788527     
          24          26  0.983530948409649     
          24          27  0.983130485648794     
          23          28  0.990211489166499     
          28          29  0.983934888211425     
          28          30  0.983982022147317     
          28          31  0.985454279086414     
          23          32  0.940890955107588     
          21          33   1.11338080267469     
          32          33  0.938137689732760     
          32          34  0.990892162486718     
          34          35  0.980813752780884     
          34          36  0.983514794214048     
          34          37  0.982011143842806     
          32          38  0.996999680056523     
          38          39  0.983157218613524     
          38          40  0.982803061891355     
          38          41  0.983649091962621     
          19          42  0.860327301981031     
          42          43   1.11734781257723     
          43          44  0.934623793117764     
          44          45  0.997010324627096     
          45          46  0.982214420386359     
          45          47  0.981646596301969     
          45          48  0.982957729095297     
          44          49  0.990909293362745     
          49          50  0.983339604812964     
          49          51  0.981946339537827     
          49          52  0.980109646387482     
          44          53  0.939542714333197     
          42          54   1.11018121229809     
          53          54  0.932672317984354     
          53          55  0.996530792031894     
          55          56  0.982338231440053     
          55          57  0.982770807555572     
          55          58  0.983027950617535     
          53          59  0.991598142316310     
          59          60  0.982512129785976     
          59          61  0.982819631683175     
          59          62  0.983105773832622     
          19          63  0.857835144184051     
          63          64   1.10874463552967     
          64          65  0.937366052629898     
          65          66  0.991248824906433     
          66          67  0.978562150064602     
          66          68  0.982565146574444     
          66          69  0.983003953186065     
          65          70  0.996360970027566     
          70          71  0.981991990660994     
          70          72  0.983378185591301     
          70          73  0.982310755163418     
          65          74  0.937939039912979     
          63          75   1.12046645102139     
          74          75  0.935388785463410     
          74          76  0.996004599638358     
          76          77  0.982858805517206     
          76          78  0.982064401801876     
          76          79  0.981113791012286     
          74          80  0.991134992387619     
          80          81  0.984071135959837     
          80          82  0.983115341595895     
          80          83  0.983195399604682     
           4          84  0.968578394140159     
          14          85  0.968790856405345     
          19          86  0.571710949267538     
          20          86  0.345639117665628     
          86          87   1.32726524033023     
          86          88   1.40455314642892     
          87          89   1.26285066791953     
          87          90   1.04476221383151     
          88          91   1.40130528875481     
          88          92  0.962583829049435     
          89          93   1.19244292055884     
          90          93  0.104902283942010     
          86          94  0.102719354226299     
          89          94   1.32931451581300     
          91          94   1.47520754806062     
          90          95   1.08528057856716     
          93          95   1.55914102393537     
          91          96  0.968454825606866     
          94          97  0.967511257779270     
          95          98   1.08105705780632     
          98          99   1.35733890603227     
          98         100   1.37142915987947     
          99         101   1.47604371855897     
         100         101  0.101273613562564     
          99         102  0.966763328098700     
          99         103  0.100775718654445     
         100         103   1.46033192111040     
         100         104  0.966650558421229     
         101         105   1.38986653451182     
         103         105   1.40240871177351     
         101         106  0.967539226174114     
         103         107  0.967889612676514     
         105         108   1.03098924418111     
         108         109  0.962371944604497     
         108         110  0.982798070887317     
         108         111  0.975629607077427     
