   -0.12072437
    0.07944879
   -0.04142379
   -0.02123201
   -0.04231367
    0.04914830
    0.05387076
    0.05753835
    0.04747020
    0.07539690
   -0.12232161
    0.04243037
   -0.04373916
   -0.02247221
   -0.04490838
    0.04905259
    0.05164892
    0.07523628
   -0.15619544
    0.08884317
    0.40014420
   -0.40949149
    0.13031217
   -0.12179102
    0.05421261
    0.04515155
    0.05061010
   -0.10899144
    0.04739057
    0.04081760
    0.02786013
    0.13054713
   -0.40200309
   -0.11995200
    0.04736274
    0.04720535
    0.05038495
   -0.11991414
    0.04723981
    0.05308639
    0.04520996
    0.40297474
   -0.38062658
    0.12808410
   -0.12662317
    0.05447668
    0.05721475
    0.04994733
   -0.12301177
    0.04889376
    0.04612617
    0.05462125
    0.12742961
   -0.38286961
   -0.12427360
    0.05443294
    0.05381138
    0.04876239
   -0.12345732
    0.04339718
    0.05317802
    0.04900613
    0.39769770
   -0.37656848
    0.12469719
   -0.13059985
    0.05933263
    0.05357015
    0.05004779
   -0.12943787
    0.05968997
    0.05092833
    0.05215121
    0.12587127
   -0.37911032
   -0.12460389
    0.05076354
    0.05348059
    0.05465328
   -0.12375627
    0.04032696
    0.05235154
    0.05436312
    0.05439150
    0.05244827
   -0.02946649
   -0.04783944
   -0.04033156
    0.05369548
    0.03643785
   -0.06086659
    0.05767937
    0.10697878
   -0.32535896
    0.04995086
   -0.25472877
    0.21656216
   -0.01252670
   -0.03277259
   -0.03167993
   -0.04096982
    0.05549511
   -0.04205510
    0.04487600
    0.02523564
    0.04965374
    0.04607940
   -0.12619978
    0.05828233
    0.05447816
    0.06506203
