           1           2   1.31613278579613     
           2           3   1.35332138385607     
           3           4   1.47832245993349     
           4           5   1.38812834900454     
           1           6   1.39073525628490     
           3           6  0.105750146886058     
           5           6   1.45641320369494     
           6           7  0.956741878065304     
           5           8  0.968276647228625     
           3           9  0.962298266833133     
           2          10   1.08450931755448     
          10          11   1.31142157330974     
          11          12   1.39097609712060     
          12          13   1.45367590394160     
          13          14   1.39006357933752     
          10          15   1.35606248192209     
          12          15  0.105514024270523     
          14          15   1.47584848114036     
          15          16  0.962058636872572     
          13          17  0.968879019464223     
          12          18  0.947814878172243     
           1          19  0.428789308149435     
          11          19  0.429949715572806     
          19          20  0.532232519787737     
          19          21  0.738928302109815     
          21          22   1.08749884049566     
          22          23  0.943248899467093     
          23          24  0.996617903807595     
          24          25  0.982610096036336     
          24          26  0.983651482116948     
          24          27  0.983298901843193     
          23          28  0.989651133796937     
          28          29  0.984052194985735     
          28          30  0.984038503819720     
          28          31  0.985406677626312     
          23          32  0.941510889011682     
          21          33   1.11143122920861     
          32          33  0.939565879470889     
          32          34  0.990763234623173     
          34          35  0.983477429181342     
          34          36  0.983714352494966     
          34          37  0.982434461463590     
          32          38  0.996693011036532     
          38          39  0.983204891662006     
          38          40  0.982689975353563     
          38          41  0.983706412219884     
          19          42  0.858872907828218     
          42          43   1.12092375010029     
          43          44  0.935616940079798     
          44          45  0.996656769913537     
          45          46  0.982253350772457     
          45          47  0.981482544649249     
          45          48  0.983073190176207     
          44          49  0.991002007299652     
          49          50  0.983338532757865     
          49          51  0.982948131853777     
          49          52  0.978856485704730     
          44          53  0.938715586622402     
          42          54   1.10617517517771     
          53          54  0.934983785098822     
          53          55  0.996223446772140     
          55          56  0.982364385903211     
          55          57  0.982820381683754     
          55          58  0.983119478724165     
          53          59  0.991415566872913     
          59          60  0.982442531949619     
          59          61  0.983004284576447     
          59          62  0.983184187166930     
          19          63  0.870911557496253     
          63          64   1.11463203870596     
          64          65  0.938691994706824     
          65          66  0.991305668813055     
          66          67  0.978362457820370     
          66          68  0.982603618758582     
          66          69  0.983043710011219     
          65          70  0.996196207719138     
          70          71  0.982061039743765     
          70          72  0.983421006784390     
          70          73  0.982144636948579     
          65          74  0.937119394488436     
          63          75   1.11638865066215     
          74          75  0.937019123377639     
          74          76  0.995613902083839     
          76          77  0.983026433212709     
          76          78  0.982520517097056     
          76          79  0.982137333044046     
          74          80  0.991262002404967     
          80          81  0.983501635533648     
          80          82  0.982998538991275     
          80          83  0.983294044874224     
           4          84  0.968589294982188     
          14          85  0.968649527033202     
          19          86  0.588792894713598     
          20          86  0.347079100294604     
          86          87   1.43573163778526     
          86          88   1.33235088296522     
          87          89   1.32714836134066     
          87          90  0.963102051668340     
          87          91  0.104805391370093     
          88          91   1.47958849485618     
          88          92  0.958409842137832     
          89          93   1.27108136553730     
          91          93   1.35427198440619     
          89          94   1.18678819073334     
          91          95  0.965356564481441     
          93          96   1.05674965602474     
          94          96  0.102930718148264     
          94          97   1.56509896903894     
          96          97   1.07299924903077     
          97          98   1.08533835049568     
          98          99   1.35683411455819     
          98         100   1.36770233019494     
          99         101   1.47544779371450     
         100         101  0.100782753395699     
          99         102  0.967164046498893     
          99         103  0.100504335199669     
         100         103   1.46368240048242     
         100         104  0.968235914825447     
         101         105   1.39066938767283     
         103         105   1.40039862157461     
         101         106  0.967739614646780     
         103         107  0.967733218772542     
         105         108   1.03099513510910     
         108         109  0.976534026276232     
         108         110  0.982373582054100     
         108         111  0.962100020743604     
