   -0.12197034
    0.07675137
   -0.03946108
   -0.02138656
   -0.04589514
    0.04388701
    0.05669662
    0.05682486
    0.04323258
    0.07034774
   -0.12880039
    0.04031874
   -0.04441354
   -0.02559280
   -0.04248116
    0.04455719
    0.05211840
    0.07825759
   -0.13615680
    0.09156518
    0.40651461
   -0.40498520
    0.12948393
   -0.12215371
    0.05340127
    0.04592383
    0.05323236
   -0.11205361
    0.04916829
    0.04410526
    0.02888710
    0.13032558
   -0.40322783
   -0.12374879
    0.05558313
    0.04679578
    0.04916715
   -0.12067859
    0.04655776
    0.05336617
    0.04686474
    0.40000563
   -0.38536943
    0.12881162
   -0.12622132
    0.05494470
    0.05576258
    0.04930297
   -0.12211006
    0.04946509
    0.04757652
    0.05288826
    0.12736096
   -0.38096236
   -0.12594782
    0.05614051
    0.05632090
    0.04900200
   -0.12081543
    0.03496716
    0.05262818
    0.05178431
    0.40345053
   -0.37912606
    0.12501120
   -0.12933315
    0.05674594
    0.05174752
    0.05099085
   -0.13085052
    0.06110146
    0.05135197
    0.05482628
    0.12755229
   -0.37685933
   -0.12476902
    0.05172386
    0.05475033
    0.05479948
   -0.12292554
    0.04288491
    0.04894256
    0.05606839
    0.05185859
    0.04876253
   -0.02817362
   -0.05512011
   -0.03857524
    0.23508060
   -0.03804363
   -0.04200001
    0.05200340
   -0.11588634
   -0.08891975
   -0.04153248
    0.04476541
    0.48388017
   -0.03499715
    0.01718771
   -0.06684416
    0.05598636
    0.04274174
   -0.22489909
   -0.23214813
   -0.22261188
   -0.01241535
    0.02352504
    0.06348821
    0.07024078
    0.05560849
   -0.05897495
   -0.03993510
   -0.03695475
    0.04113052
   -0.04542056
    0.03327377
    0.03608100
    0.03329038
