           1           2   1.30777098076452     
           2           3   1.34405415422787     
           3           4   1.48688179062938     
           4           5   1.37663787991812     
           1           6   1.37811578419644     
           3           6  0.105999344514355     
           5           6   1.46385962430560     
           6           7  0.956345305605583     
           5           8  0.968325570953967     
           3           9  0.961855441547179     
           2          10   1.09763476924380     
          10          11   1.29492725047353     
          11          12   1.36943656695620     
          12          13   1.46527514491782     
          13          14   1.37969480378212     
          10          15   1.35293848662682     
          12          15  0.104185094297678     
          14          15   1.47638617626791     
          15          16  0.961652713225911     
          13          17  0.968780831553668     
          12          18  0.948022063821983     
           1          19  0.452036868947236     
          11          19  0.431546388712467     
          19          20  0.552617227919942     
          19          21  0.695514679695215     
          21          22   1.10094113468508     
          22          23  0.940220522389080     
          23          24  0.996384126925298     
          24          25  0.982414091580137     
          24          26  0.983403426662113     
          24          27  0.982895348973619     
          23          28  0.990794071888550     
          28          29  0.983773537241629     
          28          30  0.983698888624120     
          28          31  0.983681103950685     
          23          32  0.940178792153592     
          21          33   1.11431402041832     
          32          33  0.936732862689837     
          32          34  0.991383875590850     
          34          35  0.979417035627933     
          34          36  0.983205741635930     
          34          37  0.981263219051275     
          32          38  0.996962468608101     
          38          39  0.982912112350371     
          38          40  0.982731857011957     
          38          41  0.983574841744691     
          19          42  0.843236817333885     
          42          43   1.11510991412708     
          43          44  0.935161263858119     
          44          45  0.997063028020276     
          45          46  0.981783622711817     
          45          47  0.981744739271593     
          45          48  0.982984349424925     
          44          49  0.990918141781674     
          49          50  0.983384381373816     
          49          51  0.982016184152546     
          49          52  0.979432776550043     
          44          53  0.939309502536018     
          42          54   1.11418069132422     
          53          54  0.933716627788388     
          53          55  0.996353181322051     
          55          56  0.982220270962519     
          55          57  0.982599175617468     
          55          58  0.983024358403633     
          53          59  0.991982295361609     
          59          60  0.982599570438211     
          59          61  0.982902310249716     
          59          62  0.982855274145960     
          19          63  0.845533487596522     
          63          64   1.10769716082478     
          64          65  0.936539813082843     
          65          66  0.991435609307040     
          66          67  0.979414632935552     
          66          68  0.982637738454826     
          66          69  0.982895875135120     
          65          70  0.996587653259886     
          70          71  0.981911267515066     
          70          72  0.983245045390989     
          70          73  0.982045889956645     
          65          74  0.938528582924791     
          63          75   1.12561152903348     
          74          75  0.933409087914201     
          74          76  0.996536076183577     
          76          77  0.982600609547372     
          76          78  0.981775950647946     
          76          79  0.981224394126038     
          74          80  0.991227645638515     
          80          81  0.983961532548152     
          80          82  0.982861866650487     
          80          83  0.983020757298862     
           4          84  0.968873223427047     
          14          85  0.969114905186778     
          19          86  0.592074012947865     
          20          86  0.329579537799492     
          86          87   1.35397394273014     
          86          88   1.37541160872519     
          87          89  0.963378533726174     
          87          90   1.39129024120019     
          88          91   1.42085864223134     
          88          92  0.959576044846629     
          89          93   1.09679894046166     
          89          94   1.23287293992127     
          90          95   1.45428176919127     
          91          95   1.37393748403233     
          90          96  0.966836942491674     
          91          97  0.953216325537466     
          93          98   1.71131250477776     
          93          99  0.972406208936391     
          94         100   1.00371130136740     
          94         101   1.17774120167233     
          95         102  0.967810662756148     
          97         103  0.935775727316347     
          97         104  0.922280376548687     
          97         105  0.939549656248190     
          98         106   1.18624179101788     
         101         106   1.27124345915618     
          98         107  0.964195643315702     
         100         108  0.973212068851448     
         100         109  0.974668373853400     
         100         110  0.968355100524410     
         101         111   1.32595296200037     
         106         112   1.33608561153061     
         111         112  0.108021651531344     
         111         113   1.49391422583259     
         111         114  0.964318682375254     
         112         115   1.49724440036247     
         113         115   1.37572855383177     
         112         116  0.968128816301056     
         113         117  0.970935056539177     
         115         118  0.970754897371792     
