   -0.12206717
    0.07515766
   -0.04353362
   -0.02343850
   -0.04493623
    0.04744615
    0.05064885
    0.05335684
    0.04531457
    0.07149500
   -0.12591542
    0.04095532
   -0.04569160
   -0.02557843
   -0.04527286
    0.04360519
    0.04986513
    0.07604514
   -0.15831452
    0.08412544
    0.40259847
   -0.41047305
    0.13028256
   -0.12131159
    0.05319693
    0.04454106
    0.05093845
   -0.10880656
    0.04709974
    0.04118224
    0.02807379
    0.13099473
   -0.40424737
   -0.11977094
    0.04959555
    0.04540174
    0.04940457
   -0.11963719
    0.04718272
    0.05294126
    0.04476879
    0.40524440
   -0.38447513
    0.12915498
   -0.12599537
    0.06293533
    0.05089948
    0.04907312
   -0.11992664
    0.04792703
    0.04356025
    0.05089488
    0.12774770
   -0.38302496
   -0.12366544
    0.05199801
    0.05427441
    0.04775252
   -0.12511098
    0.05274998
    0.05257143
    0.04883207
    0.40283363
   -0.38190767
    0.12562130
   -0.12540088
    0.06013798
    0.04458296
    0.04879549
   -0.12675695
    0.05642635
    0.05014411
    0.05169212
    0.12715206
   -0.38119090
   -0.12358730
    0.05014613
    0.05365778
    0.05430147
   -0.12224311
    0.04022798
    0.04993699
    0.05402897
    0.05070163
    0.04767781
   -0.01830193
   -0.03430947
   -0.04361224
   -0.03970692
    0.02130294
    0.01366343
    0.03437524
   -0.05205096
    0.02663587
   -0.08168010
    0.03075252
    0.10334949
    0.07129908
    0.05847107
   -0.25432878
   -0.04870213
    0.05561183
   -0.01614412
    0.04004016
   -0.04804053
    0.04118600
    0.04100005
    0.04157163
