           1           2   1.30423747395381     
           2           3   1.34530525732850     
           3           4   1.48713699985655     
           4           5   1.37626647138007     
           1           6   1.38475313989204     
           3           6  0.106012691328207     
           5           6   1.46453180429652     
           6           7  0.957325486362525     
           5           8  0.968754014214153     
           3           9  0.961863494416624     
           2          10   1.09713055133705     
          10          11   1.29754340581007     
          11          12   1.38091845869708     
          12          13   1.46221970261097     
          13          14   1.37906545358499     
          10          15   1.34979357823386     
          12          15  0.105216963537543     
          14          15   1.48195869697811     
          15          16  0.961880847888515     
          13          17  0.969065479640510     
          12          18  0.947596418295415     
           1          19  0.456120953934621     
          11          19  0.443245987430287     
          19          20  0.533460085933484     
          19          21  0.718668836907829     
          21          22   1.08993423248900     
          22          23  0.942425593958602     
          23          24  0.996627707766917     
          24          25  0.982773470007564     
          24          26  0.983632999802297     
          24          27  0.983293135493899     
          23          28  0.989991637753943     
          28          29  0.984084530710078     
          28          30  0.984053306359921     
          28          31  0.985229957617267     
          23          32  0.941417185625955     
          21          33   1.10916177324391     
          32          33  0.939574284841905     
          32          34  0.990612873222564     
          34          35  0.982043323139092     
          34          36  0.983837088445781     
          34          37  0.982328899647339     
          32          38  0.996816798315028     
          38          39  0.983165140861855     
          38          40  0.982766181358709     
          38          41  0.983781677625623     
          19          42  0.852166630532703     
          42          43   1.11698286947549     
          43          44  0.934833814947339     
          44          45  0.996529769722038     
          45          46  0.978781053197682     
          45          47  0.981890462282115     
          45          48  0.983018521149349     
          44          49  0.990890873516323     
          49          50  0.983484519900524     
          49          51  0.982528261240940     
          49          52  0.980034195980325     
          44          53  0.939275917116363     
          42          54   1.11019146829757     
          53          54  0.933266347407225     
          53          55  0.996130531702212     
          55          56  0.982737064585829     
          55          57  0.982877340597091     
          55          58  0.983232377104684     
          53          59  0.991785815374555     
          59          60  0.978260008862472     
          59          61  0.982997365398716     
          59          62  0.983240431735959     
          19          63  0.866077660655606     
          63          64   1.10404084536920     
          64          65  0.940008262874533     
          65          66  0.991022173883619     
          66          67  0.977055594567800     
          66          68  0.981565097274761     
          66          69  0.983355603701657     
          65          70  0.995905007655831     
          70          71  0.982547719072554     
          70          72  0.983576389400087     
          70          73  0.982411057337749     
          65          74  0.937392277845671     
          63          75   1.11753656489591     
          74          75  0.937030904638048     
          74          76  0.995744649917296     
          76          77  0.983084266448153     
          76          78  0.982407195053695     
          76          79  0.981328392293922     
          74          80  0.991187511752070     
          80          81  0.984113232908572     
          80          82  0.983193440470368     
          80          83  0.983304663577189     
           4          84  0.969033282900412     
          14          85  0.969181403808669     
          19          86  0.588931106746442     
          20          86  0.346858813998160     
          86          87   1.38608984619968     
          86          88   1.38651496784836     
          87          89   1.43341652151463     
          88          89  0.105743041877950     
          87          90  0.963902876106255     
          87          91  0.101692644256563     
          88          91   1.41880542030018     
          88          92  0.957482938886572     
          89          93   1.43925559355809     
          91          93   1.40014186734695     
          89          94  0.969369733448510     
          91          95  0.990574737489342     
          93          96  0.968724682150278     
          95          97   1.00498242074775     
          95          98  0.953804067548834     
          95          99  0.959056643011723     
          97         100   1.41425335478469     
          97         101   1.38363155161691     
         100         102   1.42946051302384     
         101         102  0.116162926589575     
         101         103   1.46212801634213     
         101         104  0.969057343541081     
          97         105  0.110282552222438     
         102         105   1.43605814510428     
         103         105   1.42545369594392     
         102         106  0.963063118317457     
         103         107  0.969488936829723     
         105         108  0.969866165829493     
