   -0.12310709
    0.07677020
   -0.04312687
   -0.02186322
   -0.04322733
    0.04904837
    0.05377325
    0.05680569
    0.04625793
    0.07448428
   -0.13346878
    0.04251272
   -0.04537722
   -0.02375994
   -0.04547652
    0.04524969
    0.05006175
    0.07498231
   -0.14939245
    0.08536128
    0.40410763
   -0.40991847
    0.13069514
   -0.12159445
    0.05413324
    0.04473702
    0.05083859
   -0.10719789
    0.04680711
    0.04006678
    0.02592440
    0.13098557
   -0.40447319
   -0.11967287
    0.04684440
    0.04718741
    0.05088302
   -0.11901646
    0.04570692
    0.05322476
    0.04510326
    0.40228344
   -0.38417953
    0.12843528
   -0.12770790
    0.05620155
    0.05765454
    0.05043957
   -0.12227929
    0.04862466
    0.04749610
    0.05234308
    0.12766242
   -0.38378489
   -0.12311217
    0.05207195
    0.05268594
    0.04889991
   -0.12431985
    0.04756301
    0.05323106
    0.04963032
    0.39961994
   -0.37429425
    0.12528955
   -0.13107519
    0.05783007
    0.05591597
    0.05135920
   -0.12653444
    0.05759964
    0.05185820
    0.05059501
    0.12598202
   -0.38077100
   -0.12497304
    0.05142173
    0.05238537
    0.05597915
   -0.12320366
    0.03973823
    0.05195937
    0.05466996
    0.05335424
    0.04958689
   -0.04012591
   -0.01591453
    0.09726239
   -0.05464513
    0.02255895
   -0.25510373
   -0.09312095
    0.04373883
    0.02568518
    0.02914890
    0.06564769
    0.08891728
    0.02980037
   -0.03623171
   -0.03991068
   -0.03375069
    0.01919257
   -0.03645024
    0.03419399
   -0.04065598
    0.02843714
    0.03411618
    0.03119799
