           1           2   1.31296702167687     
           2           3   1.34797825615117     
           3           4   1.48358756329338     
           4           5   1.38273523648128     
           1           6   1.38909185974368     
           3           6  0.106023879305787     
           5           6   1.45986443507459     
           6           7  0.956146373584237     
           5           8  0.968341933651567     
           3           9  0.961620108516549     
           2          10   1.09132826919166     
          10          11   1.30599490394462     
          11          12   1.38914904041415     
          12          13   1.45640302406821     
          13          14   1.38482800359229     
          10          15   1.35163900465038     
          12          15  0.105431750665876     
          14          15   1.47956210338628     
          15          16  0.961563176164402     
          13          17  0.969068173054213     
          12          18  0.946828812125768     
           1          19  0.436365520862943     
          11          19  0.408171164172240     
          19          20  0.528122209689678     
          19          21  0.716431114261697     
          21          22   1.09044498307337     
          22          23  0.943068209530239     
          23          24  0.996618209894336     
          24          25  0.982590305821806     
          24          26  0.983586707498413     
          24          27  0.983262428332695     
          23          28  0.989796513480895     
          28          29  0.984032754750788     
          28          30  0.984016533053904     
          28          31  0.984836844655621     
          23          32  0.941246568893385     
          21          33   1.10907672525296     
          32          33  0.939498370076025     
          32          34  0.990921358363492     
          34          35  0.983553793075082     
          34          36  0.983654192752350     
          34          37  0.982083415830824     
          32          38  0.996649185031536     
          38          39  0.983226630115135     
          38          40  0.982602923578429     
          38          41  0.983684568827234     
          19          42  0.855287943321156     
          42          43   1.11503791010471     
          43          44  0.935793454761540     
          44          45  0.996442904026337     
          45          46  0.981630414173715     
          45          47  0.981530282322749     
          45          48  0.983007581767562     
          44          49  0.991366706708447     
          49          50  0.983222789821199     
          49          51  0.983066525673204     
          49          52  0.979289783851034     
          44          53  0.937993112506128     
          42          54   1.10710762411286     
          53          54  0.933625271782081     
          53          55  0.995894495187167     
          55          56  0.982573712445495     
          55          57  0.982824458788471     
          55          58  0.983048051428423     
          53          59  0.992068740954251     
          59          60  0.980599156003368     
          59          61  0.982730512691824     
          59          62  0.982851999464290     
          19          63  0.879205112134401     
          63          64   1.12200563749439     
          64          65  0.935778759904009     
          65          66  0.991123340732397     
          66          67  0.978869886629744     
          66          68  0.979652344959010     
          66          69  0.982856194118364     
          65          70  0.996959085893056     
          70          71  0.979971375138271     
          70          72  0.983254246513691     
          70          73  0.982056098817599     
          65          74  0.937592585505544     
          63          75   1.11267369706665     
          74          75  0.936174600062561     
          74          76  0.995635653829974     
          76          77  0.982968710040467     
          76          78  0.982652750093026     
          76          79  0.982204547778699     
          74          80  0.991397868491869     
          80          81  0.983520282859678     
          80          82  0.983011850440083     
          80          83  0.983304397084306     
           4          84  0.968709272751760     
          14          85  0.968945964436744     
          19          86  0.587671966516000     
          20          86  0.348714834541777     
          86          87   1.39980552278036     
          86          88   1.32478449908928     
          87          89   1.42254644746436     
          88          89  0.103524486934559     
          87          90  0.961529656769209     
          88          91   1.42121755326762     
          88          92   1.00604470914091     
          86          93  0.101789439724959     
          89          93   1.43014297555475     
          91          93   1.41895228377119     
          89          94  0.969220125628947     
          92          95  0.992659228697037     
          92          96  0.958834087694079     
          92          97  0.927974882961377     
          93          98  0.963143082018859     
          95          99   1.41407649897893     
          95         100   1.40250933853777     
          99         101   1.44182553482324     
         100         101  0.110621515136224     
          99         102  0.965059858308253     
          99         103  0.108915016373958     
         100         103   1.45082231307006     
         100         104  0.968192345055235     
          95         105  0.109513668708818     
         101         105   1.44119685103203     
         103         105   1.43122189961796     
         101         106  0.971201393813110     
         103         107  0.970647221430804     
         105         108  0.971419888368372     
