   -0.24804034
    0.09388206
   -0.05309175
   -0.01689322
   -0.04487990
    0.05642356
    0.04504421
    0.03473904
    0.03776018
    0.22464607
   -0.14857398
    0.04014285
   -0.04341034
   -0.02137025
   -0.05948175
    0.04954083
    0.07913500
    0.09265222
   -0.10220537
    0.05426502
    0.38703566
   -0.40032311
    0.13066592
   -0.12117669
    0.04874138
    0.04301972
    0.05818904
   -0.11921131
    0.04524548
    0.06339330
    0.02628415
    0.12921767
   -0.39876626
   -0.12260603
    0.05094444
    0.04550567
    0.05018694
   -0.12176105
    0.04920087
    0.05381608
    0.04576572
    0.41855369
   -0.36252233
    0.12678017
   -0.13201162
    0.05957265
    0.06248905
    0.05663307
   -0.12897886
    0.05680806
    0.05091969
    0.05828384
    0.12579054
   -0.36653226
   -0.13021488
    0.05921551
    0.05928859
    0.05553760
   -0.13070479
    0.04811844
    0.06012048
    0.05706639
    0.39074461
   -0.37633003
    0.12432463
   -0.13278711
    0.06149013
    0.05605747
    0.05133093
   -0.12923600
    0.06012228
    0.05096594
    0.04936916
    0.12619473
   -0.37790747
   -0.12651814
    0.05177217
    0.05580351
    0.05701285
   -0.12412269
    0.04039012
    0.05149290
    0.05417436
    0.03755981
    0.07290471
   -0.05227127
    0.04622753
   -0.03712810
   -0.09985146
   -0.01405274
   -0.03873528
    0.05880063
    0.41209973
    0.05266506
   -0.04451239
   -0.00876199
    0.04557974
   -0.43611711
   -0.26314462
   -0.04779931
    0.04525814
   -0.03654064
   -0.01627620
   -0.03579022
    0.04259512
   -0.03970467
    0.05056045
   -0.11020006
   -0.11121968
    0.03156930
    0.04763381
    0.04921088
    0.05119441
    0.03295503
    0.04813066
    0.03332666
    0.04637451
    0.05525048
