           1           2   1.40276912110467     
           2           3   1.39780336737299     
           1           4  0.100027684819524     
           3           4   1.44732575077816     
           2           5  0.111902474820886     
           4           5   1.43914245158775     
           1           6   1.44244309925124     
           3           6  0.114023729117558     
           5           6   1.42316340965822     
           6           7  0.957550711403161     
           5           8  0.969510102538835     
           3           9  0.968119322429612     
          10          11   1.35755125027115     
          11          12   1.35360008735971     
          12          13   1.45746765086486     
          13          14   1.41567586428303     
          10          15   1.39911677384283     
          12          15  0.104087432179149     
          14          15   1.42516843085209     
          15          16  0.966519582523655     
          13          17  0.964913990013309     
          12          18  0.950629227204603     
          11          19  0.374220076871445     
          19          20  0.521195455910344     
          19          21  0.751486856991617     
          21          22   1.10750354029092     
          22          23  0.932705650490912     
          23          24  0.997350769304590     
          24          25  0.982968270742499     
          24          26  0.983480437587704     
          24          27  0.978987618351594     
          23          28  0.991601469895599     
          28          29  0.983393619013844     
          28          30  0.971648770594976     
          28          31  0.985315447539613     
          23          32  0.941292810226352     
          21          33   1.11562661831735     
          32          33  0.937973293557585     
          32          34  0.990962553820455     
          34          35  0.981219033472586     
          34          36  0.983787279684767     
          34          37  0.982756067851864     
          32          38  0.996882382247155     
          38          39  0.983041521115103     
          38          40  0.982527841933388     
          38          41  0.983641909070919     
          19          42  0.912770099128932     
          42          43   1.14215648377504     
          43          44  0.923734667876344     
          44          45  0.997689062482655     
          45          46  0.981418717225921     
          45          47  0.980791037843035     
          45          48  0.981983338814138     
          44          49  0.992180988231177     
          49          50  0.982076715710099     
          49          51  0.981996793065073     
          49          52  0.979393600713457     
          44          53  0.937894507769481     
          42          54   1.12374707674294     
          53          54  0.924471708716881     
          53          55  0.997193395874865     
          55          56  0.981717237166986     
          55          57  0.981982281228145     
          55          58  0.981943657469065     
          53          59  0.992683678772176     
          59          60  0.981897507541236     
          59          61  0.981936795424843     
          59          62  0.982082686945846     
          19          63  0.865805731398067     
          63          64   1.11075421893199     
          64          65  0.939832158452125     
          65          66  0.990931126566724     
          66          67  0.978098795160999     
          66          68  0.982336803654679     
          66          69  0.982943568338891     
          65          70  0.995687508339490     
          70          71  0.981960448973445     
          70          72  0.983480573454087     
          70          73  0.982591021878316     
          65          74  0.937079152596626     
          63          75   1.12608117079950     
          74          75  0.935207062019883     
          74          76  0.995756208664652     
          76          77  0.982699344742886     
          76          78  0.981938901912349     
          76          79  0.981778285859593     
          74          80  0.991879241485882     
          80          81  0.984172508336551     
          80          82  0.982917984457570     
          80          83  0.983067283423055     
           4          84  0.969716496637610     
          14          85  0.966636601161649     
          19          86  0.559490107251198     
          20          86  0.366323085483334     
          86          87   1.35912462854881     
          86          88   1.37887491433282     
          87          89   1.02302309468304     
          87          90   1.28538873438620     
          88          91   1.42548792015949     
          88          92  0.954622983961996     
          89          93   1.15373636452459     
          89          94   1.04941713484276     
          90          95   1.37241340679079     
          91          95   1.44485614763683     
          90          96   1.11520733469623     
          94          96   1.28974520733397     
          91          97  0.968049410600647     
          89          98  0.126311059525266     
          93          98   1.68147815562686     
          10          99  0.954909623294189     
          19          99  0.110404029818682     
          93          99  0.978304043233812     
          94         100   1.39226364001018     
          95         101  0.967191421747245     
          96         102   1.37470201229994     
         100         102  0.106158704393970     
           2         103  0.995269706078665     
         100         104   1.44550743109043     
         100         105  0.965201314415651     
         102         106   1.46002892962301     
         104         106   1.41583099679119     
         102         107  0.967464041464275     
         103         108  0.992517627916152     
         103         109  0.996566534655294     
         103         110  0.968865751719468     
         104         111  0.970207889614200     
         106         112  0.969699589996763     
         108         113  0.984480677384718     
         108         114  0.987799417092694     
         108         115  0.984160464781781     
         109         116  0.987720912266224     
         109         117  0.984654682281544     
         109         118  0.983136586114506     
