   -0.12416040
    0.07705071
   -0.04261425
   -0.02075057
   -0.04021864
    0.05409302
    0.04738492
    0.05242991
    0.04398748
    0.07110539
   -0.13121273
    0.03927096
   -0.04604386
   -0.02654694
   -0.04512236
    0.04337043
    0.05068288
    0.07581844
   -0.14806966
    0.08575804
    0.40604147
   -0.40954627
    0.13079381
   -0.12071792
    0.05290716
    0.04506401
    0.05076939
   -0.10966235
    0.04783695
    0.04204151
    0.02876558
    0.13122622
   -0.40511352
   -0.12079946
    0.05246865
    0.04579646
    0.04829889
   -0.11936335
    0.04698150
    0.05253800
    0.04543411
    0.40369894
   -0.38233981
    0.12831910
   -0.12619401
    0.05466939
    0.05647213
    0.04950109
   -0.12098072
    0.04806105
    0.04399275
    0.05279437
    0.12708790
   -0.38105544
   -0.12423316
    0.05288692
    0.05472494
    0.04865704
   -0.12531731
    0.04612255
    0.05295321
    0.05232721
    0.40588370
   -0.37511499
    0.12561462
   -0.12791909
    0.05566399
    0.05519657
    0.04966547
   -0.12956124
    0.06115784
    0.05023034
    0.05281534
    0.12762116
   -0.38570779
   -0.12351613
    0.05092472
    0.05255998
    0.05452467
   -0.12183733
    0.03958514
    0.04952914
    0.05450188
    0.05047225
    0.04806309
   -0.02629853
    0.00446240
   -0.04035396
   -0.00730304
   -0.04426388
   -0.03648147
    0.04862768
   -0.00168656
    0.05710958
    0.04747612
   -0.04322477
    0.03036221
    0.03224544
   -0.03060566
   -0.02462637
    0.03406578
   -0.07596686
    0.01076973
   -0.07756832
    0.02839463
    0.01012539
    0.01426542
