           1           2   1.30539831828585     
           2           3   1.34775675398815     
           3           4   1.48325644176253     
           4           5   1.38324903012974     
           1           6   1.39225573042735     
           3           6  0.105640132309383     
           5           6   1.45747236364043     
           6           7  0.957534091536108     
           5           8  0.968884773169587     
           3           9  0.961998672153576     
           2          10   1.09497342136549     
          10          11   1.28588889990515     
          11          12   1.37490637172997     
          12          13   1.46296053088062     
          13          14   1.37931441011797     
          10          15   1.35563081367215     
          12          15  0.103144493976856     
          14          15   1.47612794615262     
          15          16  0.961760799152091     
          13          17  0.968940225701482     
          12          18  0.948883352981442     
           1          19  0.434308676433114     
          11          19  0.446644866477721     
          19          20  0.537035199480724     
          19          21  0.699224305469692     
          21          22   1.09459932865262     
          22          23  0.941355481647213     
          23          24  0.996570647184633     
          24          25  0.982697986942242     
          24          26  0.983544218646058     
          24          27  0.983198865468596     
          23          28  0.990267086044382     
          28          29  0.983859088973318     
          28          30  0.983706999401351     
          28          31  0.984853887034286     
          23          32  0.940902081623129     
          21          33   1.11000394350972     
          32          33  0.938090142883821     
          32          34  0.991085602508197     
          34          35  0.980562396375454     
          34          36  0.983561451156646     
          34          37  0.981959267813864     
          32          38  0.996736123394646     
          38          39  0.983148681949585     
          38          40  0.982497426769781     
          38          41  0.983646942192178     
          19          42  0.849070438464042     
          42          43   1.11590881613853     
          43          44  0.936793686648031     
          44          45  0.996108117465965     
          45          46  0.982116655751339     
          45          47  0.981401549461826     
          45          48  0.983211782824349     
          44          49  0.990966017286578     
          49          50  0.983331708153821     
          49          51  0.982888842893788     
          49          52  0.978645686586039     
          44          53  0.937777751419754     
          42          54   1.11296648511753     
          53          54  0.934178773032629     
          53          55  0.996140478007207     
          55          56  0.982426447324300     
          55          57  0.982669282440500     
          55          58  0.983010728003149     
          53          59  0.991966299870529     
          59          60  0.981744464229119     
          59          61  0.982892885929198     
          59          62  0.982775807544530     
          19          63  0.850273475880941     
          63          64   1.11626696167754     
          64          65  0.938227686808119     
          65          66  0.991224418317792     
          66          67  0.979386524370981     
          66          68  0.982428750666675     
          66          69  0.983138321093333     
          65          70  0.996141695814074     
          70          71  0.981919618725866     
          70          72  0.983422492248170     
          70          73  0.982234027594012     
          65          74  0.938254506341450     
          63          75   1.11103128771646     
          74          75  0.934795833358303     
          74          76  0.996504972036541     
          76          77  0.982688508180910     
          76          78  0.982017740878288     
          76          79  0.982252458384629     
          74          80  0.991203656720546     
          80          81  0.983369364062779     
          80          82  0.983237722360520     
          80          83  0.983161756770542     
           4          84  0.969024169658958     
          14          85  0.969245499230883     
          19          86  0.598030978975809     
          20          86  0.341500255982545     
          86          87   1.36888394058033     
          86          88   1.37090879574618     
          87          89   1.00018480543129     
          87          90   1.40263187003739     
          88          90  0.106242679868201     
          87          91  0.100162041749383     
          88          91   1.45625745873157     
          88          92  0.956604823549471     
          89          93  0.976905736376618     
          89          94  0.946355279111794     
          89          95  0.961614304452201     
          90          96   1.44759329527370     
          91          96   1.41635259364013     
          90          97  0.965783357793604     
          91          98  0.969080256375893     
          93          99   1.23260179682616     
          93         100   1.23902350313203     
          99         100  0.128291212256206     
          96         101  0.970178815719242     
          99         102   1.53917316185231     
          99         103  0.970916044799059     
         100         104   1.53722145435731     
         102         104   1.33712264907115     
         100         105  0.968398497922940     
         102         106  0.975329644536551     
         104         107  0.975475997018867     
