           1           2  0.999842865910599     
           1           3   1.26652056107337     
           1           4  0.102533022019698     
           3           4   1.53066465953596     
           4           5   1.30263904285415     
           1           6   1.20938232902252     
           3           6  0.109359042851921     
           5           6   1.57697236858574     
           2           7  0.979613801750124     
           2           8  0.972289974851945     
           2           9  0.972689802391718     
           3          10  0.964149388384423     
           5          11  0.972039995452037     
           6          12  0.970303541999008     
