   -0.11708189
    0.07941798
   -0.04274418
   -0.02239333
   -0.04358117
    0.04828411
    0.05255177
    0.05672102
    0.04772272
    0.07653796
   -0.12491705
    0.04191185
   -0.04528154
   -0.02529982
   -0.04660194
    0.04610993
    0.05161601
    0.07470804
   -0.15364989
    0.09864625
    0.40344420
   -0.40665533
    0.12978698
   -0.12197200
    0.05397660
    0.04564892
    0.05175285
   -0.10979164
    0.04839176
    0.04225407
    0.02753073
    0.13050161
   -0.40242884
   -0.12182545
    0.05227706
    0.04666215
    0.04983521
   -0.12058322
    0.04717443
    0.05373156
    0.04597567
    0.40109052
   -0.38299202
    0.12838113
   -0.12673601
    0.05576975
    0.05671725
    0.05028706
   -0.12200352
    0.04946058
    0.04656995
    0.05208739
    0.12754036
   -0.38319631
   -0.12488106
    0.05467117
    0.05449807
    0.04910899
   -0.12431058
    0.04437493
    0.05393035
    0.05017405
    0.40139244
   -0.37952873
    0.12497235
   -0.13115573
    0.05942767
    0.05405444
    0.05066345
   -0.12938904
    0.06054581
    0.05101846
    0.05189404
    0.12705130
   -0.37911441
   -0.12467238
    0.05136312
    0.05432909
    0.05520542
   -0.12225238
    0.04020597
    0.04956094
    0.05507428
    0.05435879
    0.05093304
   -0.05098493
    0.11125688
   -0.04592752
    0.05165886
   -0.25320479
   -0.04318504
    0.05028275
   -0.32310478
   -0.05977806
    0.22617988
    0.04611127
    0.05044215
   -0.13833136
    0.08927639
    0.08455071
    0.06991348
