           1           2   1.31299230326285     
           2           3   1.34971715466061     
           3           4   1.48242588854916     
           4           5   1.38360934049645     
           1           6   1.38942268437408     
           3           6  0.106034799608060     
           5           6   1.45929967434085     
           6           7  0.956991962567410     
           5           8  0.968359681648670     
           3           9  0.961545771155869     
           2          10   1.09017929965185     
          10          11   1.30402293689356     
          11          12   1.38914525755825     
          12          13   1.45476997952990     
          13          14   1.38730823429189     
          10          15   1.35523248855806     
          12          15  0.104687108814393     
          14          15   1.47612524550674     
          15          16  0.961491350017341     
          13          17  0.968895121059107     
          12          18  0.947500931114758     
           1          19  0.444302246331685     
          11          19  0.435571250899926     
          19          20  0.536005686541431     
          19          21  0.735903409495851     
          21          22   1.09373566816452     
          22          23  0.941595367132765     
          23          24  0.996539311068259     
          24          25  0.982616659728844     
          24          26  0.983528541692900     
          24          27  0.983158956155444     
          23          28  0.990173767590190     
          28          29  0.983991619120854     
          28          30  0.984029324444702     
          28          31  0.985358172367711     
          23          32  0.941140774506103     
          21          33   1.11313040334916     
          32          33  0.938088004450376     
          32          34  0.990904785107106     
          34          35  0.981181618556429     
          34          36  0.983558361499712     
          34          37  0.982081929577937     
          32          38  0.997022592533235     
          38          39  0.983113783456318     
          38          40  0.982788202490407     
          38          41  0.983660795830171     
          19          42  0.859458523197915     
          42          43   1.11747051414931     
          43          44  0.935019997422799     
          44          45  0.996978671530762     
          45          46  0.982175092458861     
          45          47  0.981710065956620     
          45          48  0.983008645865354     
          44          49  0.990872550725000     
          49          50  0.983367454597019     
          49          51  0.982316272353245     
          49          52  0.979991255732655     
          44          53  0.939529021778034     
          42          54   1.10974729023985     
          53          54  0.933298525107612     
          53          55  0.996441618995826     
          55          56  0.982385860543411     
          55          57  0.982789329838721     
          55          58  0.983062154095061     
          53          59  0.991574051507434     
          59          60  0.982440206757586     
          59          61  0.982922194051977     
          59          62  0.983037070641860     
          19          63  0.860418892480830     
          63          64   1.10923228005500     
          64          65  0.937267647370862     
          65          66  0.991192734007194     
          66          67  0.978471404074417     
          66          68  0.982530731103696     
          66          69  0.983040643568552     
          65          70  0.996474918645617     
          70          71  0.981984901053123     
          70          72  0.983383269276326     
          70          73  0.982311964554824     
          65          74  0.938166513927699     
          63          75   1.12105718869326     
          74          75  0.935048838084831     
          74          76  0.996157637011688     
          76          77  0.982862773407142     
          76          78  0.982164078978002     
          76          79  0.981430234815885     
          74          80  0.991168623610142     
          80          81  0.984026774310574     
          80          82  0.983163453279430     
          80          83  0.983217439094751     
           4          84  0.968629611078204     
          14          85  0.968817487125151     
          19          86  0.575672821613026     
          20          86  0.345459536998049     
          86          87   1.32933840375049     
          86          88   1.40312295139111     
          87          89   1.27828735735852     
          87          90   1.03594986006221     
          88          91   1.40685113529636     
          88          92  0.962067460841039     
          89          93   1.16625926740397     
          90          93  0.109469830961258     
          86          94  0.103525698989729     
          89          94   1.33935729532847     
          91          94   1.46962820514307     
          90          95   1.09940958893850     
          93          95   1.62030931419572     
          91          96  0.968451488257302     
          94          97  0.967503269572237     
          95          98   1.03057974416391     
          98          99  0.978100767157340     
          98         100  0.958646959736019     
          98         101  0.967474678140109     
