   -0.12469212
    0.08005571
   -0.03968520
   -0.02113029
   -0.04351335
    0.05019737
    0.04661026
    0.05382960
    0.04311784
    0.07379862
   -0.12676704
    0.04522419
   -0.04590337
   -0.02565548
   -0.04417698
    0.04246684
    0.04885887
    0.06927033
   -0.16065447
    0.08482301
    0.40430075
   -0.41071259
    0.13081781
   -0.12040408
    0.05289393
    0.04491330
    0.05028561
   -0.10911914
    0.04752756
    0.04145309
    0.02851250
    0.13131784
   -0.40478494
   -0.11988488
    0.05161308
    0.04567792
    0.04775102
   -0.11885622
    0.04690541
    0.05197272
    0.04509279
    0.40504549
   -0.38190983
    0.12821984
   -0.12513661
    0.05369098
    0.05655644
    0.04906342
   -0.12072127
    0.04753843
    0.04368072
    0.05230157
    0.12768394
   -0.38399840
   -0.12314389
    0.05257909
    0.05310104
    0.04785977
   -0.12402415
    0.04799465
    0.05205371
    0.04958568
    0.40302601
   -0.37696849
    0.12544999
   -0.12731323
    0.05499642
    0.05451689
    0.04876457
   -0.12918040
    0.06083251
    0.04972037
    0.05200265
    0.12765585
   -0.38748476
   -0.12334451
    0.05038705
    0.05265614
    0.05377494
   -0.12146738
    0.03891091
    0.04946707
    0.05419169
    0.05160398
    0.04756106
   -0.02630579
    0.00195079
   -0.05042815
    0.00303602
   -0.04279965
    0.01245263
    0.04816534
   -0.02616319
   -0.04927697
   -0.05324413
    0.02604255
   -0.11779913
   -0.05387560
    0.04155466
   -0.02887652
    0.02976225
    0.03170272
    0.05092322
    0.04303174
    0.05348634
    0.04553309
