           1           2   1.30539224654791     
           2           3   1.34809599330531     
           3           4   1.48418070740539     
           4           5   1.37990286412760     
           1           6   1.38645424476108     
           3           6  0.105299051982496     
           5           6   1.46176650717421     
           6           7  0.957177849323619     
           5           8  0.968720705761249     
           3           9  0.961888182093121     
           2          10   1.09515725748912     
          10          11   1.29818109233414     
          11          12   1.38008292406217     
          12          13   1.46140025835866     
          13          14   1.38017175767444     
          10          15   1.35259652912302     
          12          15  0.104779777864870     
          14          15   1.47988486096343     
          15          16  0.961798288280953     
          13          17  0.969181693954803     
          12          18  0.951242639728264     
           1          19  0.439774335889536     
          11          19  0.450810989593990     
          19          20  0.527156895219127     
          19          21  0.716116376199899     
          21          22   1.09059542799718     
          22          23  0.942383745452054     
          23          24  0.996436113460147     
          24          25  0.982701309153696     
          24          26  0.983658401245675     
          24          27  0.983289353762105     
          23          28  0.989985462724156     
          28          29  0.984043709235607     
          28          30  0.983928696815614     
          28          31  0.985382831822403     
          23          32  0.940960952880017     
          21          33   1.10992566675458     
          32          33  0.939245611936448     
          32          34  0.990782622516036     
          34          35  0.981052375480283     
          34          36  0.983648017740892     
          34          37  0.982229032967522     
          32          38  0.996670295221498     
          38          39  0.983167299064931     
          38          40  0.982630018284689     
          38          41  0.983742348260222     
          19          42  0.853307526679217     
          42          43   1.11421665655513     
          43          44  0.937842626921300     
          44          45  0.996122711145430     
          45          46  0.981790479506596     
          45          47  0.981683319042485     
          45          48  0.983362199508472     
          44          49  0.990854647770526     
          49          50  0.983345036144823     
          49          51  0.982551627639286     
          49          52  0.978896284270098     
          44          53  0.937467847453113     
          42          54   1.11042376848916     
          53          54  0.935952713827200     
          53          55  0.995937694037123     
          55          56  0.982310306611021     
          55          57  0.982854441392663     
          55          58  0.983150777224339     
          53          59  0.991725267503885     
          59          60  0.981534960122355     
          59          61  0.983118962844577     
          59          62  0.983101923034523     
          19          63  0.863056858343023     
          63          64   1.10955041442501     
          64          65  0.940170879359190     
          65          66  0.990950459543975     
          66          67  0.979398293335014     
          66          68  0.982516540218507     
          66          69  0.983238647630131     
          65          70  0.995881417915200     
          70          71  0.981961330912434     
          70          72  0.983603079232328     
          70          73  0.982303375982047     
          65          74  0.938080002602358     
          63          75   1.10948695530595     
          74          75  0.936052966624643     
          74          76  0.996372229375990     
          76          77  0.982806211823137     
          76          78  0.982196622983170     
          76          79  0.982326656333143     
          74          80  0.991116931184405     
          80          81  0.983363959529279     
          80          82  0.983293311902014     
          80          83  0.983248218378678     
           4          84  0.968949544476859     
          14          85  0.969237420545822     
          19          86  0.586511713315275     
          20          86  0.352591667913872     
          86          87   1.35399411490280     
          86          88   1.37912814426374     
          87          89   1.02794343278626     
          87          90   1.36929676379521     
          88          90  0.101892380754922     
          88          91   1.42681012607524     
          88          92  0.955953424096835     
          89          93   1.58198506832817     
          89          94   1.22082933127749     
          90          95   1.46366623177273     
          91          95   1.38177853224095     
          90          96  0.967402402391752     
          91          97   1.02284247972339     
          93          98   1.17977552758610     
          93          99  0.969307232689752     
          93         100  0.114310200812870     
          94         100   1.64916700382577     
          98         100   1.17997667728069     
          94         101  0.964388448792297     
          95         102  0.968784454013388     
          97         103  0.972142780913595     
          97         104  0.984926331516719     
          97         105  0.972482220627645     
         100         106  0.970383953669945     
