           1           2   1.43600871050808     
           2           3   1.39824024550513     
           3           4  0.946965187541427     
           1           5  0.109862048861081     
           3           5   1.39939766918603     
           2           6  0.101197355824176     
           5           6   1.40590392832160     
           6           7  0.970149900369165     
           1           8   1.44004641408285     
           6           8   1.40443891124339     
           1           9  0.964432608041961     
           2          10  0.963117717890202     
           5          11  0.961324247873433     
           8          12  0.963813293865226     
