   -0.14013403
    0.07893767
   -0.04012111
   -0.02050939
   -0.04230494
    0.04957556
    0.05377839
    0.05610409
    0.04579510
    0.07217645
   -0.13024612
    0.04585309
   -0.04459203
   -0.02394479
   -0.04591534
    0.04834245
    0.05111726
    0.06903266
   -0.14837030
    0.09230373
    0.39851123
   -0.40793826
    0.13024123
   -0.12110590
    0.05336095
    0.04501694
    0.05043439
   -0.11051155
    0.04741397
    0.04251207
    0.02957810
    0.13119536
   -0.40494353
   -0.11982255
    0.05067450
    0.04602874
    0.04755798
   -0.11887556
    0.04685479
    0.05128769
    0.04496486
    0.40917392
   -0.37974662
    0.12869806
   -0.12348337
    0.05200636
    0.05636971
    0.04861457
   -0.12143028
    0.04828172
    0.04555879
    0.05375923
    0.12779051
   -0.38076932
   -0.12313952
    0.05352911
    0.05332924
    0.04780668
   -0.11971222
    0.04507750
    0.04983135
    0.04924695
    0.39800404
   -0.37536308
    0.12534563
   -0.12769570
    0.05590252
    0.05324271
    0.04843597
   -0.12955193
    0.06004753
    0.04982078
    0.05369203
    0.12677711
   -0.38400933
   -0.12372373
    0.05019367
    0.05312618
    0.05356882
   -0.12359225
    0.04143721
    0.05123941
    0.05431243
    0.05224045
    0.05087348
   -0.05132124
    0.08103501
   -0.04898508
   -0.29711792
   -0.07177176
    0.07402562
    0.05531855
    0.18119808
    0.18973490
   -0.05315066
    0.03911024
   -0.23810763
    0.04560170
