           1           2   1.30523249468095     
           2           3   1.35489893045787     
           3           4   1.47752500784366     
           4           5   1.38599766462236     
           1           6   1.38598104383024     
           3           6  0.104539149296671     
           5           6   1.45804080797386     
           6           7  0.957412901167299     
           5           8  0.968468861010546     
           3           9  0.962490706127262     
           2          10   1.08656087268567     
          10          11   1.30529914632502     
          11          12   1.39140339791487     
          12          13   1.45256634042972     
          13          14   1.38973989666680     
          10          15   1.35862556139419     
          12          15  0.104265391387399     
          14          15   1.47324024350830     
          15          16  0.962311993630382     
          13          17  0.969004279102882     
          12          18  0.952082199664164     
           1          19  0.400794543591218     
          11          19  0.428153433599443     
          19          20  0.520009331432728     
          19          21  0.730968927527111     
          21          22   1.08914816706234     
          22          23  0.942780672853648     
          23          24  0.996440039415684     
          24          25  0.982623498284200     
          24          26  0.983663056422927     
          24          27  0.983250194604401     
          23          28  0.989840841320545     
          28          29  0.984018072693407     
          28          30  0.983708803819031     
          28          31  0.985439394679442     
          23          32  0.941045637979569     
          21          33   1.10955216280127     
          32          33  0.940132845588304     
          32          34  0.990735427836822     
          34          35  0.981800704332515     
          34          36  0.983689586827074     
          34          37  0.982355863102428     
          32          38  0.996597088255020     
          38          39  0.983127514616645     
          38          40  0.982584746268559     
          38          41  0.983703162521468     
          19          42  0.847333569286778     
          42          43   1.12310153324840     
          43          44  0.935981817991558     
          44          45  0.996357118840432     
          45          46  0.982041521363346     
          45          47  0.981621860137865     
          45          48  0.983219996174888     
          44          49  0.991314009420995     
          49          50  0.983148536108135     
          49          51  0.982734059128539     
          49          52  0.978867406825593     
          44          53  0.936675233341406     
          42          54   1.11259347086061     
          53          54  0.935568768801572     
          53          55  0.995415135317180     
          55          56  0.982066458841848     
          55          57  0.982796220092100     
          55          58  0.983086730668464     
          53          59  0.992377809400941     
          59          60  0.981252509851674     
          59          61  0.983115991919175     
          59          62  0.982923622556226     
          19          63  0.867667787270961     
          63          64   1.11572562064162     
          64          65  0.939676548647996     
          65          66  0.991062877755981     
          66          67  0.978850506619852     
          66          68  0.982570561279046     
          66          69  0.983221968872083     
          65          70  0.996074983290706     
          70          71  0.982018245083233     
          70          72  0.983531378073978     
          70          73  0.982106801276408     
          65          74  0.937630537716621     
          63          75   1.11217975933359     
          74          75  0.936164478934907     
          74          76  0.996225775448633     
          76          77  0.982863989466899     
          76          78  0.982186066327414     
          76          79  0.982323707456790     
          74          80  0.991342151915975     
          80          81  0.983697575331447     
          80          82  0.983117617675944     
          80          83  0.983228365928198     
           4          84  0.968898152934895     
          14          85  0.968889444669140     
          19          86  0.572151022995040     
          20          86  0.359502474030351     
          86          87   1.29205188624478     
          86          88   1.40938180468386     
          87          89   1.17818719603823     
          87          90   1.33906879433477     
          88          91   1.39395484712104     
          88          92  0.955750852813861     
          89          93  0.946779009475045     
          89          94  0.921801934651314     
          90          95   1.44541805262054     
          91          95   1.39712143112529     
          90          96  0.965256378922087     
          91          97  0.924365617350246     
          95          98  0.968153444462422     
