           1           2   1.19816891761062     
           1           3   1.33013274434681     
           3           4   1.46521067506906     
           4           5   1.39624305129612     
           5           6  0.930040550443323     
           5           7   1.39624153397099     
           1           8   1.33012784293884     
           7           8   1.46521452103371     
           2           9  0.941447845089038     
           2          10  0.941440936550809     
           3          11  0.966835108756748     
           4          12  0.967973991779362     
           7          13  0.967973902332456     
           8          14  0.966836316361457     
