   -0.11900722
    0.08069711
   -0.04044117
   -0.01936541
   -0.04062319
    0.04807189
    0.05933976
    0.06348823
    0.05213253
    0.07764942
   -0.12715114
    0.04232906
   -0.04174498
   -0.01902605
   -0.04286721
    0.05402046
    0.05440820
    0.07512197
   -0.14767914
    0.10299412
    0.40135624
   -0.40261727
    0.12911133
   -0.12414093
    0.05648087
    0.04732789
    0.05245187
   -0.11202086
    0.04993191
    0.04309597
    0.02910905
    0.12961736
   -0.39588791
   -0.12356921
    0.05214272
    0.04902786
    0.05195796
   -0.12189818
    0.04820128
    0.05478308
    0.04724611
    0.39933101
   -0.37654731
    0.12750012
   -0.12861858
    0.05658461
    0.05932693
    0.05172149
   -0.12432472
    0.05148825
    0.04933742
    0.05431558
    0.12726267
   -0.38340223
   -0.12525069
    0.05626357
    0.05362858
    0.05070540
   -0.12398896
    0.04559377
    0.05536276
    0.04732986
    0.39665183
   -0.37579523
    0.12408536
   -0.13344614
    0.06149593
    0.05481668
    0.05230760
   -0.13087283
    0.06082124
    0.05276738
    0.05285538
    0.12548238
   -0.37164272
   -0.12688817
    0.05282155
    0.05606006
    0.05650911
   -0.12570538
    0.04234440
    0.05360021
    0.05657955
    0.05981310
    0.05648088
   -0.04655978
   -0.00645948
    0.05732427
   -0.05970551
    0.05819304
   -0.23812017
    0.07463896
    0.35783145
    0.24563930
   -0.46188238
   -0.25998265
   -0.22887509
    0.01453023
    0.07449847
    0.07404539
    0.09606787
