           1           2   1.32528278607225     
           2           3   1.35784688784696     
           3           4   1.47363999190853     
           4           5   1.39547329213652     
           1           6   1.39328859079468     
           3           6  0.105633861481613     
           5           6   1.45209518045839     
           6           7  0.956087897890515     
           5           8  0.967493760630428     
           3           9  0.961841786504342     
           2          10   1.07748868093685     
          10          11   1.32072871880097     
          11          12   1.39876867220723     
          12          13   1.44704007329028     
          13          14   1.39945901738289     
          10          15   1.36175885380810     
          12          15  0.105198296515619     
          14          15   1.47004785277584     
          15          16  0.961521562938408     
          13          17  0.968557821215699     
          12          18  0.947835353021828     
           1          19  0.418033457033807     
          11          19  0.405431625016158     
          19          20  0.531835481925090     
          19          21  0.760508550505400     
          21          22   1.09720175125814     
          22          23  0.940216930221076     
          23          24  0.996790167564213     
          24          25  0.982349542560423     
          24          26  0.983320680164245     
          24          27  0.983060858584449     
          23          28  0.990281769022203     
          28          29  0.983757804458814     
          28          30  0.983880757942215     
          28          31  0.985392104831470     
          23          32  0.941177662942243     
          21          33   1.12088011739521     
          32          33  0.936803224431030     
          32          34  0.990958092160263     
          34          35  0.982070519874253     
          34          36  0.983394031238234     
          34          37  0.982178069824370     
          32          38  0.997186177403730     
          38          39  0.983002828452811     
          38          40  0.982546755979881     
          38          41  0.983461044588539     
          19          42  0.852233170716188     
          42          43   1.13114979663225     
          43          44  0.932383628022988     
          44          45  0.997201134038898     
          45          46  0.981926088660283     
          45          47  0.981143537953550     
          45          48  0.982667717832609     
          44          49  0.991322616177443     
          49          50  0.982951189179132     
          49          51  0.982235500284796     
          49          52  0.980001852238747     
          44          53  0.938721797978177     
          42          54   1.11211479138588     
          53          54  0.931178037529942     
          53          55  0.996339388273689     
          55          56  0.982119191871475     
          55          57  0.982752998421639     
          55          58  0.982761810274719     
          53          59  0.992236871104207     
          59          60  0.982345752819978     
          59          61  0.982431702625775     
          59          62  0.983070974629573     
          19          63  0.861985666311323     
          63          64   1.11629644971684     
          64          65  0.935575400265745     
          65          66  0.991600396874217     
          66          67  0.977678873283211     
          66          68  0.982357468338294     
          66          69  0.982628797861698     
          65          70  0.996452115739587     
          70          71  0.981822587491000     
          70          72  0.983133013837511     
          70          73  0.982042595400826     
          65          74  0.937097923377657     
          63          75   1.13076793376250     
          74          75  0.933095077831970     
          74          76  0.995881360408013     
          76          77  0.982583897693246     
          76          78  0.981970873227560     
          76          79  0.981419556659295     
          74          80  0.991949601127941     
          80          81  0.983622055352123     
          80          82  0.982735250123969     
          80          83  0.982899039024945     
           4          84  0.967952073816390     
          14          85  0.968169399611903     
          19          86  0.570133288653886     
          20          86  0.353579837378930     
          86          87   1.39349459670659     
          86          88   1.35186621098707     
          87          89   1.37534603861542     
          87          90  0.960743112750276     
          88          91   1.41748360359633     
          88          92  0.954014750150888     
          89          93   1.00890049601528     
          89          94   1.32250098743398     
          91          94   1.41797295092536     
          93          95   1.67955331779889     
          93          96   1.15108418094669     
          95          96  0.170929736312482     
          94          97  0.949347433850820     
          96          98  0.943297155482125     
          98          99  0.975180393596689     
          98         100  0.975824267380401     
          98         101  0.977859663974363     
