   -0.12369745
    0.07595671
   -0.04370459
   -0.02346019
   -0.04519984
    0.04737723
    0.05068823
    0.05352483
    0.04464882
    0.07194065
   -0.12705017
    0.04184824
   -0.04599506
   -0.02566458
   -0.04560912
    0.04309910
    0.04842818
    0.07408261
   -0.15621680
    0.08674254
    0.40011150
   -0.40989479
    0.13017962
   -0.12117945
    0.05332152
    0.04420030
    0.05036051
   -0.10880177
    0.04663510
    0.04095050
    0.02800087
    0.13077870
   -0.40533147
   -0.12018707
    0.05058514
    0.04524250
    0.04881224
   -0.11959503
    0.04670360
    0.05257674
    0.04449310
    0.40365500
   -0.38512511
    0.12878765
   -0.12560087
    0.05688917
    0.05461405
    0.04901409
   -0.12122948
    0.04827065
    0.04512510
    0.05095036
    0.12790681
   -0.38445627
   -0.12397574
    0.05284993
    0.05344380
    0.04750246
   -0.12189559
    0.04663517
    0.05111212
    0.04808463
    0.40046873
   -0.38011760
    0.12524156
   -0.12963252
    0.05948320
    0.05114677
    0.04962344
   -0.12916501
    0.05980914
    0.05042849
    0.05197449
    0.12688196
   -0.38213087
   -0.12441389
    0.05070479
    0.05315368
    0.05425440
   -0.12277891
    0.04080341
    0.04991209
    0.05431859
    0.05034638
    0.04687765
   -0.02431107
   -0.04164252
   -0.05700029
   -0.04501315
    0.01778933
    0.01861496
    0.04297647
   -0.03590086
    0.02495279
    0.09588351
   -0.03329228
   -0.34071971
   -0.04316229
   -0.11073755
    0.55823658
    0.04552826
    0.04340924
    0.04711400
    0.04683081
   -0.21943372
   -0.21575156
   -0.21761838
    0.04289882
    0.04729549
    0.04271510
    0.03744283
    0.04472538
    0.05126263
    0.05094801
    0.04821034
    0.03829926
