           1           2   1.30739586562827     
           2           3   1.34553783668621     
           3           4   1.48659548563505     
           4           5   1.37745092774680     
           1           6   1.38683126182222     
           3           6  0.106079244851362     
           5           6   1.46323620586449     
           6           7  0.957194372773486     
           5           8  0.968737000582608     
           3           9  0.961854866738800     
           2          10   1.09546034501006     
          10          11   1.29961906745507     
          11          12   1.38520582889879     
          12          13   1.45953724643481     
          13          14   1.38123346582159     
          10          15   1.35131519107741     
          12          15  0.105079858402144     
          14          15   1.48048280532079     
          15          16  0.961825186090232     
          13          17  0.969253627806217     
          12          18  0.948525675716561     
           1          19  0.444505283272116     
          11          19  0.435336585152298     
          19          20  0.525749969713095     
          19          21  0.722149720599306     
          21          22   1.08867225660490     
          22          23  0.943634706807590     
          23          24  0.996327116021054     
          24          25  0.982769097209890     
          24          26  0.983737644941869     
          24          27  0.983355300294789     
          23          28  0.989853893522272     
          28          29  0.984159161531786     
          28          30  0.984060956262630     
          28          31  0.985341677260332     
          23          32  0.941115534473678     
          21          33   1.10814006100997     
          32          33  0.940424431447471     
          32          34  0.990591733459264     
          34          35  0.981786560103934     
          34          36  0.983872305687672     
          34          37  0.982667704187079     
          32          38  0.996755995257477     
          38          39  0.983215531563634     
          38          40  0.982893509396779     
          38          41  0.983837073604347     
          19          42  0.862888044226061     
          42          43   1.11123124324031     
          43          44  0.937066029750341     
          44          45  0.996654543637748     
          45          46  0.979993728866796     
          45          47  0.981745086239290     
          45          48  0.983195003033214     
          44          49  0.990811961044314     
          49          50  0.983438456565175     
          49          51  0.982742492081169     
          49          52  0.980688326558078     
          44          53  0.938957376970156     
          42          54   1.10630720871521     
          53          54  0.935881268620392     
          53          55  0.995927202476396     
          55          56  0.982685854756292     
          55          57  0.982942461806323     
          55          58  0.983318400580877     
          53          59  0.991435682214355     
          59          60  0.981356414237900     
          59          61  0.983262519847792     
          59          62  0.983169738794995     
          19          63  0.875862932662711     
          63          64   1.10469296700815     
          64          65  0.940060877502893     
          65          66  0.990931414825765     
          66          67  0.977667553087286     
          66          68  0.981665503970746     
          66          69  0.983061681825874     
          65          70  0.996058046270501     
          70          71  0.981944574333159     
          70          72  0.983480665411084     
          70          73  0.982291534138606     
          65          74  0.937179915832975     
          63          75   1.11901009021165     
          74          75  0.936181605447261     
          74          76  0.995708819135525     
          76          77  0.982866408375664     
          76          78  0.982289053142197     
          76          79  0.981808466640721     
          74          80  0.991512631003825     
          80          81  0.983910670922845     
          80          82  0.983181180001534     
          80          83  0.983210074278472     
           4          84  0.969067971212301     
          14          85  0.969243288193484     
          19          86  0.582134606612236     
          20          86  0.354504053618529     
          86          87   1.32253883829542     
          86          88   1.43666500375901     
          87          89   1.50298474647238     
          88          89  0.108733652955647     
          87          90  0.964675809548141     
          88          91   1.33544198208178     
          88          92  0.954567587459763     
          89          93   1.32280043908898     
          91          93   1.22660785625076     
          89          94  0.967838034779253     
          91          95   1.16616596227708     
          93          96   1.21052136734257     
          95          97  0.987793016925631     
          95          98   1.17405186742204     
          96          98   1.55967579334187     
          96          99   1.02793826301233     
          97         100  0.977895384633937     
          98         101  0.968541000889085     
          99         102  0.985552304764015     
          99         103  0.973550550658064     
          99         104  0.974762378958402     
         100         105  0.897904567740250     
         100         106  0.901605826002464     
         100         107  0.889261330998280     
         105         108  0.983049473023956     
         105         109  0.982679993586108     
         105         110  0.989915654661077     
         106         111  0.984072811586038     
         106         112  0.989417085875205     
         106         113  0.979432975444229     
         107         114  0.983958992707828     
         107         115  0.983044503842081     
         107         116  0.994287344854956     
