   -0.12146176
    0.07613541
   -0.04306843
   -0.02272167
   -0.04394953
    0.04811669
    0.05192899
    0.05519625
    0.04614175
    0.07273332
   -0.12815066
    0.04282823
   -0.04520725
   -0.02453207
   -0.04551587
    0.04530914
    0.05033705
    0.07332954
   -0.15921984
    0.08583863
    0.40218736
   -0.40939016
    0.13017869
   -0.12146311
    0.05357010
    0.04483532
    0.05084827
   -0.10880784
    0.04731815
    0.04111122
    0.02762881
    0.13073673
   -0.40347174
   -0.12002318
    0.04941944
    0.04610439
    0.04955061
   -0.11986650
    0.04709546
    0.05306229
    0.04506523
    0.40273519
   -0.38518378
    0.12874012
   -0.12611691
    0.05633373
    0.05564351
    0.04948656
   -0.12120222
    0.04864738
    0.04568312
    0.05178905
    0.12780172
   -0.38525715
   -0.12379777
    0.05341590
    0.05360119
    0.04823937
   -0.12351876
    0.04750102
    0.05234533
    0.04851600
    0.40047829
   -0.38040257
    0.12514951
   -0.13040270
    0.05891526
    0.05369080
    0.04997271
   -0.12873538
    0.06007936
    0.05054801
    0.05143113
    0.12678815
   -0.38040595
   -0.12405062
    0.05061230
    0.05347468
    0.05461305
   -0.12225087
    0.04024012
    0.04987802
    0.05436568
    0.05232529
    0.04932497
   -0.04324572
   -0.02468850
    0.04991781
   -0.03202230
    0.01930048
   -0.28127687
    0.03779423
    0.12172013
   -0.08045593
   -0.12540523
   -0.00171658
    0.02676686
    0.21482800
    0.04768431
