           1           2   1.30805619348456     
           2           3   1.34721449242418     
           3           4   1.48479319438868     
           4           5   1.37967646834108     
           1           6   1.38627402251199     
           3           6  0.105907628826454     
           5           6   1.46211819144302     
           6           7  0.956870435305006     
           5           8  0.968532454957686     
           3           9  0.961722579531531     
           2          10   1.09344084954370     
          10          11   1.30184624818200     
          11          12   1.38675087338998     
          12          13   1.45805674957717     
          13          14   1.38312451661505     
          10          15   1.35173971748750     
          12          15  0.105230826911182     
          14          15   1.48004228894844     
          15          16  0.961672301373300     
          13          17  0.969047253400790     
          12          18  0.948239108314531     
           1          19  0.449475153869154     
          11          19  0.434617576558774     
          19          20  0.529094375725864     
          19          21  0.730726025341665     
          21          22   1.08881144236862     
          22          23  0.943039612979480     
          23          24  0.996504200554260     
          24          25  0.982752870968615     
          24          26  0.983624555370488     
          24          27  0.983308727046219     
          23          28  0.989839011678372     
          28          29  0.984121610865616     
          28          30  0.984102112062442     
          28          31  0.985373624616434     
          23          32  0.941276699053915     
          21          33   1.11043984922364     
          32          33  0.939622758245793     
          32          34  0.990653476414329     
          34          35  0.982355935915511     
          34          36  0.983759076981386     
          34          37  0.982389739921604     
          32          38  0.996800275369199     
          38          39  0.983174557653677     
          38          40  0.982849405060596     
          38          41  0.983766148184915     
          19          42  0.859461228296293     
          42          43   1.11517009641010     
          43          44  0.935866538001797     
          44          45  0.996772261689582     
          45          46  0.982143189327209     
          45          47  0.981813143808547     
          45          48  0.983085375242201     
          44          49  0.990782902894714     
          49          50  0.983444344594785     
          49          51  0.982525670993393     
          49          52  0.980087491400601     
          44          53  0.939123263219083     
          42          54   1.10608555249619     
          53          54  0.934382539107706     
          53          55  0.996081807853144     
          55          56  0.982548360472508     
          55          57  0.982866069548222     
          55          58  0.983232539050506     
          53          59  0.991589876318270     
          59          60  0.981945664144290     
          59          61  0.982951670339130     
          59          62  0.983129429456701     
          19          63  0.871982497848184     
          63          64   1.10958452114137     
          64          65  0.938250755586460     
          65          66  0.991216707160225     
          66          67  0.978346072861196     
          66          68  0.982550510195251     
          66          69  0.983087807748627     
          65          70  0.996313453927875     
          70          71  0.982039253341952     
          70          72  0.983450826537155     
          70          73  0.982338448442583     
          65          74  0.937363088765157     
          63          75   1.11801690893869     
          74          75  0.936571232844739     
          74          76  0.995637812177975     
          76          77  0.983024571555463     
          76          78  0.982362963120128     
          76          79  0.981511000310158     
          74          80  0.991249431486189     
          80          81  0.983996715087376     
          80          82  0.983191709020721     
          80          83  0.983290183154005     
           4          84  0.968858744098858     
          14          85  0.968998450191889     
          19          86  0.578186351242703     
          20          86  0.353029915264012     
          86          87   1.43997807516230     
          86          88   1.32231886789280     
          87          89   1.33015042774758     
          87          90  0.962238983903812     
          88          91   1.46685087440845     
          88          92  0.955662916868768     
          89          93   1.22150893834782     
          91          93   1.33202775150639     
          89          94   1.22626791909910     
          93          95   1.19364131247416     
          94          96   1.60728420683108     
          95          96   1.20155256258526     
          94          97  0.973499128745137     
          95          98  0.925846220303560     
          96          99  0.969079303044883     
