   -0.12517048
    0.07828348
   -0.04072880
   -0.02296066
   -0.04685804
    0.04628690
    0.04985898
    0.04947943
    0.03804876
    0.07159493
   -0.12866931
    0.03910405
   -0.04551903
   -0.02723720
   -0.04230234
    0.03960798
    0.04853939
    0.07683438
   -0.14675208
    0.08743787
    0.40854076
   -0.40925576
    0.13032028
   -0.11978197
    0.05156938
    0.04445200
    0.05088997
   -0.10972241
    0.04725968
    0.04164047
    0.02863733
    0.13109869
   -0.40677917
   -0.12176812
    0.05464937
    0.04476829
    0.04832261
   -0.11906794
    0.04561160
    0.05258114
    0.04524197
    0.40515678
   -0.38618700
    0.12893425
   -0.12536030
    0.05556193
    0.05493017
    0.04931967
   -0.12018900
    0.04812433
    0.04536924
    0.05071032
    0.12742212
   -0.37923465
   -0.12455326
    0.05333545
    0.05553306
    0.04829093
   -0.12506782
    0.04620670
    0.05249421
    0.05215668
    0.40764268
   -0.37788629
    0.12526572
   -0.12943025
    0.05718507
    0.05491238
    0.04985772
   -0.12972705
    0.06161812
    0.05023097
    0.05229451
    0.12829741
   -0.38267208
   -0.12323829
    0.05087850
    0.05268926
    0.05468476
   -0.12055258
    0.04021182
    0.04647867
    0.05456807
    0.04143231
    0.04468276
   -0.03059584
    0.01159485
   -0.04289861
   -0.06704218
   -0.04622557
   -0.04006777
    0.04047536
   -0.06520822
    0.04381543
    0.05835465
   -0.04421867
    0.02759006
    0.02524849
    0.09879107
    0.05243667
    0.05525164
    0.02705918
   -0.25640507
   -0.05369210
    0.05508549
   -0.01758147
    0.03942073
   -0.05015010
    0.03421934
    0.04292779
    0.04135047
