           1           2   1.30357071000016     
           2           3   1.34091070634910     
           3           4   1.49149885388489     
           4           5   1.37118183329691     
           1           6   1.38298484139649     
           3           6  0.105937098761587     
           5           6   1.46728771767451     
           6           7  0.957645902102648     
           5           8  0.969192370703147     
           3           9  0.962091026685332     
           2          10   1.10128948931867     
          10          11   1.28292301218391     
          11          12   1.36942718086586     
          12          13   1.46768121153723     
          13          14   1.37484668981705     
          10          15   1.35239628467044     
          12          15  0.103370888825411     
          14          15   1.47862417166962     
          15          16  0.962072174057282     
          13          17  0.969159720795280     
          12          18  0.948108589264639     
           1          19  0.440959204433741     
          11          19  0.435134168960075     
          19          20  0.554236175927220     
          19          21  0.682558965833373     
          21          22   1.09530839971245     
          22          23  0.941808278428671     
          23          24  0.996114658089380     
          24          25  0.982644981762429     
          24          26  0.983587837343695     
          24          27  0.983175156864101     
          23          28  0.990534015491612     
          28          29  0.983947089591181     
          28          30  0.983881319198151     
          28          31  0.983448513037259     
          23          32  0.940136788069775     
          21          33   1.10840213733705     
          32          33  0.938589627999658     
          32          34  0.991205672336371     
          34          35  0.979271882859595     
          34          36  0.983426918635764     
          34          37  0.981349897631309     
          32          38  0.996702359953170     
          38          39  0.983028961233304     
          38          40  0.982831463656472     
          38          41  0.983765327401883     
          19          42  0.853721206426116     
          42          43   1.10820346522253     
          43          44  0.935873055071462     
          44          45  0.996560723229543     
          45          46  0.982214525910270     
          45          47  0.981656729417685     
          45          48  0.983119148331715     
          44          49  0.990906283640818     
          49          50  0.983516457980746     
          49          51  0.982265983411416     
          49          52  0.979533867920097     
          44          53  0.939018537491293     
          42          54   1.11648952851808     
          53          54  0.933027426911363     
          53          55  0.996380402043442     
          55          56  0.982469354753886     
          55          57  0.982652026389295     
          55          58  0.983131466648717     
          53          59  0.991756088490525     
          59          60  0.981230802651469     
          59          61  0.982941099048561     
          59          62  0.982792993793635     
          19          63  0.850392751732527     
          63          64   1.10847268101971     
          64          65  0.937610984535003     
          65          66  0.991194457235601     
          66          67  0.979252900632308     
          66          68  0.982478636098895     
          66          69  0.983139702322074     
          65          70  0.996367791324397     
          70          71  0.981912860495705     
          70          72  0.983449662609239     
          70          73  0.982344232797772     
          65          74  0.938573256411612     
          63          75   1.11357750933453     
          74          75  0.935433040770536     
          74          76  0.996407513394598     
          76          77  0.982757525205154     
          76          78  0.981857407785005     
          76          79  0.981431662961167     
          74          80  0.990760450837071     
          80          81  0.984205447931255     
          80          82  0.983129855413189     
          80          83  0.983281453935316     
           4          84  0.969717802487119     
          14          85  0.969534594483590     
          19          86  0.595366476137393     
          20          86  0.328861317247850     
          86          87   1.36803041976538     
          86          88   1.37511558357980     
          87          89   1.00809411169909     
          87          90   1.39957930086750     
          88          90  0.105159677917739     
          87          91  0.101079797966857     
          88          91   1.45293149314575     
          88          92  0.958499302974643     
          89          93  0.990549043141097     
          89          94  0.972487444155398     
          89          95  0.948825457726959     
          86          96  0.100213538623810     
          90          96   1.44810373395885     
          91          96   1.41775988527590     
          90          97  0.966514464630267     
          91          98  0.969541225385856     
          93          99   1.01231326748198     
          93         100  0.955431771933060     
          93         101  0.954630714498069     
          96         102  0.970460007122545     
          99         103   1.41451890557279     
          99         104   1.37792485607607     
         103         105   1.42836672231939     
         104         105  0.116440310973088     
         104         106   1.46630983482839     
         104         107  0.969076891959418     
          99         108  0.109832803077486     
         105         108   1.43890340398762     
         106         108   1.42193272181451     
         105         109  0.963559927015658     
         106         110  0.969250823961630     
         108         111  0.970031691818620     
