   -0.12267846
    0.07529356
   -0.04366377
   -0.02369345
   -0.04515182
    0.04789925
    0.05017189
    0.05218926
    0.04331275
    0.07158640
   -0.12690648
    0.04232528
   -0.04597744
   -0.02558388
   -0.04575298
    0.04180738
    0.04813666
    0.07470189
   -0.16041602
    0.08544315
    0.40170174
   -0.41139675
    0.13049933
   -0.12046752
    0.05272793
    0.04374710
    0.04994161
   -0.10780828
    0.04610615
    0.04019593
    0.02746709
    0.13097480
   -0.40532179
   -0.11915495
    0.04889396
    0.04486607
    0.04899868
   -0.11921208
    0.04668160
    0.05251348
    0.04401269
    0.40307691
   -0.38572802
    0.12867173
   -0.12543447
    0.05516594
    0.05482758
    0.04857881
   -0.12092364
    0.04730361
    0.04435248
    0.05216202
    0.12755168
   -0.38337544
   -0.12377679
    0.05285093
    0.05384869
    0.04718489
   -0.12397206
    0.04564398
    0.05141185
    0.05028101
    0.40063857
   -0.37914251
    0.12502977
   -0.13002439
    0.05888743
    0.05362993
    0.04889578
   -0.12845433
    0.06005633
    0.04957231
    0.05103689
    0.12695712
   -0.38248042
   -0.12329583
    0.04971544
    0.05238169
    0.05413297
   -0.12146401
    0.03990471
    0.04877693
    0.05339897
    0.04912105
    0.04591506
   -0.02517175
   -0.03955572
   -0.04329474
   -0.02048631
    0.01567276
   -0.05917956
    0.03824073
    0.03802914
   -0.08030179
    0.02852087
   -0.11822203
   -0.00404942
    0.01677885
    0.19610290
    0.03501492
