           1           2   1.30462958548289     
           2           3   1.34462646502698     
           3           4   1.48757495937362     
           4           5   1.37573049870977     
           1           6   1.38519182708575     
           3           6  0.106042595615980     
           5           6   1.46451596890244     
           6           7  0.957167306114966     
           5           8  0.968883838386786     
           3           9  0.961979711206204     
           2          10   1.09731185017234     
          10          11   1.29876855078536     
          11          12   1.38400034505751     
          12          13   1.46093419793637     
          13          14   1.37919526070951     
          10          15   1.34904386603282     
          12          15  0.105337472177767     
          14          15   1.48256334902950     
          15          16  0.961978818672682     
          13          17  0.969278195002741     
          12          18  0.948189948482845     
           1          19  0.451362447638571     
          11          19  0.436795270551567     
          19          20  0.525431442898384     
          19          21  0.720003387850806     
          21          22   1.08662159114761     
          22          23  0.944140052056251     
          23          24  0.996375005257946     
          24          25  0.982858289840253     
          24          26  0.983761415829803     
          24          27  0.983414322390272     
          23          28  0.989707628620343     
          28          29  0.984231221833887     
          28          30  0.984150212503833     
          28          31  0.985337045311800     
          23          32  0.941296822125424     
          21          33   1.10624610973687     
          32          33  0.940875820456209     
          32          34  0.990526500503644     
          34          35  0.982397253250738     
          34          36  0.983906538463338     
          34          37  0.982441340501663     
          32          38  0.996668103628277     
          38          39  0.983237911636353     
          38          40  0.982903105042385     
          38          41  0.983886784354425     
          19          42  0.864925975905169     
          42          43   1.10980702127027     
          43          44  0.937774305833850     
          44          45  0.996512897247418     
          45          46  0.982316257126487     
          45          47  0.982008295026723     
          45          48  0.983294824371397     
          44          49  0.990701586493419     
          49          50  0.983610152722685     
          49          51  0.982631066903922     
          49          52  0.979606375597709     
          44          53  0.939102776763755     
          42          54   1.10483264435481     
          53          54  0.936557440087036     
          53          55  0.996143637238287     
          55          56  0.982620056701627     
          55          57  0.982866481151444     
          55          58  0.983393661542747     
          53          59  0.991045794787138     
          59          60  0.981901721468276     
          59          61  0.983298078981208     
          59          62  0.983141487779493     
          19          63  0.878030898562588     
          63          64   1.10823683817715     
          64          65  0.939960706774486     
          65          66  0.991018011726889     
          66          67  0.978567075051115     
          66          68  0.982623014627387     
          66          69  0.983246806692383     
          65          70  0.996180886771466     
          70          71  0.982054655959960     
          70          72  0.983582187133585     
          70          73  0.982392365611809     
          65          74  0.937188192474484     
          63          75   1.11363558530262     
          74          75  0.938040606721235     
          74          76  0.995464730065353     
          76          77  0.983150884456774     
          76          78  0.982466048108522     
          76          79  0.981595279476381     
          74          80  0.991096216357656     
          80          81  0.984019414574131     
          80          82  0.983309853831637     
          80          83  0.983409542863558     
           4          84  0.969191744324525     
          14          85  0.969335977975802     
          19          86  0.582185313771973     
          20          86  0.354006445390171     
          86          87   1.45841611025494     
          86          88   1.31808472948265     
          87          89   1.31264421750104     
          87          90  0.961900092805285     
          87          91  0.107328154814329     
          88          91   1.50060905399331     
          88          92  0.961040024410368     
          89          93   1.25118770508807     
          91          93   1.32611600192113     
          89          94   1.22675485304858     
          91          95  0.966636955550433     
          93          96   1.17863746366313     
          94          97   1.60539192090622     
          96          97   1.20679725412596     
          94          98  0.974364269368423     
          96          99  0.934075640812627     
          97         100  0.969956861975199     
