   -0.12204841
    0.07707336
   -0.04282476
   -0.02228139
   -0.04374899
    0.04823819
    0.05247775
    0.05507084
    0.04546731
    0.07297981
   -0.12803620
    0.04365916
   -0.04329425
   -0.02421254
   -0.04527623
    0.04481112
    0.04827323
    0.07358735
   -0.15461067
    0.08797646
    0.40119989
   -0.41010236
    0.13041103
   -0.12093006
    0.05339579
    0.04429450
    0.05019911
   -0.10839570
    0.04667475
    0.04079828
    0.02754728
    0.13099111
   -0.40443321
   -0.11982057
    0.04956875
    0.04556162
    0.04934823
   -0.11948246
    0.04669357
    0.05276236
    0.04453985
    0.40259618
   -0.38352153
    0.12847320
   -0.12594164
    0.05526949
    0.05588375
    0.04900742
   -0.12147687
    0.04782225
    0.04492053
    0.05282751
    0.12774813
   -0.38303099
   -0.12377789
    0.05325632
    0.05386190
    0.04763900
   -0.12328952
    0.04474727
    0.05192405
    0.05040180
    0.39987454
   -0.37718404
    0.12481928
   -0.13062058
    0.05942778
    0.05401099
    0.04924447
   -0.12914566
    0.06053375
    0.05012839
    0.05172961
    0.12673477
   -0.38124845
   -0.12379018
    0.05029530
    0.05280791
    0.05431999
   -0.12242852
    0.04065864
    0.04998320
    0.05406872
    0.05180083
    0.04856844
   -0.01864564
   -0.03725163
   -0.03806017
   -0.00034557
    0.02489816
   -0.03464659
    0.04280474
   -0.04613534
   -0.01183297
    0.03495186
    0.03309357
   -0.00126143
    0.06516605
    0.05056722
   -0.02573305
   -0.02929119
   -0.07386208
    0.01771594
   -0.07505326
    0.02448013
    0.01114047
    0.01326831
