           1           2   1.31033286116972     
           2           3   1.34802013598432     
           3           4   1.48377187838815     
           4           5   1.38172502878372     
           1           6   1.38869743157828     
           3           6  0.105857763925543     
           5           6   1.46023516304490     
           6           7  0.956914380677655     
           5           8  0.968562499244890     
           3           9  0.961806138480790     
           2          10   1.09216104915171     
          10          11   1.30288199735220     
          11          12   1.38614430665263     
          12          13   1.45745660244715     
          13          14   1.38322756930770     
          10          15   1.35298406233216     
          12          15  0.104897212740950     
          14          15   1.47910878728325     
          15          16  0.961702133790674     
          13          17  0.969080864648650     
          12          18  0.948535620906688     
           1          19  0.438937210335388     
          11          19  0.430517534851974     
          19          20  0.526520502212732     
          19          21  0.724110597691932     
          21          22   1.08790881266246     
          22          23  0.943568556482331     
          23          24  0.996471310560408     
          24          25  0.982717199554865     
          24          26  0.983718432283209     
          24          27  0.983335990480148     
          23          28  0.989800228362659     
          28          29  0.984132752262793     
          28          30  0.984054003468860     
          28          31  0.985355473688084     
          23          32  0.941299172943099     
          21          33   1.10933202615703     
          32          33  0.939973116790179     
          32          34  0.990699279803607     
          34          35  0.982282848344798     
          34          36  0.983815504415596     
          34          37  0.982422203642832     
          32          38  0.996836359314606     
          38          39  0.983184130131013     
          38          40  0.982800244882440     
          38          41  0.983788758155866     
          19          42  0.861106169101162     
          42          43   1.11527196525311     
          43          44  0.936682513014007     
          44          45  0.996718858964937     
          45          46  0.982198473600176     
          45          47  0.981769591588207     
          45          48  0.983175818326906     
          44          49  0.990906154247269     
          49          50  0.983454280189402     
          49          51  0.982731151178310     
          49          52  0.979410587111377     
          44          53  0.938905149284421     
          42          54   1.10680420616539     
          53          54  0.935563696730781     
          53          55  0.996240925848589     
          55          56  0.982562568558288     
          55          57  0.982826314213446     
          55          58  0.983224216133647     
          53          59  0.991441171061015     
          59          60  0.982263888181377     
          59          61  0.983129302896335     
          59          62  0.983006400080877     
          19          63  0.872693831944787     
          63          64   1.11142842086333     
          64          65  0.939137949922546     
          65          66  0.991178577743642     
          66          67  0.978257046146507     
          66          68  0.982526255998919     
          66          69  0.983076360506515     
          65          70  0.996217992423250     
          70          71  0.981933368756333     
          70          72  0.983487374569041     
          70          73  0.982260167231767     
          65          74  0.937107640013096     
          63          75   1.11760497345455     
          74          75  0.936552923048594     
          74          76  0.995685646812037     
          76          77  0.982942767666412     
          76          78  0.982355162374434     
          76          79  0.981768207708186     
          74          80  0.991475459479427     
          80          81  0.983835409164776     
          80          82  0.983181727568950     
          80          83  0.983259106511122     
           4          84  0.968907241973861     
          14          85  0.969108792246468     
          19          86  0.586946049659276     
          20          86  0.353921004688556     
          86          87   1.38951591971704     
          86          88   1.38062407949171     
          87          89   1.41356890358936     
          88          89  0.104582503446273     
          87          90  0.960781139119618     
          87          91  0.102239954742498     
          88          91   1.44424965423978     
          88          92  0.961196792476732     
          86          93  0.100268640092405     
          89          93   1.40920372745431     
          91          93   1.43273778433686     
          89          94  0.991405379009552     
          91          95  0.968889776375332     
          93          96  0.969306310531181     
          94          97  0.985340974939670     
          94          98  0.961913670891354     
          94          99  0.964117551965336     
          97         100   1.23105979966373     
          97         101   1.23104462150596     
         100         101  0.130046474275633     
         100         102   1.54608546137421     
         100         103  0.969055662177360     
         101         104   1.54221950629416     
         102         104   1.33419117299488     
         101         105  0.969727600470411     
         102         106  0.975593041749574     
         104         107  0.975415018778951     
