   -0.13497004
    0.06998338
   -0.04697691
   -0.02270440
   -0.04354871
    0.04836538
    0.07597152
    0.05492458
    0.04336411
    0.07227100
   -0.12515982
    0.04896699
   -0.04125036
   -0.02144517
   -0.04447563
    0.04276561
    0.05095983
    0.06794853
   -0.15865782
    0.09464238
    0.40458327
   -0.39811570
    0.13039828
   -0.12132407
    0.05193526
    0.04552718
    0.05433388
   -0.11091298
    0.04729252
    0.04916568
    0.02521025
    0.13152697
   -0.42163655
   -0.11580738
    0.04736709
    0.04729389
    0.04167020
   -0.11713631
    0.04214596
    0.05060685
    0.04583200
    0.40182979
   -0.38664520
    0.12964676
   -0.11936976
    0.04284438
    0.04846079
    0.05086344
   -0.12339099
    0.04920909
    0.05336401
    0.05196967
    0.12783190
   -0.38754637
   -0.11980891
    0.03958337
    0.04917947
    0.05144919
   -0.12619766
    0.05502614
    0.04990095
    0.05760881
    0.40485353
   -0.37244796
    0.12539426
   -0.12635149
    0.04664832
    0.05359924
    0.05139180
   -0.12591090
    0.05622339
    0.04756949
    0.05583168
    0.12846538
   -0.38236859
   -0.12524176
    0.05142461
    0.05432311
    0.05337958
   -0.12069547
    0.04817250
    0.04609173
    0.05031863
    0.05048542
    0.05030324
   -0.01738481
   -0.02725342
    0.00361221
   -0.03986027
    0.02800262
   -0.03674721
    0.09648593
   -0.04205032
    0.02728784
    0.03294714
   -0.25126306
   -0.04601582
    0.03288641
    0.06101901
   -0.01786358
    0.04678936
   -0.04770260
    0.03191602
    0.04273025
    0.04426495
