           1           2   1.31550804803363     
           2           3   1.35564866639564     
           3           4   1.47486334379749     
           4           5   1.39111931613752     
           1           6   1.39673103356800     
           3           6  0.105586534873959     
           5           6   1.45136419220385     
           6           7  0.952654134809972     
           5           8  0.968628503938888     
           3           9  0.962850559140706     
           2          10   1.08466456750146     
          10          11   1.31559667154246     
          11          12   1.39539356776559     
          12          13   1.44968444583701     
          13          14   1.39373902616870     
          10          15   1.35707257494910     
          12          15  0.104952323665183     
          14          15   1.47292811261936     
          15          16  0.962918879923890     
          13          17  0.968967078140551     
          12          18  0.951477878871267     
           1          19  0.402315482732785     
          11          19  0.402378049548800     
          19          20  0.504133441968827     
          19          21  0.741433667469159     
          21          22   1.10623980462381     
          22          23  0.942343957949170     
          23          24  0.996206579412708     
          24          25  0.981945522136242     
          24          26  0.983561082167727     
          24          27  0.982503323321122     
          23          28  0.989798533048442     
          28          29  0.984088253934963     
          28          30  0.983500889694076     
          28          31  0.983746158946658     
          23          32  0.940686098952367     
          21          33   1.08193922685392     
          32          33  0.942592776625402     
          32          34  0.991005483937024     
          34          35  0.982788448439029     
          34          36  0.983514070373402     
          34          37  0.982616684650748     
          32          38  0.996234283718207     
          38          39  0.983292528368085     
          38          40  0.983300657057384     
          38          41  0.983871049505587     
          19          42  0.872241133832062     
          42          43   1.11720266326850     
          43          44  0.940174204663455     
          44          45  0.989560167737680     
          45          46  0.980008553682774     
          45          47  0.981347757734292     
          45          48  0.983616787642964     
          44          49  0.996160725438097     
          49          50  0.983477517756682     
          49          51  0.982808497365135     
          49          52  0.980604966630755     
          44          53  0.940777310839064     
          42          54   1.09787877304384     
          53          54  0.935361495317413     
          53          55  0.990382369865446     
          55          56  0.984243682694981     
          55          57  0.982750541957951     
          55          58  0.983057832365643     
          53          59  0.997560474556038     
          59          60  0.978061720850937     
          59          61  0.982845349890850     
          59          62  0.982524447814390     
          19          63  0.864015828384372     
          63          64   1.09855118864063     
          64          65  0.940045692319680     
          65          66  0.990658956803896     
          66          67  0.980115839966445     
          66          68  0.982692787907356     
          66          69  0.983494220328852     
          65          70  0.995197238637152     
          70          71  0.982649252211126     
          70          72  0.983556532881587     
          70          73  0.981828991750343     
          65          74  0.938404893133989     
          63          75   1.12072551496942     
          74          75  0.935870175684857     
          74          76  0.997595720800902     
          76          77  0.983140882849016     
          76          78  0.982745492557226     
          76          79  0.979821920696201     
          74          80  0.990404865218842     
          80          81  0.981092395785664     
          80          82  0.981909339702396     
          80          83  0.983512459860133     
           4          84  0.968939223749425     
          14          85  0.968951729094097     
          19          86  0.586528801931894     
          20          86  0.361646738340528     
          86          87   1.38993325504502     
          86          88   1.35080597852502     
          87          89   1.43803159236075     
          88          89  0.101241237035297     
          87          90  0.961514522665133     
          87          91  0.104266815648698     
          88          91   1.38758193479504     
          88          92   1.02654949850137     
          89          93   1.42499673490469     
          91          93   1.44386371839955     
          89          94  0.969794581729370     
          91          95  0.966906494553401     
          92          96   1.38890094948842     
          92          97   1.37015184903381     
          93          98  0.969721779772806     
          96          99   1.44136381420089     
          97          99  0.112089653124265     
          97         100   1.45867243359498     
          97         101  0.963774260476745     
          92         102  0.107658353800004     
          99         102   1.42641037999275     
         100         102   1.42665285334425     
          99         103  0.957794079391559     
         100         104  0.968709304103813     
         102         105  0.969693365877201     
