   -0.11748146
    0.07798258
   -0.04179570
   -0.02090836
   -0.04189901
    0.04753283
    0.05702380
    0.05931220
    0.05035273
    0.07389363
   -0.12372350
    0.04155214
   -0.04326197
   -0.02297375
   -0.04491934
    0.05051818
    0.05427490
    0.07825896
   -0.15122932
    0.10242791
    0.40130701
   -0.40409183
    0.12929298
   -0.12279640
    0.05463533
    0.04566799
    0.05216667
   -0.11139321
    0.04857743
    0.04336937
    0.02912452
    0.13005810
   -0.39943819
   -0.12229695
    0.05236864
    0.04681838
    0.04993783
   -0.12092532
    0.04790228
    0.05331259
    0.04591651
    0.40023461
   -0.38141662
    0.12852096
   -0.12475241
    0.05357651
    0.05612251
    0.04901089
   -0.12258801
    0.04891967
    0.04685865
    0.05422249
    0.12728688
   -0.37983973
   -0.12478475
    0.05571432
    0.05452463
    0.04819163
   -0.12023264
    0.04231293
    0.05120092
    0.04871532
    0.39867865
   -0.37721314
    0.12461094
   -0.13064294
    0.05930849
    0.05321986
    0.05010263
   -0.12965160
    0.06007452
    0.05082674
    0.05277014
    0.12637478
   -0.37504774
   -0.12487769
    0.05096955
    0.05464189
    0.05504897
   -0.12375419
    0.04215486
    0.05098706
    0.05501698
    0.05609284
    0.05333699
   -0.02768051
   -0.03289565
   -0.04557298
   -0.04906030
    0.05427982
    0.08345436
    0.07280828
    0.07706034
    0.06870860
   -0.18704375
   -0.19333676
