           1           2   1.31653181166470     
           2           3   1.35347941649357     
           3           4   1.47836392735050     
           4           5   1.38893605280262     
           1           6   1.39105721080287     
           3           6  0.105626599713683     
           5           6   1.45592150461226     
           6           7  0.956502927615327     
           5           8  0.968040114095898     
           3           9  0.961442554644682     
           2          10   1.08520020240770     
          10          11   1.31047511783957     
          11          12   1.39193079373299     
          12          13   1.45188393229551     
          13          14   1.39239530797451     
          10          15   1.35797683491850     
          12          15  0.104986982351775     
          14          15   1.47373456389363     
          15          16  0.961316842349552     
          13          17  0.968595269599882     
          12          18  0.947499104195200     
           1          19  0.435075866526752     
          11          19  0.424756738377262     
          19          20  0.530654944128834     
          19          21  0.744147995671616     
          21          22   1.09484832799133     
          22          23  0.941719136081890     
          23          24  0.996611191785166     
          24          25  0.982559621810339     
          24          26  0.983471796154980     
          24          27  0.983096335201881     
          23          28  0.990218720517039     
          28          29  0.983925256022272     
          28          30  0.983894052110281     
          28          31  0.985277801257484     
          23          32  0.941000937692692     
          21          33   1.11503559439419     
          32          33  0.938409581879662     
          32          34  0.990863310695109     
          34          35  0.981430072310743     
          34          36  0.983532715545469     
          34          37  0.981995403443539     
          32          38  0.996987079907859     
          38          39  0.983051135921655     
          38          40  0.982742831902070     
          38          41  0.983640242357715     
          19          42  0.853571565225219     
          42          43   1.12036686957934     
          43          44  0.935259549833391     
          44          45  0.997095171513060     
          45          46  0.982215262274653     
          45          47  0.981710622807253     
          45          48  0.983084184180471     
          44          49  0.991023947896911     
          49          50  0.983315604179059     
          49          51  0.982235891057132     
          49          52  0.979413467782823     
          44          53  0.939035222476264     
          42          54   1.11236656992222     
          53          54  0.934121056578691     
          53          55  0.996212070202014     
          55          56  0.982261831642546     
          55          57  0.982747207458050     
          55          58  0.983104989762982     
          53          59  0.991767901146783     
          59          60  0.982097034411588     
          59          61  0.983106944775283     
          59          62  0.983063898279982     
          19          63  0.859588558950027     
          63          64   1.11172309891982     
          64          65  0.937773738654921     
          65          66  0.991372278396940     
          66          67  0.978470351343532     
          66          68  0.982570041868061     
          66          69  0.982990906919705     
          65          70  0.996385949780406     
          70          71  0.981976778417762     
          70          72  0.983374300348978     
          70          73  0.982123841014960     
          65          74  0.937367576924337     
          63          75   1.12507929990926     
          74          75  0.935220400810902     
          74          76  0.995926313485078     
          76          77  0.982854124194196     
          76          78  0.982068484542831     
          76          79  0.981308402154843     
          74          80  0.991502628823332     
          80          81  0.983813033926340     
          80          82  0.982992145303545     
          80          83  0.983159751240262     
           4          84  0.968437292332805     
          14          85  0.968572018002587     
          19          86  0.579423340151265     
          20          86  0.352095570343169     
          86          87   1.37493651727698     
          86          88   1.37050919872239     
          87          89   1.44044898985955     
          88          89  0.100080592775753     
          87          90  0.961961169734146     
          88          91   1.41833753950948     
          88          92  0.956113354461096     
          89          93   1.39583752029766     
          91          93   1.36052282466739     
          89          94  0.963385117439749     
          91          95  0.958639123581597     
          93          96  0.957843233782175     
