   -0.12404284
    0.07471276
   -0.04394705
   -0.02393544
   -0.04557498
    0.04848809
    0.04928883
    0.05175366
    0.04232720
    0.07087513
   -0.12845715
    0.04169049
   -0.04663287
   -0.02630059
   -0.04591097
    0.04061706
    0.04690546
    0.07483174
   -0.15771281
    0.08611155
    0.40422917
   -0.41130530
    0.13076676
   -0.12026876
    0.05295867
    0.04373480
    0.04993547
   -0.10719978
    0.04606369
    0.03996697
    0.02669488
    0.13136284
   -0.40734097
   -0.11932159
    0.04940311
    0.04505937
    0.04904051
   -0.11881874
    0.04592104
    0.05255616
    0.04419222
    0.40499346
   -0.38103955
    0.12815398
   -0.12621128
    0.05669022
    0.05486561
    0.04880813
   -0.12058741
    0.04730096
    0.04474183
    0.05129552
    0.12725127
   -0.38256452
   -0.12312636
    0.05120810
    0.05306051
    0.04745195
   -0.12430261
    0.04720282
    0.05050899
    0.04946246
    0.40361139
   -0.37553186
    0.12564993
   -0.12811672
    0.05772718
    0.05349086
    0.04880752
   -0.12896357
    0.06100532
    0.04983634
    0.05161613
    0.12707373
   -0.38438535
   -0.12338207
    0.05005851
    0.05172848
    0.05465557
   -0.12159343
    0.03936471
    0.04927031
    0.05364017
    0.04842427
    0.04474866
   -0.02260708
   -0.04440764
   -0.02212355
   -0.04723350
    0.01105786
    0.02914177
   -0.08361504
   -0.06443889
    0.01498336
   -0.02299340
   -0.01604388
    0.04725886
    0.02438321
   -0.06369577
    0.03512542
    0.06228176
    0.06465648
    0.07165211
