           1           2   1.30294678444977     
           2           3   1.34291348262212     
           3           4   1.48934976848741     
           4           5   1.37369051693992     
           1           6   1.38445542017297     
           3           6  0.106130405063940     
           5           6   1.46583373479911     
           6           7  0.956930542466988     
           5           8  0.968943407283551     
           3           9  0.962027536202716     
           2          10   1.10007499867249     
          10          11   1.29614644499570     
          11          12   1.38054483568687     
          12          13   1.46386733382254     
          13          14   1.37590021907711     
          10          15   1.34709500673345     
          12          15  0.105416138690431     
          14          15   1.48443794778188     
          15          16  0.962024124335506     
          13          17  0.969383186224165     
          12          18  0.947718755893405     
           1          19  0.453202401708942     
          11          19  0.435228405059674     
          19          20  0.531150466136203     
          19          21  0.708523978071930     
          21          22   1.08910917871235     
          22          23  0.943639269229362     
          23          24  0.996425213908528     
          24          25  0.982818272630298     
          24          26  0.983737256473505     
          24          27  0.983402076269682     
          23          28  0.989764687064811     
          28          29  0.984189961455118     
          28          30  0.984116857296154     
          28          31  0.985181202824844     
          23          32  0.941344657536382     
          21          33   1.10455180897803     
          32          33  0.940308669934273     
          32          34  0.990642993629771     
          34          35  0.982280465420843     
          34          36  0.983839158268322     
          34          37  0.982293711465549     
          32          38  0.996727678174888     
          38          39  0.983277143075505     
          38          40  0.982757025541511     
          38          41  0.983831539712136     
          19          42  0.859187614785499     
          42          43   1.11606095997139     
          43          44  0.938411805783356     
          44          45  0.995846542643130     
          45          46  0.981496382535910     
          45          47  0.981685357421741     
          45          48  0.983298663618055     
          44          49  0.990833345139938     
          49          50  0.983547297104027     
          49          51  0.983183553265521     
          49          52  0.979613018917821     
          44          53  0.937997634605055     
          42          54   1.10570079285756     
          53          54  0.936120512629006     
          53          55  0.995743744908301     
          55          56  0.982748636080352     
          55          57  0.982919306299894     
          55          58  0.983343845049974     
          53          59  0.991416787560134     
          59          60  0.978467770440654     
          59          61  0.983276386492786     
          59          62  0.983183182727961     
          19          63  0.875856261213048     
          63          64   1.11241601423946     
          64          65  0.939368115452560     
          65          66  0.991008127122351     
          66          67  0.978668416087986     
          66          68  0.982120131191068     
          66          69  0.983054403079239     
          65          70  0.996187259066068     
          70          71  0.981929500256868     
          70          72  0.983546629332349     
          70          73  0.982303871105853     
          65          74  0.937553145249896     
          63          75   1.10901752731792     
          74          75  0.937542953552959     
          74          76  0.995717832696991     
          76          77  0.982997732452725     
          76          78  0.982444030445464     
          76          79  0.982273738974928     
          74          80  0.990994603408525     
          80          81  0.983701162071924     
          80          82  0.983321820976895     
          80          83  0.983405991703286     
           4          84  0.969250270120220     
          14          85  0.969449789638489     
          19          86  0.591980473919429     
          20          86  0.345725956367284     
          86          87   1.44375608672724     
          86          88   1.28848361648403     
          87          89   1.36536982449965     
          87          90  0.962766067860359     
          88          91   1.23805207095886     
          88          92   1.22885632196311     
          89          93   1.48678409060340     
          91          93   1.32683674391599     
          89          94  0.970873086794916     
          91          95   1.17329221938302     
          92          96   1.60195766873375     
          95          96   1.18755772579224     
          92          97  0.963713864101782     
          93          98  0.967391849245661     
          95          99   1.00510736847664     
          96         100  0.967946396242763     
          99         101  0.973512973776992     
          99         102  0.975114814535768     
          99         103  0.979810640215408     
