   -0.08045255
    0.40796112
   -0.48988301
   -0.29229775
    0.12309806
   -0.12543858
   -0.12991082
    0.05419779
   -0.04803745
   -0.03548178
   -0.03936896
   -0.03524378
   -0.00874575
   -0.01017811
   -0.03577237
   -0.03944549
   -0.03483655
   -0.04634024
    0.05500733
    0.04586474
    0.06055204
    0.05136872
    0.06414013
    0.06576322
    0.06684654
    0.06032963
    0.05678876
    0.04840256
    0.04624813
    0.04722617
    0.04760706
    0.04617833
    0.04656590
    0.05728696
