           1           2   1.12504461616527     
           1           3  0.113977006234970     
           2           3   1.61890922879388     
           2           4   1.11364008295607     
           3           4  0.144759906253044     
           4           5  0.900888670047050     
           5           6   1.00418343842414     
           5           7   1.00746162187883     
           1           8   1.06088757587072     
           8           9   1.39067927037626     
           9          10   1.44573962612190     
          10          11   1.41683122996708     
           9          12  0.106082335632994     
          11          12   1.45922199657818     
           8          13   1.28730273197310     
          12          13   1.37782099932550     
          13          14   1.11813187299954     
          14          15   1.37634348971499     
          15          16   1.46004179378593     
          16          17   1.41662933941042     
          15          18  0.106776349798711     
          17          18   1.44575813920186     
           1          19   1.05888347189195     
          14          19   1.28974918294552     
          18          19   1.39219187674028     
           5          20  0.962254176936865     
           6          21  0.984263491319015     
           6          22  0.984664987286509     
           6          23  0.981445307352823     
           7          24  0.983292533867185     
           7          25  0.981235071498396     
           7          26  0.984043058233833     
           9          27  0.962355250278267     
          10          28  0.970106421495216     
          11          29  0.969981235749780     
          12          30  0.967737489992665     
          15          31  0.967765877388205     
          16          32  0.969997580680926     
          17          33  0.970273305245996     
          18          34  0.963268547129496     
