   -0.11973277
    0.07870749
   -0.04158100
   -0.01979665
   -0.04133633
    0.04816023
    0.05731798
    0.06153498
    0.05168576
    0.07524437
   -0.12902948
    0.04106049
   -0.04298139
   -0.02168370
   -0.04392786
    0.05176705
    0.05560404
    0.07756915
   -0.14514763
    0.09196629
    0.40291717
   -0.40484710
    0.12971141
   -0.12310452
    0.05529081
    0.04638307
    0.05246356
   -0.11070913
    0.04929516
    0.04285015
    0.02819056
    0.13042469
   -0.40057958
   -0.12241294
    0.05180098
    0.04771543
    0.05101923
   -0.12121613
    0.04771451
    0.05435117
    0.04670418
    0.40079203
   -0.38165114
    0.12867682
   -0.12565106
    0.05294939
    0.05745687
    0.05105723
   -0.12337370
    0.05014774
    0.04779065
    0.05513716
    0.12777872
   -0.38388190
   -0.12536414
    0.05622324
    0.05483788
    0.05002500
   -0.11908216
    0.03633166
    0.05456447
    0.04861425
    0.40014340
   -0.37803012
    0.12474701
   -0.13092049
    0.05936985
    0.05325181
    0.05158148
   -0.12989584
    0.06026977
    0.05208714
    0.05270915
    0.12640076
   -0.37465308
   -0.12542045
    0.05208749
    0.05521410
    0.05546465
   -0.12421764
    0.04203289
    0.05222056
    0.05592712
    0.05850420
    0.05566045
   -0.02348578
   -0.01436789
   -0.01800514
    0.01516506
    0.04240891
    0.02020556
    0.05827464
    0.11513910
   -0.02514147
    0.11651095
   -0.26994506
    0.04900207
   -0.26303785
