           1           2   1.32002040041847     
           2           3   1.35373613062480     
           3           4   1.47780383360362     
           4           5   1.39091773441035     
           1           6   1.39249762976780     
           3           6  0.105680357766061     
           5           6   1.45474219279538     
           6           7  0.956488370944167     
           5           8  0.967749657215495     
           3           9  0.961206298900377     
           2          10   1.08415155849236     
          10          11   1.31208108424618     
          11          12   1.39084848282587     
          12          13   1.45257637074844     
          13          14   1.39299616324649     
          10          15   1.35868353667256     
          12          15  0.104858278751574     
          14          15   1.47329821241651     
          15          16  0.961044470714218     
          13          17  0.968415789989929     
          12          18  0.947162549639492     
           1          19  0.428318710991819     
          11          19  0.416799052414175     
          19          20  0.537436692457743     
          19          21  0.735194308106001     
          21          22   1.09803825390270     
          22          23  0.940042293201887     
          23          24  0.996924904682361     
          24          25  0.982465130049915     
          24          26  0.983330015966005     
          24          27  0.983058750297747     
          23          28  0.990400336483825     
          28          29  0.983807703287824     
          28          30  0.983907144801252     
          28          31  0.985240000907103     
          23          32  0.941511654494098     
          21          33   1.11588949432811     
          32          33  0.936581600175111     
          32          34  0.991106800393558     
          34          35  0.981665240626582     
          34          36  0.983450137024499     
          34          37  0.981943952741032     
          32          38  0.997294716781611     
          38          39  0.983024713783158     
          38          40  0.982533380948721     
          38          41  0.983443216244349     
          19          42  0.850967906430127     
          42          43   1.12486412565799     
          43          44  0.933614092194425     
          44          45  0.997198919027699     
          45          46  0.982158800276738     
          45          47  0.981382536200681     
          45          48  0.982740886527688     
          44          49  0.991269043963933     
          49          50  0.983086231603226     
          49          51  0.982339007767362     
          49          52  0.978898536375518     
          44          53  0.939126369393732     
          42          54   1.10875337785087     
          53          54  0.932535434510600     
          53          55  0.996364351661342     
          55          56  0.982167409468200     
          55          57  0.982645711118488     
          55          58  0.982796590152514     
          53          59  0.992147505407242     
          59          60  0.982442848021533     
          59          61  0.982608441963488     
          59          62  0.983063066082124     
          19          63  0.855629462985491     
          63          64   1.11349593207139     
          64          65  0.936075580860914     
          65          66  0.991744883640268     
          66          67  0.978338264691688     
          66          68  0.982510672756376     
          66          69  0.982709213905530     
          65          70  0.996505854451112     
          70          71  0.981894193017046     
          70          72  0.983132418029399     
          70          73  0.982091785859586     
          65          74  0.937244707518716     
          63          75   1.12927874546302     
          74          75  0.933590616051909     
          74          76  0.995954526149456     
          76          77  0.982619952258642     
          76          78  0.981979312534164     
          76          79  0.981492518842656     
          74          80  0.991913718554694     
          80          81  0.983727358659591     
          80          82  0.982842763427384     
          80          83  0.982933314085907     
           4          84  0.968134439352484     
          14          85  0.968317563078695     
          19          86  0.587884907084612     
          20          86  0.346814109013066     
          86          87   1.38773994957731     
          86          88   1.37391522979669     
          87          89   1.34336012202025     
          87          90  0.963893891588632     
          88          91   1.36279869898407     
          88          92  0.960690520382324     
          89          93   1.09900856657673     
          89          94   1.36775813020945     
          91          94   1.35355852649580     
          91          95   1.09634839439858     
          93          96   2.78625549882178     
          94          97  0.969385011582291     
          95          98   2.79064519602058     
