   -0.12555717
    0.07595692
   -0.04345614
   -0.02200121
   -0.04367268
    0.04985272
    0.05046149
    0.05539330
    0.04685870
    0.07136855
   -0.13037322
    0.04231203
   -0.04444143
   -0.02513262
   -0.04554976
    0.04555307
    0.05159832
    0.07626149
   -0.15000329
    0.08741535
    0.40594020
   -0.40813535
    0.13032937
   -0.12094945
    0.05290455
    0.04475665
    0.05180902
   -0.10894588
    0.04775308
    0.04241960
    0.02676107
    0.13181943
   -0.40987221
   -0.12022545
    0.05076225
    0.04572315
    0.04884264
   -0.11913584
    0.04578805
    0.05263927
    0.04565784
    0.41167876
   -0.38788356
    0.13066153
   -0.12299674
    0.05526557
    0.05142031
    0.04945167
   -0.11918357
    0.04790029
    0.04567622
    0.04982951
    0.12829516
   -0.38601632
   -0.12305937
    0.04930589
    0.05402450
    0.04800049
   -0.12573850
    0.05271508
    0.05012903
    0.05235373
    0.40853720
   -0.38220858
    0.12763987
   -0.12350617
    0.05319462
    0.05185772
    0.04839677
   -0.12788715
    0.06053818
    0.04988718
    0.05242577
    0.12784447
   -0.38529720
   -0.12308463
    0.05038501
    0.05248575
    0.05474415
   -0.12137776
    0.03963212
    0.04984647
    0.05440392
    0.05285649
    0.04945413
   -0.03616442
   -0.04086473
    0.08238097
    0.00923319
    0.03412911
   -0.04887025
   -0.18660985
   -0.05127390
   -0.11973652
    0.06327512
    0.04862930
    0.05599583
    0.04231566
    0.05547609
