           1           2   1.31101478880276     
           2           3   1.34727038697819     
           3           4   1.48448714633455     
           4           5   1.38166568286306     
           1           6   1.38935550689367     
           3           6  0.106036950457812     
           5           6   1.46019497627375     
           6           7  0.957204585595659     
           5           8  0.968535728017342     
           3           9  0.961717181850083     
           2          10   1.09397696191677     
          10          11   1.30149037599075     
          11          12   1.38158574096826     
          12          13   1.46040786622730     
          13          14   1.38273597250872     
          10          15   1.35246603095358     
          12          15  0.105029472432555     
          14          15   1.47883236477444     
          15          16  0.961689973471986     
          13          17  0.968877523717241     
          12          18  0.947180528477755     
           1          19  0.435256429644566     
          11          19  0.424790926603881     
          19          20  0.539849830727545     
          19          21  0.717090141349407     
          21          22   1.09613246995159     
          22          23  0.941692232964900     
          23          24  0.996482586173308     
          24          25  0.982664541099925     
          24          26  0.983584221271654     
          24          27  0.983153665499183     
          23          28  0.990155802481353     
          28          29  0.984020585646020     
          28          30  0.984022459594235     
          28          31  0.984799148934448     
          23          32  0.941152641046590     
          21          33   1.10388523218960     
          32          33  0.938494323864635     
          32          34  0.990995691824262     
          34          35  0.981541478734989     
          34          36  0.983608540584938     
          34          37  0.981439079788795     
          32          38  0.997056277680929     
          38          39  0.983196222196846     
          38          40  0.982645776108477     
          38          41  0.983678267345110     
          19          42  0.851547654384755     
          42          43   1.12035991184579     
          43          44  0.936974870277148     
          44          45  0.995680663564693     
          45          46  0.981509917471360     
          45          47  0.982158804219769     
          45          48  0.982986047515372     
          44          49  0.991459399294586     
          49          50  0.983285601724252     
          49          51  0.982955747844644     
          49          52  0.979764620794756     
          44          53  0.936911864351173     
          42          54   1.10275273688525     
          53          54  0.934250131582665     
          53          55  0.995056180293865     
          55          56  0.982793966529180     
          55          57  0.982720107420032     
          55          58  0.983122857971574     
          53          59  0.992505549891469     
          59          60  0.979117416809151     
          59          61  0.982936908279770     
          59          62  0.982681971782366     
          19          63  0.865127149478466     
          63          64   1.10929363039957     
          64          65  0.937357768831833     
          65          66  0.991273714405645     
          66          67  0.979678510304835     
          66          68  0.982503786095697     
          66          69  0.983307083922515     
          65          70  0.996663072856786     
          70          71  0.982046020838907     
          70          72  0.983454016266631     
          70          73  0.982303424816900     
          65          74  0.938537299076910     
          63          75   1.11147720407210     
          74          75  0.935941666625748     
          74          76  0.996126004960195     
          76          77  0.982958522078582     
          76          78  0.982452825082411     
          76          79  0.982312346901348     
          74          80  0.991009487872109     
          80          81  0.984031671408218     
          80          82  0.983252294629290     
          80          83  0.983339793203825     
           4          84  0.968770400533436     
          14          85  0.968993907425912     
          19          86  0.589211617393026     
          20          86  0.343678593530628     
          86          87   1.37544730766775     
          86          88   1.36622990825227     
          87          89   1.41859139715497     
          87          90  0.958313815145749     
          87          91  0.101850750414920     
          88          91   1.39976715153450     
          88          92  0.946424782621449     
          89          93   1.39269091902691     
          91          93   1.44523014200947     
          89          94   1.02358856536493     
          91          95  0.964791645057322     
          93          96  0.967609815385169     
          94          97  0.974128428850831     
          94          98  0.985507366192820     
          94          99  0.970551685472231     
