   -0.12119465
    0.07747512
   -0.04242738
   -0.02152994
   -0.04286278
    0.04869972
    0.05294017
    0.05669093
    0.04756938
    0.07378197
   -0.12623268
    0.04352125
   -0.04297082
   -0.02312477
   -0.04523249
    0.04699707
    0.05122987
    0.07440605
   -0.15289065
    0.08997439
    0.40172157
   -0.40861466
    0.13022787
   -0.12146060
    0.05363816
    0.04495152
    0.05083382
   -0.10918459
    0.04749570
    0.04145426
    0.02813044
    0.13085600
   -0.40320276
   -0.12021689
    0.04955567
    0.04634200
    0.04957672
   -0.11995591
    0.04725676
    0.05300387
    0.04523224
    0.40234524
   -0.38309486
    0.12862255
   -0.12555137
    0.05423727
    0.05622911
    0.04952710
   -0.12173818
    0.04856011
    0.04523353
    0.05331486
    0.12784267
   -0.38375577
   -0.12413370
    0.05411581
    0.05429019
    0.04834989
   -0.12145880
    0.04236752
    0.05243280
    0.04956908
    0.40031704
   -0.37795214
    0.12510243
   -0.12975312
    0.05864202
    0.05335767
    0.04963326
   -0.12918962
    0.06008071
    0.05053756
    0.05215126
    0.12677685
   -0.38064689
   -0.12402199
    0.05065059
    0.05355028
    0.05429945
   -0.12272679
    0.04020802
    0.05070550
    0.05449248
    0.05379529
    0.05159019
   -0.02454429
   -0.03449147
   -0.03904529
   -0.00046273
    0.03825204
   -0.04096038
    0.04875657
    0.05860378
   -0.01115678
    0.04706531
   -0.21797281
   -0.10053509
   -0.10664886
    0.04843967
    0.02937186
    0.03234519
    0.04394903
    0.03713344
    0.04351182
    0.03702297
