           1           2   1.31248486620291     
           2           3   1.35051007639618     
           3           4   1.48131752031055     
           4           5   1.38485327142573     
           1           6   1.38992380225503     
           3           6  0.105701761048529     
           5           6   1.45832356977126     
           6           7  0.956782010037223     
           5           8  0.968375302677226     
           3           9  0.961665153784008     
           2          10   1.08921800569810     
          10          11   1.30646079050835     
          11          12   1.38810071248592     
          12          13   1.45596983978267     
          13          14   1.38665704878147     
          10          15   1.35422527171773     
          12          15  0.105148197319257     
          14          15   1.47742823350816     
          15          16  0.961587932301123     
          13          17  0.968930139639738     
          12          18  0.948125521082827     
           1          19  0.437309842181714     
          11          19  0.428940814967096     
          19          20  0.527910306627641     
          19          21  0.729795942193046     
          21          22   1.09047329490886     
          22          23  0.942702123174688     
          23          24  0.996597402430518     
          24          25  0.982697532731679     
          24          26  0.983594789637587     
          24          27  0.983256151722483     
          23          28  0.989938863316984     
          28          29  0.984043762265302     
          28          30  0.984035950438302     
          28          31  0.985373313929351     
          23          32  0.941253972151265     
          21          33   1.11134119237641     
          32          33  0.939174411697094     
          32          34  0.990816277939500     
          34          35  0.982387690591757     
          34          36  0.983687108114735     
          34          37  0.982384176995477     
          32          38  0.996909307573567     
          38          39  0.983127942554856     
          38          40  0.982733928261791     
          38          41  0.983695298569731     
          19          42  0.856568960432286     
          42          43   1.11791924006123     
          43          44  0.935888670731194     
          44          45  0.996773803382388     
          45          46  0.982285239809465     
          45          47  0.981546796568730     
          45          48  0.983076545001281     
          44          49  0.990922241837210     
          49          50  0.983374680567184     
          49          51  0.982804924979775     
          49          52  0.979374680959275     
          44          53  0.939033924158021     
          42          54   1.10720754654561     
          53          54  0.934515827125855     
          53          55  0.996440832557902     
          55          56  0.982439489018967     
          55          57  0.982764438717012     
          55          58  0.983079468944275     
          53          59  0.991545501721151     
          59          60  0.982439255020591     
          59          61  0.983033940222201     
          59          62  0.983116317524520     
          19          63  0.864835693408686     
          63          64   1.11212563259503     
          64          65  0.938395351052002     
          65          66  0.991353316425358     
          66          67  0.978439639113842     
          66          68  0.982592999294346     
          66          69  0.983047834851182     
          65          70  0.996290532838276     
          70          71  0.982005573036711     
          70          72  0.983404537085010     
          70          73  0.982217686138745     
          65          74  0.937575887131266     
          63          75   1.11777377996617     
          74          75  0.936139124808059     
          74          76  0.995986778716458     
          76          77  0.982903707575314     
          76          78  0.982326232463593     
          76          79  0.981951850890466     
          74          80  0.991301452400037     
          80          81  0.983703300683549     
          80          82  0.983130737127627     
          80          83  0.983234598910781     
           4          84  0.968689474389203     
          14          85  0.968782549802282     
          19          86  0.586229604039597     
          20          86  0.353378084981065     
          86          87   1.39945827426294     
          86          88   1.36581254879954     
          87          89   1.39189050362515     
          88          89  0.101388507387669     
          87          90  0.955288051489557     
          87          91  0.100583958334611     
          88          91   1.45345612781866     
          88          92  0.959370070058129     
          89          93   1.39269826730527     
          91          93   1.39649810360930     
          89          94  0.998247822264453     
          91          95  0.966889820630307     
          93          96  0.945060229389454     
          94          97  0.996431287093234     
          94          98  0.997030197930207     
          94          99  0.958205597279630     
          97         100  0.984620237306529     
          97         101  0.987576308781638     
          97         102  0.984945137531993     
          98         103  0.984285626452201     
          98         104  0.985042903050012     
          98         105  0.987313124637036     
