   -0.12076372
    0.07915649
   -0.04139146
   -0.01945551
   -0.04097536
    0.04805651
    0.05889280
    0.06302231
    0.05194973
    0.07525393
   -0.12971341
    0.04071776
   -0.04295228
   -0.02161584
   -0.04452610
    0.05256888
    0.05697006
    0.07920452
   -0.14239507
    0.10025727
    0.40227275
   -0.40326922
    0.12934709
   -0.12374543
    0.05610190
    0.04700550
    0.05253755
   -0.11141296
    0.04988439
    0.04299212
    0.02832954
    0.13004840
   -0.39818690
   -0.12365810
    0.05295938
    0.04836892
    0.05182540
   -0.12178575
    0.04780689
    0.05501913
    0.04710487
    0.40053787
   -0.37786566
    0.12831264
   -0.12766320
    0.05680412
    0.05818791
    0.05188809
   -0.12408814
    0.05081679
    0.04857963
    0.05433398
    0.12736451
   -0.38239214
   -0.12568853
    0.05569148
    0.05450335
    0.05060484
   -0.12167994
    0.04350100
    0.05601059
    0.04850551
    0.39923041
   -0.37626313
    0.12443404
   -0.13274462
    0.06141169
    0.05495500
    0.05205651
   -0.13057901
    0.06111083
    0.05253490
    0.05260533
    0.12602729
   -0.37218424
   -0.12637860
    0.05288689
    0.05562335
    0.05664764
   -0.12496552
    0.04227191
    0.05256352
    0.05654816
    0.05943250
    0.05615941
   -0.02753731
   -0.02828494
   -0.03501606
   -0.03650395
    0.05153721
    0.08267856
    0.07622312
   -0.04542794
    0.48688937
   -0.16739369
    0.06480776
   -0.21858862
   -0.21903225
   -0.22580722
