           1           2   1.32388659523761     
           2           3   1.35555374604003     
           3           4   1.47581792061716     
           4           5   1.39388511330073     
           1           6   1.39478993554526     
           3           6  0.105658483247383     
           5           6   1.45248069064616     
           6           7  0.956443165641333     
           5           8  0.967564057734151     
           3           9  0.961238645030803     
           2          10   1.08129242583262     
          10          11   1.31618220545669     
          11          12   1.39473977975174     
          12          13   1.44947947163557     
          13          14   1.39645339998654     
          10          15   1.36041398146212     
          12          15  0.104916496779502     
          14          15   1.47142862883045     
          15          16  0.961025844260548     
          13          17  0.968264266878445     
          12          18  0.946835054118246     
           1          19  0.417022943950309     
          11          19  0.408117590396581     
          19          20  0.537654754206312     
          19          21  0.744970919289964     
          21          22   1.09925035488770     
          22          23  0.939747304667010     
          23          24  0.996860969168259     
          24          25  0.982405945962054     
          24          26  0.983249919082779     
          24          27  0.983042238585082     
          23          28  0.990439357181284     
          28          29  0.983756085132437     
          28          30  0.983883438889139     
          28          31  0.985273494581449     
          23          32  0.941310463659397     
          21          33   1.11844288496768     
          32          33  0.936376359482416     
          32          34  0.991076243627405     
          34          35  0.981499228757600     
          34          36  0.983339273634877     
          34          37  0.981904358226222     
          32          38  0.997299890456998     
          38          39  0.983020805556122     
          38          40  0.982490175886410     
          38          41  0.983418327720699     
          19          42  0.852392987432980     
          42          43   1.13025937019863     
          43          44  0.931831753443638     
          44          45  0.997368886982365     
          45          46  0.981665678936747     
          45          47  0.981310376248912     
          45          48  0.982578637377239     
          44          49  0.991453955424606     
          49          50  0.982992735218033     
          49          51  0.982218852173876     
          49          52  0.979333202532154     
          44          53  0.939142737323536     
          42          54   1.11315587282588     
          53          54  0.930455747099271     
          53          55  0.996464100813154     
          55          56  0.982208845726016     
          55          57  0.982702959205124     
          55          58  0.982691183793107     
          53          59  0.992337413841434     
          59          60  0.981294008971040     
          59          61  0.982428776675358     
          59          62  0.983056250750812     
          19          63  0.855429800083093     
          63          64   1.11513817237398     
          64          65  0.935034495333742     
          65          66  0.991705900718986     
          66          67  0.977751616323106     
          66          68  0.982308550168882     
          66          69  0.982645253323443     
          65          70  0.996621230000844     
          70          71  0.981776560868131     
          70          72  0.983076854469480     
          70          73  0.982087880561380     
          65          74  0.937406364657795     
          63          75   1.13307947202909     
          74          75  0.932249462872963     
          74          76  0.996101098828326     
          76          77  0.982506115530518     
          76          78  0.981936938924097     
          76          79  0.981323641944110     
          74          80  0.992027594242638     
          80          81  0.983735601770720     
          80          82  0.982797662250333     
          80          83  0.982859744557426     
           4          84  0.968011466553249     
          14          85  0.968228080940955     
          19          86  0.586433359885197     
          20          86  0.347702273124416     
          86          87   1.37063142475609     
          86          88   1.36168183152049     
          87          89   1.41362851901624     
          87          90  0.962033605038271     
          88          91   1.43195242701630     
          88          92  0.957328459726826     
          89          93   1.39161141128754     
          91          93   1.39862530483025     
          89          94  0.950693285844529     
          91          95  0.967413179255130     
          93          96  0.966256139680415     
          94          97  0.943112824374890     
          94          98  0.939436526048689     
          94          99  0.927719038543407     
