   -0.12298950
    0.07774633
   -0.04133245
   -0.02078775
   -0.04183235
    0.04835951
    0.05544230
    0.05845032
    0.04898754
    0.07274895
   -0.12759068
    0.04308508
   -0.04294955
   -0.02222533
   -0.04491252
    0.04995718
    0.05415961
    0.07853761
   -0.16013156
    0.09791553
    0.40116386
   -0.40902146
    0.13012588
   -0.12174214
    0.05387619
    0.04508266
    0.05092262
   -0.10953589
    0.04761992
    0.04155305
    0.02816983
    0.13060680
   -0.40125667
   -0.12050401
    0.04937048
    0.04644320
    0.05022540
   -0.12035825
    0.04751650
    0.05336775
    0.04521195
    0.40384811
   -0.37946782
    0.12825753
   -0.12610506
    0.05481136
    0.05655974
    0.05005548
   -0.12292335
    0.04923293
    0.04646181
    0.05443180
    0.12742574
   -0.37924171
   -0.12499991
    0.05515501
    0.05482751
    0.04879566
   -0.12274874
    0.04413690
    0.05235244
    0.05020500
    0.39967558
   -0.37608466
    0.12463791
   -0.13154519
    0.05991624
    0.05410940
    0.05066168
   -0.12965226
    0.06051206
    0.05116040
    0.05244107
    0.12628776
   -0.37705224
   -0.12465889
    0.05103416
    0.05420923
    0.05503947
   -0.12336858
    0.04122627
    0.05078708
    0.05498809
    0.05543522
    0.05348214
    0.00435397
   -0.11613776
   -0.08455648
    0.12638385
    0.18452688
   -0.02606422
    0.02619114
   -0.29434903
   -0.03115341
    0.04338711
   -0.06111354
    0.02724930
    0.02228967
    0.02520422
