           1           2   1.31429002431143     
           2           3   1.35324571173105     
           3           4   1.47857589360022     
           4           5   1.38751827627099     
           1           6   1.38931985567089     
           3           6  0.105429327688738     
           5           6   1.45728800071365     
           6           7  0.956634347378933     
           5           8  0.968151501996120     
           3           9  0.961852088056828     
           2          10   1.08621454836105     
          10          11   1.30866301241144     
          11          12   1.39029869244419     
          12          13   1.45305291061716     
          13          14   1.39103359245265     
          10          15   1.35738191881113     
          12          15  0.104941069227591     
          14          15   1.47447811462585     
          15          16  0.961657212993995     
          13          17  0.968614347338578     
          12          18  0.947593771943571     
           1          19  0.432436596059019     
          11          19  0.429350381157176     
          19          20  0.546754777914294     
          19          21  0.739195610861356     
          21          22   1.08956885040774     
          22          23  0.942724553817763     
          23          24  0.996674781772734     
          24          25  0.982668816942426     
          24          26  0.983583508275851     
          24          27  0.983243669536411     
          23          28  0.989905718821792     
          28          29  0.984045510607744     
          28          30  0.983986831806601     
          28          31  0.985359939619697     
          23          32  0.941385696363776     
          21          33   1.11377704573834     
          32          33  0.939184191050214     
          32          34  0.990783474780433     
          34          35  0.982499294395504     
          34          36  0.983685727730081     
          34          37  0.982289835619532     
          32          38  0.996919071070280     
          38          39  0.983108848971006     
          38          40  0.982734062628822     
          38          41  0.983702899264051     
          19          42  0.855430292435886     
          42          43   1.12418565305702     
          43          44  0.934367283987139     
          44          45  0.997035586731008     
          45          46  0.982312907871376     
          45          47  0.981742152542225     
          45          48  0.982979832319254     
          44          49  0.990939924694642     
          49          50  0.983312808254394     
          49          51  0.982345201678293     
          49          52  0.979174831333795     
          44          53  0.939227816115597     
          42          54   1.11147106720986     
          53          54  0.933840114035158     
          53          55  0.996441226136666     
          55          56  0.982347233966257     
          55          57  0.982723678487761     
          55          58  0.983059408484588     
          53          59  0.991613162772637     
          59          60  0.982382798855683     
          59          61  0.983012481549979     
          59          62  0.983006043103007     
          19          63  0.862399799270649     
          63          64   1.11503166994108     
          64          65  0.937270692024747     
          65          66  0.991342096620285     
          66          67  0.978329948432914     
          66          68  0.982489050132165     
          66          69  0.982967554789762     
          65          70  0.996416461103973     
          70          71  0.981943432051863     
          70          72  0.983339816184389     
          70          73  0.982179725639786     
          65          74  0.937280638575125     
          63          75   1.12226048873287     
          74          75  0.935660885324912     
          74          76  0.995818335530745     
          76          77  0.982941701376831     
          76          78  0.982272270962995     
          76          79  0.981387489416686     
          74          80  0.991403081398891     
          80          81  0.983875927161152     
          80          82  0.983073908197846     
          80          83  0.983188489637157     
           4          84  0.968518672948456     
          14          85  0.968570664864628     
          19          86  0.593814689103444     
          20          86  0.338583566549818     
          86          87   1.16468443712509     
          86          88   1.52878220067581     
          87          89   1.19419237604900     
          87          90  0.933186592868603     
          88          91   1.24030149111152     
          89          91   1.18561386444976     
          88          92  0.968629118709141     
          89          93   1.36208659977935     
          91          94   1.35137892735631     
          93          95   1.43322099924625     
          94          96   1.46784323893323     
          95          96   1.39367068809335     
          94          97  0.969056001972836     
          95          98  0.966023502177738     
          96          99  0.971152827615171     
