   -0.12131916
    0.07827661
   -0.04156663
   -0.02169786
   -0.04274682
    0.04834327
    0.05233311
    0.05675724
    0.04765380
    0.07450931
   -0.12370736
    0.04297684
   -0.04433976
   -0.02337278
   -0.04488655
    0.04790972
    0.05273795
    0.07315962
   -0.15508918
    0.08690900
    0.40238848
   -0.41143579
    0.13058517
   -0.12125835
    0.05330890
    0.04529930
    0.05068307
   -0.10915672
    0.04771939
    0.04122592
    0.02862895
    0.13099482
   -0.40197753
   -0.11899762
    0.04768307
    0.04676698
    0.04961964
   -0.11935000
    0.04748283
    0.05265798
    0.04536408
    0.40586835
   -0.38266071
    0.12929523
   -0.12456495
    0.05495882
    0.05604610
    0.04958207
   -0.12115527
    0.04858252
    0.04484168
    0.05276083
    0.12823657
   -0.38480564
   -0.12330519
    0.05329664
    0.05353621
    0.04841253
   -0.11864115
    0.04306868
    0.05292608
    0.04851273
    0.40074640
   -0.37816714
    0.12558283
   -0.12844712
    0.05790813
    0.05382920
    0.04893847
   -0.12860994
    0.05998138
    0.05046875
    0.05164427
    0.12678099
   -0.38265738
   -0.12348105
    0.05051097
    0.05316840
    0.05386400
   -0.12256402
    0.03984423
    0.05091362
    0.05440432
    0.05413716
    0.05213992
   -0.02640763
   -0.03508438
   -0.04396787
   -0.04243792
    0.02956225
    0.06318333
    0.05315991
   -0.00380941
    0.04102322
   -0.21008503
   -0.01160909
   -0.10830312
   -0.10586037
    0.04906561
    0.03880613
    0.03582558
    0.04292320
    0.03760402
    0.04426755
    0.03534260
