           1           2   1.31057821916394     
           2           3   1.35082261056368     
           3           4   1.48125013239846     
           4           5   1.38395224566440     
           1           6   1.38714205267582     
           3           6  0.105637403815893     
           5           6   1.45982274440572     
           6           7  0.956794077089468     
           5           8  0.968352358343931     
           3           9  0.961924631291947     
           2          10   1.08937739976132     
          10          11   1.30575478199885     
          11          12   1.38659503045119     
          12          13   1.45722568120658     
          13          14   1.38575055070262     
          10          15   1.35399952296720     
          12          15  0.105289793301999     
          14          15   1.47831154252664     
          15          16  0.961787144088434     
          13          17  0.968765336900112     
          12          18  0.948770756398987     
           1          19  0.442544909322379     
          11          19  0.441109171626890     
          19          20  0.537745932131064     
          19          21  0.723940753531317     
          21          22   1.08834388521170     
          22          23  0.942168793815228     
          23          24  0.996762128823701     
          24          25  0.982654739355080     
          24          26  0.983588234752985     
          24          27  0.983244584114111     
          23          28  0.990016026730940     
          28          29  0.983962671302123     
          28          30  0.984037824306053     
          28          31  0.985396009999074     
          23          32  0.941348297121510     
          21          33   1.11444026617004     
          32          33  0.938854866376788     
          32          34  0.990915898057057     
          34          35  0.982931903765638     
          34          36  0.983653784554778     
          34          37  0.982380540598938     
          32          38  0.996706761640461     
          38          39  0.983117635170117     
          38          40  0.982614931481011     
          38          41  0.983681920733722     
          19          42  0.850781259637473     
          42          43   1.11981353359799     
          43          44  0.935144114323996     
          44          45  0.996745818703909     
          45          46  0.981788049490266     
          45          47  0.981349576667481     
          45          48  0.983052038649230     
          44          49  0.991056219917569     
          49          50  0.983185553898065     
          49          51  0.982546184072975     
          49          52  0.979476821868024     
          44          53  0.938263872116831     
          42          54   1.10925428808428     
          53          54  0.933653893729290     
          53          55  0.995993896850087     
          55          56  0.982372242842366     
          55          57  0.982831659711282     
          55          58  0.982998276865678     
          53          59  0.992284312303330     
          59          60  0.981569010053467     
          59          61  0.982830841307048     
          59          62  0.983090934760088     
          19          63  0.861533935001731     
          63          64   1.11367498370994     
          64          65  0.938159103745459     
          65          66  0.991449554096721     
          66          67  0.978095396710943     
          66          68  0.982486575446935     
          66          69  0.983059822440220     
          65          70  0.996277864283532     
          70          71  0.982015883591337     
          70          72  0.983383494082861     
          70          73  0.982256370819315     
          65          74  0.937426884823953     
          63          75   1.11626378146243     
          74          75  0.936158783565511     
          74          76  0.995815117083550     
          76          77  0.982910495729016     
          76          78  0.982384251700034     
          76          79  0.981803942851321     
          74          80  0.991420245424909     
          80          81  0.983669400832274     
          80          82  0.983124225127805     
          80          83  0.983226087381988     
           4          84  0.968659163220182     
          14          85  0.968726745377574     
          19          86  0.594319906658840     
          20          86  0.342308309030169     
          86          87   1.37771787041649     
          86          88   1.37243658941831     
          87          89   1.44705751042275     
          88          89  0.103369260441087     
          87          90  0.963953239583869     
          88          91   1.42995186668602     
          88          92  0.958390972970370     
          89          93   1.39345197446933     
          91          93   1.37864310087662     
          89          94  0.962077198227379     
          91          95  0.942065299879142     
          93          96   1.00016704151399     
          96          97  0.999785520462914     
          96          98  0.992889903641865     
          96          99  0.958026331324340     
          97         100  0.983762073748238     
          97         101  0.987388168751168     
          97         102  0.985528954531281     
          98         103  0.985870058897439     
          98         104  0.984655202749401     
          98         105  0.987422708188533     
