   -0.12882960
    0.07974442
   -0.04227112
   -0.02196519
   -0.04415917
    0.04888038
    0.05070218
    0.05415669
    0.04379954
    0.07255796
   -0.13024520
    0.04337035
   -0.04579403
   -0.02635476
   -0.04628140
    0.04396663
    0.04819398
    0.06948402
   -0.14916666
    0.09096887
    0.40587086
   -0.40720120
    0.13044902
   -0.12047387
    0.05358304
    0.04490303
    0.05043215
   -0.10908672
    0.04760188
    0.04173321
    0.02699587
    0.13161415
   -0.40759499
   -0.12192470
    0.05413651
    0.04559100
    0.04912737
   -0.11925077
    0.04568207
    0.05265955
    0.04544325
    0.40551741
   -0.38644384
    0.12876222
   -0.12797991
    0.05819147
    0.05633056
    0.04961754
   -0.12120311
    0.04743175
    0.04648623
    0.05262310
    0.12778529
   -0.38328017
   -0.12304227
    0.05171851
    0.05276048
    0.04885290
   -0.12513345
    0.05262112
    0.05265421
    0.04904373
    0.40127890
   -0.37472938
    0.12497348
   -0.13097161
    0.05570850
    0.05731983
    0.05085860
   -0.12992997
    0.06128417
    0.05031804
    0.05343115
    0.12770294
   -0.38294466
   -0.12440381
    0.05095821
    0.05232194
    0.05578797
   -0.12178702
    0.03971286
    0.04863601
    0.05462565
    0.05074486
    0.04684853
   -0.05282765
    0.02837484
    0.09776440
   -0.06735448
   -0.10792515
   -0.26833813
   -0.14673838
    0.04072221
    0.02428541
    0.04577414
    0.05172964
    0.03465151
    0.07920364
    0.06852665
    0.06585652
    0.02418729
