           1           2   1.30669988196579     
           2           3   1.35102301621072     
           3           4   1.48116846261133     
           4           5   1.38403532742333     
           1           6   1.39168380471744     
           3           6  0.105008861723514     
           5           6   1.45723668188123     
           6           7  0.957011003023168     
           5           8  0.968702752285015     
           3           9  0.961882846842799     
           2          10   1.09237330205228     
          10          11   1.29896886061554     
          11          12   1.38553516741453     
          12          13   1.45745439403725     
          13          14   1.38438656080226     
          10          15   1.35602792398620     
          12          15  0.104124949960368     
          14          15   1.47568564149760     
          15          16  0.961779345570139     
          13          17  0.969275338497420     
          12          18  0.950510624378150     
           1          19  0.416274782236555     
          11          19  0.424782467993191     
          19          20  0.520036449807025     
          19          21  0.713753400071540     
          21          22   1.09371613245078     
          22          23  0.942053405816066     
          23          24  0.996316378278367     
          24          25  0.982644957282243     
          24          26  0.983625351604133     
          24          27  0.983263390081839     
          23          28  0.989969119363875     
          28          29  0.984022349877261     
          28          30  0.983744481912622     
          28          31  0.985009998114407     
          23          32  0.941336193515644     
          21          33   1.10814441553911     
          32          33  0.937768110954447     
          32          34  0.991025473087365     
          34          35  0.980345807385622     
          34          36  0.983541942206190     
          34          37  0.981665339247953     
          32          38  0.997120892862496     
          38          39  0.983251346638595     
          38          40  0.982578243578192     
          38          41  0.983622785790210     
          19          42  0.853746028397243     
          42          43   1.10676205864643     
          43          44  0.935640477023195     
          44          45  0.996242220980018     
          45          46  0.981091711426877     
          45          47  0.981590279900135     
          45          48  0.983071780787731     
          44          49  0.991276129089815     
          49          50  0.983379941048188     
          49          51  0.982995945653641     
          49          52  0.978397393104885     
          44          53  0.937954088040763     
          42          54   1.11517102830756     
          53          54  0.932690816600541     
          53          55  0.996002903283876     
          55          56  0.982510406009978     
          55          57  0.982839824214405     
          55          58  0.983067869074263     
          53          59  0.992261523313702     
          59          60  0.981581416210024     
          59          61  0.982667041910858     
          59          62  0.982886596214389     
          19          63  0.876512242003516     
          63          64   1.11337783475855     
          64          65  0.937749083893821     
          65          66  0.991124283519988     
          66          67  0.979783427966363     
          66          68  0.981978738473946     
          66          69  0.983050385006500     
          65          70  0.996696273062934     
          70          71  0.981937285997581     
          70          72  0.983335587225287     
          70          73  0.982266979463953     
          65          74  0.939080816771475     
          63          75   1.11158053258556     
          74          75  0.935240070759007     
          74          76  0.996544587833808     
          76          77  0.982756550577736     
          76          78  0.982224944764448     
          76          79  0.982215567963107     
          74          80  0.990895558164315     
          80          81  0.983514235464773     
          80          82  0.983359346007298     
          80          83  0.983250541484933     
           4          84  0.969017734163866     
          14          85  0.969286910586269     
          19          86  0.575333640903361     
          20          86  0.361522962333853     
          86          87   1.39090007565606     
          86          88   1.31572229162809     
          87          89   1.37206509260850     
          87          90   1.01971785283095     
          88          91   1.42498210524565     
          88          92   1.02357227451384     
          89          93   1.45427324230867     
          91          93   1.40088010947940     
          89          94  0.967121590035699     
          90          95  0.973666136029059     
          90          96  0.971255130058190     
          90          97  0.970586769916055     
          92          98  0.948587391827440     
          92          99  0.961942756404662     
          92         100  0.982444163094293     
          93         101  0.963267337616660     
