   -0.21805600
    0.07929303
   -0.05999812
   -0.03527512
   -0.08441759
    0.01709532
    0.02527082
    0.02787645
    0.02294389
    0.08432538
   -0.15454389
    0.04521994
   -0.04520448
   -0.01821352
   -0.04491650
    0.04339751
    0.05110071
    0.08066054
   -0.11203623
    0.07354824
    0.37396833
   -0.40478002
    0.12981127
   -0.12201341
    0.05394006
    0.04150408
    0.05090981
   -0.10769297
    0.04324657
    0.03891266
    0.02744101
    0.13026451
   -0.40664234
   -0.12200579
    0.05260687
    0.04322278
    0.04746695
   -0.11846816
    0.04498529
    0.04989949
    0.04151967
    0.42094926
   -0.36885625
    0.12769591
   -0.13141714
    0.06051413
    0.06092549
    0.05355798
   -0.12554890
    0.05308831
    0.05196629
    0.05405360
    0.12759735
   -0.37104658
   -0.12647414
    0.05610830
    0.05583247
    0.05190499
   -0.12858610
    0.05218261
    0.05527649
    0.05216997
    0.39339923
   -0.37042789
    0.12353730
   -0.13505566
    0.05925365
    0.05850698
    0.05427751
   -0.13312665
    0.06328442
    0.05280709
    0.05538531
    0.12552572
   -0.37146991
   -0.12760272
    0.05305752
    0.05500267
    0.05788376
   -0.12732237
    0.04639362
    0.05172476
    0.05626367
    0.03158731
    0.05042253
   -0.05777891
    0.09328356
   -0.04009556
    0.00981687
   -0.33526078
   -0.11940457
   -0.02976512
   -0.05840449
    0.60999226
    0.06452075
    0.04887547
    0.03799730
   -0.04410428
   -0.04847031
    0.02066789
   -0.13790468
   -0.22784790
   -0.21922504
   -0.05068154
    0.02828024
    0.02035127
    0.09435959
    0.08151628
    0.04920674
    0.06140630
    0.06256608
    0.05704810
    0.04987016
    0.04660431
    0.04025372
    0.02095738
