           1           2  0.964926506700888     
           2           3  0.979682596840383     
           3           4   1.81784259628381     
           1           5  0.102344411330124     
           4           5   1.13575956884763     
           1           6   1.20490603966503     
           3           6  0.104029259651924     
           5           6   1.68428325376767     
           6           7  0.968791558276655     
           5           8  0.970195719275407     
           3           9  0.966421534029381     
           2          10  0.965589780972743     
          10          11   1.39860043654102     
          11          12   1.40644968336099     
          10          13  0.109187437942038     
          12          13   1.44004876330497     
          13          14   1.42540674637169     
          10          15   1.39533213977994     
          12          15  0.111681991554403     
          14          15   1.45249921830758     
          15          16  0.966484751296069     
          13          17  0.968906173875134     
          12          18  0.944730201763244     
          11          19  0.264109647655173     
          19          20  0.564967164576073     
          19          21  0.763584405162022     
          21          22   1.08928129230350     
          22          23  0.945125971476978     
          23          24  0.996365820784018     
          24          25  0.982553613746194     
          24          26  0.983874114171255     
          24          27  0.983155957264816     
          23          28  0.989742854784899     
          28          29  0.984232810396498     
          28          30  0.982802122133052     
          28          31  0.985591691166005     
          23          32  0.941124428045385     
          21          33   1.09915092005305     
          32          33  0.945002748561342     
          32          34  0.990130329125511     
          34          35  0.981581537141294     
          34          36  0.983844208074885     
          34          37  0.981257860690059     
          32          38  0.996381660945452     
          38          39  0.983435047859764     
          38          40  0.982990685853580     
          38          41  0.984177271899644     
          19          42  0.893717624990861     
          42          43   1.13581127233015     
          43          44  0.926942355637745     
          44          45  0.997569344563401     
          45          46  0.980425228216499     
          45          47  0.981432115559071     
          45          48  0.982292218118935     
          44          49  0.992368700380910     
          49          50  0.982616478666606     
          49          51  0.982033979603828     
          49          52  0.978955170350832     
          44          53  0.937771558866852     
          42          54   1.11136914244298     
          53          54  0.926886340904051     
          53          55  0.996797423461785     
          55          56  0.981890793303991     
          55          57  0.982406486604585     
          55          58  0.982480115402429     
          53          59  0.992537942088844     
          59          60  0.979405257391234     
          59          61  0.982313473234709     
          59          62  0.982457831547668     
          19          63  0.894566818997579     
          63          64   1.12051453843015     
          64          65  0.933787229846971     
          65          66  0.991506286851970     
          66          67  0.978895037809555     
          66          68  0.981599184644199     
          66          69  0.982317497154148     
          65          70  0.997114038775709     
          70          71  0.981524024728527     
          70          72  0.982901719609807     
          70          73  0.981922567186408     
          65          74  0.937077653139622     
          63          75   1.13212731574455     
          74          75  0.933311975269199     
          74          76  0.995731833422581     
          76          77  0.982556675220304     
          76          78  0.981936685916560     
          76          79  0.981276722985653     
          74          80  0.991964845279951     
          80          81  0.983699729032883     
          80          82  0.982809681993863     
          80          83  0.982846907169060     
           4          84  0.966622290492500     
          14          85  0.968452621278487     
          19          86  0.578778925653118     
          20          86  0.340255540782718     
          86          87   1.13643532647498     
          86          88   1.48924131325686     
          87          89   1.16384357656253     
          87          90  0.973061946542060     
          88          91   1.02605833710090     
          88          92   1.22017801795749     
          89          92   1.20978302459917     
          89          93   1.34572950192199     
           1          94  0.927366864291316     
          90          94   1.01208674755252     
          91          95  0.973308336073952     
          91          96  0.968783138737264     
          91          97  0.976368053194493     
          92          98   1.32703696298105     
          93          98  0.105735786516185     
          93          99   1.47935468345074     
          93         100  0.967099383583986     
           2         101  0.988356038063779     
          94         102  0.901400243842165     
          94         103  0.876471975008468     
          98         104   1.49864523228863     
          99         104   1.37091954296362     
          98         105  0.968735355318747     
          99         106  0.972447987067836     
         101         107  0.893486471747752     
         101         108  0.963927015833453     
         101         109  0.981923740872152     
         102         110  0.970843886530728     
         102         111  0.981648324374260     
         102         112  0.980670667289568     
         103         113  0.980730088090994     
         103         114  0.985652254898957     
         103         115  0.990114404854838     
         104         116  0.971951800593509     
