           1           2   1.02596918715171     
           1           3   1.41727122952938     
           3           4   1.44024026435101     
           1           5  0.109763300081734     
           4           5   1.44312184939380     
           3           6  0.109572109657692     
           5           6   1.43261444991821     
           1           7   1.40542147038064     
           4           7  0.112018356241888     
           6           7   1.45293777508171     
           2           8  0.985649723437523     
           2           9  0.972265203410861     
           2          10  0.971733591321343     
           3          11  0.969112694443580     
           4          12  0.971246889305803     
           5          13  0.971603784583219     
           6          14  0.971191330156017     
           7          15  0.970161649765969     
